
Integration time [ms]:   1.000
Averaging Nr. [scans]: 1
Smoothing Nr. [pixels]: 0
Data measured with spectrometer [name]: NIR
Wave   ;Sample   ;Dark     ;Reference
[nm]   ;[counts] ;[counts] ;[counts] 

691.496;   35.975;  163.125;    0.000
691.696;   49.975;  208.125;    0.000
691.896;   -3.025;  111.125;    0.000
692.096;   33.975;  178.125;    0.000
692.296;   -5.025;   93.125;    0.000
692.496;   21.975;  161.125;    0.000
692.695;    0.975;  135.125;    0.000
692.895;   32.975;  179.125;    0.000
693.095;   22.975;  158.125;    0.000
693.295;   59.975;  168.125;    0.000
693.495;   40.975;  170.125;    0.000
693.695;   56.975;  155.125;    0.000
693.894;   50.975;  151.125;    0.000
694.094;   55.975;  164.125;    0.000
694.294;   55.975;  129.125;    0.000
694.494;  430.975;  170.125;    0.000
694.693; 3990.975;  137.125;    0.000
694.893; 4493.975;  163.125;    0.000
695.093; 4513.975;  121.125;    0.000
695.293; 4409.975;  144.125;    0.000
695.492; 4471.975;   88.125;    0.000
695.692; 4565.975;  148.125;    0.000
695.891; 4684.975;  125.125;    0.000
696.091; 4548.975;  184.125;    0.000
696.291; 4602.975;  153.125;    0.000
696.490; 4777.975;  131.125;    0.000
696.690; 4784.975;  123.125;    0.000
696.889; 4750.975;  180.125;    0.000
697.089; 4602.975;  147.125;    0.000
697.288; 4677.975;  164.125;    0.000
697.488; 4764.975;  133.125;    0.000
697.687; 4764.975;  153.125;    0.000
697.887; 4775.975;  119.125;    0.000
698.086; 4789.975;  143.125;    0.000
698.286; 4678.975;  125.125;    0.000
698.485; 4724.975;  120.125;    0.000
698.684; 4752.975;  116.125;    0.000
698.884; 4691.975;  131.125;    0.000
699.083; 4694.975;  115.125;    0.000
699.282; 4673.975;  144.125;    0.000
699.482; 4680.975;  109.125;    0.000
699.681; 4772.975;  115.125;    0.000
699.880; 4921.975;  125.125;    0.000
700.080; 4855.975;  139.125;    0.000
700.279; 4730.975;  111.125;    0.000
700.478; 4936.975;  146.125;    0.000
700.677; 4880.975;  131.125;    0.000
700.877; 4922.975;  156.125;    0.000
701.076; 4891.975;  153.125;    0.000
701.275; 4899.975;  123.125;    0.000
701.474; 4792.975;  150.125;    0.000
701.673; 4866.975;   97.125;    0.000
701.872; 4977.975;  139.125;    0.000
702.071; 4921.975;  108.125;    0.000
702.271; 4937.975;  125.125;    0.000
702.470; 5026.975;  108.125;    0.000
702.669; 5049.975;  102.125;    0.000
702.868; 5024.975;  153.125;    0.000
703.067; 4906.975;  145.125;    0.000
703.266; 4898.975;   96.125;    0.000
703.465; 4953.975;  165.125;    0.000
703.664; 4998.975;  106.125;    0.000
703.863; 5048.975;  144.125;    0.000
704.062; 5045.975;   86.125;    0.000
704.260; 5115.975;   99.125;    0.000
704.459; 5020.975;  112.125;    0.000
704.658; 5089.975;  106.125;    0.000
704.857; 5066.975;  129.125;    0.000
705.056; 5108.975;   98.125;    0.000
705.255; 5091.975;   97.125;    0.000
705.454; 4996.975;  101.125;    0.000
705.652; 5132.975;  142.125;    0.000
705.851; 5053.975;  100.125;    0.000
706.050; 5086.975;  162.125;    0.000
706.249; 5157.975;  146.125;    0.000
706.447; 5142.975;  120.125;    0.000
706.646; 5112.975;  114.125;    0.000
706.845; 5108.975;  117.125;    0.000
707.043; 5171.975;  136.125;    0.000
707.242; 5158.975;   90.125;    0.000
707.441; 5111.975;  131.125;    0.000
707.639; 5152.975;  120.125;    0.000
707.838; 5182.975;  122.125;    0.000
708.037; 5063.975;  109.125;    0.000
708.235; 5177.975;  122.125;    0.000
708.434; 5195.975;  109.125;    0.000
708.632; 5178.975;   47.125;    0.000
708.831; 5155.975;  122.125;    0.000
709.029; 5199.975;  130.125;    0.000
709.228; 5290.975;  112.125;    0.000
709.426; 5219.975;  128.125;    0.000
709.625; 5249.975;  129.125;    0.000
709.823; 5349.975;  130.125;    0.000
710.022; 5199.975;   90.125;    0.000
710.220; 5373.975;  131.125;    0.000
710.418; 5321.975;  133.125;    0.000
710.617; 5394.975;   82.125;    0.000
710.815; 5360.975;   90.125;    0.000
711.013; 5457.975;   86.125;    0.000
711.212; 5450.975;  117.125;    0.000
711.410; 5470.975;  106.125;    0.000
711.608; 5505.975;  138.125;    0.000
711.807; 5400.975;  116.125;    0.000
712.005; 5508.975;   82.125;    0.000
712.203; 5491.975;   90.125;    0.000
712.401; 5447.975;  124.125;    0.000
712.599; 5506.975;   64.125;    0.000
712.798; 5578.975;  113.125;    0.000
712.996; 5614.975;  100.125;    0.000
713.194; 5653.975;  130.125;    0.000
713.392; 5535.975;   89.125;    0.000
713.590; 5643.975;  105.125;    0.000
713.788; 5747.975;  100.125;    0.000
713.986; 5713.975;  117.125;    0.000
714.184; 5596.975;   72.125;    0.000
714.382; 5727.975;   88.125;    0.000
714.580; 5715.975;   88.125;    0.000
714.778; 5807.975;  129.125;    0.000
714.976; 5730.975;   90.125;    0.000
715.174; 5782.975;  119.125;    0.000
715.372; 6067.975;  117.125;    0.000
715.570; 6107.975;  101.125;    0.000
715.768; 6377.975;  122.125;    0.000
715.966; 6439.975;  114.125;    0.000
716.164; 6293.975;  135.125;    0.000
716.362; 6221.975;  126.125;    0.000
716.560; 6285.975;  126.125;    0.000
716.758; 6076.975;   98.125;    0.000
716.955; 6261.975;   76.125;    0.000
717.153; 6078.975;   45.125;    0.000
717.351; 6062.975;  106.125;    0.000
717.549; 6060.975;  108.125;    0.000
717.746; 6118.975;   66.125;    0.000
717.944; 6102.975;  127.125;    0.000
718.142; 6061.975;  148.125;    0.000
718.340; 6153.975;   94.125;    0.000
718.537; 6044.975;  107.125;    0.000
718.735; 6115.975;  130.125;    0.000
718.933; 5981.975;  111.125;    0.000
719.130; 6008.975;  107.125;    0.000
719.328; 6050.975;  128.125;    0.000
719.525; 5986.975;  141.125;    0.000
719.723; 6019.975;  122.125;    0.000
719.920; 5982.975;   85.125;    0.000
720.118; 5996.975;  115.125;    0.000
720.316; 6147.975;  153.125;    0.000
720.513; 6161.975;  120.125;    0.000
720.711; 6119.975;  134.125;    0.000
720.908; 6053.975;  126.125;    0.000
721.105; 6094.975;  119.125;    0.000
721.303; 5983.975;  112.125;    0.000
721.500; 6176.975;  125.125;    0.000
721.698; 6093.975;   94.125;    0.000
721.895; 6254.975;  118.125;    0.000
722.092; 6083.975;   77.125;    0.000
722.290; 6227.975;  135.125;    0.000
722.487; 6050.975;  154.125;    0.000
722.684; 6112.975;  122.125;    0.000
722.882; 6165.975;   90.125;    0.000
723.079; 6105.975;  132.125;    0.000
723.276; 6039.975;   95.125;    0.000
723.473; 6215.975;  106.125;    0.000
723.671; 6082.975;   80.125;    0.000
723.868; 6288.975;  112.125;    0.000
724.065; 6220.975;  107.125;    0.000
724.262; 6167.975;  119.125;    0.000
724.459; 6289.975;   80.125;    0.000
724.656; 6219.975;  109.125;    0.000
724.854; 6320.975;  107.125;    0.000
725.051; 6332.975;  103.125;    0.000
725.248; 6229.975;  101.125;    0.000
725.445; 6236.975;   93.125;    0.000
725.642; 6047.975;   92.125;    0.000
725.839; 6314.975;  157.125;    0.000
726.036; 6376.975;   71.125;    0.000
726.233; 6330.975;   80.125;    0.000
726.430; 6396.975;  146.125;    0.000
726.627; 6369.975;  103.125;    0.000
726.824; 6335.975;   46.125;    0.000
727.021; 6320.975;  149.125;    0.000
727.218; 6261.975;   87.125;    0.000
727.414; 6272.975;  112.125;    0.000
727.611; 6328.975;  111.125;    0.000
727.808; 6461.975;  122.125;    0.000
728.005; 6320.975;   58.125;    0.000
728.202; 6460.975;  129.125;    0.000
728.399; 6376.975;  111.125;    0.000
728.595; 6294.975;   93.125;    0.000
728.792; 6446.975;   78.125;    0.000
728.989; 6392.975;  104.125;    0.000
729.186; 6464.975;  110.125;    0.000
729.382; 6330.975;   93.125;    0.000
729.579; 6385.975;  102.125;    0.000
729.776; 6315.975;  112.125;    0.000
729.972; 6556.975;  101.125;    0.000
730.169; 6588.975;  150.125;    0.000
730.366; 6447.975;   92.125;    0.000
730.562; 6398.975;   74.125;    0.000
730.759; 6489.975;   97.125;    0.000
730.955; 6434.975;   86.125;    0.000
731.152; 6478.975;   88.125;    0.000
731.348; 6447.975;  117.125;    0.000
731.545; 6411.975;   62.125;    0.000
731.741; 6516.975;   84.125;    0.000
731.938; 6551.975;  108.125;    0.000
732.134; 6403.975;  115.125;    0.000
732.331; 6471.975;   88.125;    0.000
732.527; 6551.975;   96.125;    0.000
732.724; 6594.975;  103.125;    0.000
732.920; 6641.975;   93.125;    0.000
733.116; 6585.975;  109.125;    0.000
733.313; 6715.975;   77.125;    0.000
733.509; 6677.975;   81.125;    0.000
733.705; 6663.975;  141.125;    0.000
733.902; 6622.975;   88.125;    0.000
734.098; 6508.975;   56.125;    0.000
734.294; 6617.975;  122.125;    0.000
734.490; 6654.975;  102.125;    0.000
734.687; 6587.975;   70.125;    0.000
734.883; 6681.975;   73.125;    0.000
735.079; 6574.975;   65.125;    0.000
735.275; 6622.975;  112.125;    0.000
735.471; 6623.975;  124.125;    0.000
735.667; 6621.975;   94.125;    0.000
735.863; 6802.975;  106.125;    0.000
736.060; 6621.975;  106.125;    0.000
736.256; 6771.975;   95.125;    0.000
736.452; 6875.975;  103.125;    0.000
736.648; 6816.975;  106.125;    0.000
736.844; 6683.975;   98.125;    0.000
737.040; 6794.975;  118.125;    0.000
737.236; 6845.975;   95.125;    0.000
737.432; 6877.975;   59.125;    0.000
737.628; 6914.975;  120.125;    0.000
737.824; 6915.975;   78.125;    0.000
738.019; 6873.975;   98.125;    0.000
738.215; 6758.975;  127.125;    0.000
738.411; 6898.975;  111.125;    0.000
738.607; 6829.975;   69.125;    0.000
738.803; 6827.975;   40.125;    0.000
738.999; 7024.975;  128.125;    0.000
739.195; 6959.975;   81.125;    0.000
739.390; 7075.975;   97.125;    0.000
739.586; 6990.975;  100.125;    0.000
739.782; 7121.975;  135.125;    0.000
739.978; 7072.975;  121.125;    0.000
740.173; 7095.975;   92.125;    0.000
740.369; 7093.975;   92.125;    0.000
740.565; 7085.975;  119.125;    0.000
740.760; 7118.975;  139.125;    0.000
740.956; 7106.975;  134.125;    0.000
741.152; 7175.975;  107.125;    0.000
741.347; 7202.975;   63.125;    0.000
741.543; 7150.975;   99.125;    0.000
741.738; 7317.975;  119.125;    0.000
741.934; 7515.975;  156.125;    0.000
742.129; 7649.975;   87.125;    0.000
742.325; 8251.975;  143.125;    0.000
742.520; 8679.975;  109.125;    0.000
742.716; 8422.975;  135.125;    0.000
742.911; 8147.975;   77.125;    0.000
743.107; 8134.975;  117.125;    0.000
743.302; 8033.975;   93.125;    0.000
743.498; 8165.975;  118.125;    0.000
743.693; 8323.975;   95.125;    0.000
743.888; 8445.975;  122.125;    0.000
744.084; 9037.975;  104.125;    0.000
744.279;10200.975;   94.125;    0.000
744.474;10306.975;  138.125;    0.000
744.670; 9787.975;  113.125;    0.000
744.865; 9146.975;  116.125;    0.000
745.060; 8858.975;   89.125;    0.000
745.255; 8788.975;  144.125;    0.000
745.451; 8645.975;   98.125;    0.000
745.646; 8631.975;  110.125;    0.000
745.841; 8595.975;   87.125;    0.000
746.036; 8497.975;   98.125;    0.000
746.231; 8686.975;  153.125;    0.000
746.426; 8924.975;   90.125;    0.000
746.622; 9557.975;  154.125;    0.000
746.817;11235.975;  111.125;    0.000
747.012;12360.975;  110.125;    0.000
747.207;11839.975;   76.125;    0.000
747.402;10762.975;   94.125;    0.000
747.597;10408.975;   68.125;    0.000
747.792; 9913.975;  125.125;    0.000
747.987; 9678.975;   92.125;    0.000
748.182; 9615.975;  113.125;    0.000
748.377; 9351.975;   72.125;    0.000
748.572; 9092.975;  135.125;    0.000
748.767; 8824.975;   98.125;    0.000
748.961; 8705.975;  123.125;    0.000
749.156; 8601.975;   96.125;    0.000
749.351; 8431.975;  121.125;    0.000
749.546; 8408.975;   95.125;    0.000
749.741; 8220.975;  144.125;    0.000
749.936; 8174.975;  105.125;    0.000
750.130; 8184.975;  101.125;    0.000
750.325; 8123.975;  126.125;    0.000
750.520; 8050.975;  113.125;    0.000
750.715; 7996.975;  135.125;    0.000
750.909; 7919.975;  138.125;    0.000
751.104; 7946.975;   96.125;    0.000
751.299; 7847.975;  118.125;    0.000
751.493; 7809.975;  124.125;    0.000
751.688; 7830.975;  131.125;    0.000
751.882; 7859.975;   96.125;    0.000
752.077; 7737.975;  123.125;    0.000
752.272; 7723.975;  112.125;    0.000
752.466; 7596.975;  143.125;    0.000
752.661; 7773.975;  107.125;    0.000
752.855; 7969.975;   97.125;    0.000
753.050; 7788.975;  125.125;    0.000
753.244; 7565.975;  161.125;    0.000
753.439; 7558.975;  101.125;    0.000
753.633; 7564.975;  129.125;    0.000
753.828; 7690.975;  114.125;    0.000
754.022; 7578.975;  118.125;    0.000
754.216; 7494.975;  126.125;    0.000
754.411; 7651.975;  148.125;    0.000
754.605; 7596.975;  100.125;    0.000
754.799; 7459.975;  146.125;    0.000
754.994; 7639.975;  116.125;    0.000
755.188; 7523.975;  146.125;    0.000
755.382; 7491.975;  103.125;    0.000
755.576; 7504.975;  119.125;    0.000
755.771; 7293.975;  100.125;    0.000
755.965; 7495.975;  129.125;    0.000
756.159; 7419.975;  100.125;    0.000
756.353; 7447.975;  153.125;    0.000
756.547; 7526.975;  113.125;    0.000
756.742; 7532.975;  129.125;    0.000
756.936; 7467.975;   70.125;    0.000
757.130; 7309.975;   91.125;    0.000
757.324; 7415.975;   92.125;    0.000
757.518; 7635.975;  128.125;    0.000
757.712; 7584.975;  146.125;    0.000
757.906; 7439.975;  114.125;    0.000
758.100; 7596.975;  153.125;    0.000
758.294; 7351.975;  133.125;    0.000
758.488; 7489.975;  149.125;    0.000
758.682; 7586.975;  132.125;    0.000
758.876; 7277.975;  128.125;    0.000
759.070; 7362.975;  178.125;    0.000
759.264; 7395.975;   98.125;    0.000
759.458; 7312.975;  168.125;    0.000
759.651; 7307.975;  131.125;    0.000
759.845; 7428.975;  133.125;    0.000
760.039; 7249.975;  120.125;    0.000
760.233; 7499.975;  116.125;    0.000
760.427; 7428.975;  121.125;    0.000
760.620; 7453.975;  163.125;    0.000
760.814; 7454.975;  106.125;    0.000
761.008; 7424.975;  119.125;    0.000
761.202; 7503.975;  121.125;    0.000
761.395; 7388.975;  136.125;    0.000
761.589; 7380.975;  111.125;    0.000
761.783; 7487.975;  116.125;    0.000
761.976; 7462.975;  139.125;    0.000
762.170; 7523.975;  140.125;    0.000
762.363; 7384.975;  115.125;    0.000
762.557; 7408.975;  129.125;    0.000
762.750; 7553.975;   85.125;    0.000
762.944; 7565.975;  107.125;    0.000
763.138; 7373.975;   99.125;    0.000
763.331; 7500.975;   97.125;    0.000
763.524; 7494.975;  100.125;    0.000
763.718; 7574.975;  130.125;    0.000
763.911; 7602.975;  127.125;    0.000
764.105; 7536.975;   69.125;    0.000
764.298; 7582.975;   94.125;    0.000
764.492; 7487.975;  129.125;    0.000
764.685; 7447.975;  114.125;    0.000
764.878; 7535.975;  145.125;    0.000
765.072; 7554.975;  124.125;    0.000
765.265; 7579.975;  124.125;    0.000
765.458; 7649.975;  108.125;    0.000
765.651; 7657.975;  132.125;    0.000
765.845; 7695.975;  106.125;    0.000
766.038; 7675.975;  155.125;    0.000
766.231; 8405.975;  153.125;    0.000
766.424;11348.975;  165.125;    0.000
766.617;11792.975;   85.125;    0.000
766.811; 8401.975;  140.125;    0.000
767.004; 7865.975;  151.125;    0.000
767.197; 7778.975;  178.125;    0.000
767.390; 7654.975;  112.125;    0.000
767.583; 7574.975;  134.125;    0.000
767.776; 7560.975;  101.125;    0.000
767.969; 7688.975;   99.125;    0.000
768.162; 7817.975;  152.125;    0.000
768.355; 7765.975;  115.125;    0.000
768.548; 7811.975;  154.125;    0.000
768.741; 7734.975;  124.125;    0.000
768.934; 7796.975;  129.125;    0.000
769.127; 7926.975;  137.125;    0.000
769.320; 7854.975;  115.125;    0.000
769.513; 7975.975;  144.125;    0.000
769.706; 8757.975;  107.125;    0.000
769.898;11216.975;  134.125;    0.000
770.091; 9447.975;  128.125;    0.000
770.284; 8197.975;   97.125;    0.000
770.477; 8011.975;  135.125;    0.000
770.670; 8064.975;  137.125;    0.000
770.862; 7964.975;  112.125;    0.000
771.055; 8015.975;  127.125;    0.000
771.248; 8022.975;  116.125;    0.000
771.441; 8185.975;  101.125;    0.000
771.633; 8172.975;  130.125;    0.000
771.826; 8416.975;  147.125;    0.000
772.018; 8309.975;  117.125;    0.000
772.211; 8349.975;  141.125;    0.000
772.404; 8424.975;  104.125;    0.000
772.596; 8446.975;  128.125;    0.000
772.789; 8448.975;  131.125;    0.000
772.981; 8604.975;  134.125;    0.000
773.174; 8622.975;  108.125;    0.000
773.366; 8766.975;  153.125;    0.000
773.559; 8791.975;  137.125;    0.000
773.751; 8892.975;  119.125;    0.000
773.944; 8904.975;  148.125;    0.000
774.136; 8981.975;  155.125;    0.000
774.329; 9263.975;  126.125;    0.000
774.521; 9435.975;  116.125;    0.000
774.713; 9552.975;  119.125;    0.000
774.906; 9812.975;  179.125;    0.000
775.098;10138.975;  127.125;    0.000
775.290;10419.975;  146.125;    0.000
775.483;10805.975;  123.125;    0.000
775.675;11406.975;  119.125;    0.000
775.867;11792.975;  119.125;    0.000
776.059;12561.975;  137.125;    0.000
776.251;13503.975;  154.125;    0.000
776.444;14758.975;  101.125;    0.000
776.636;16731.975;  153.125;    0.000
776.828;19480.975;  127.125;    0.000
777.020;25334.975;  140.125;    0.000
777.212;34519.977;  160.125;    0.000
777.404;38095.977;  170.125;    0.000
777.596;35997.977;  136.125;    0.000
777.788;28456.975;  137.125;    0.000
777.980;23381.975;  129.125;    0.000
778.172;19941.975;  139.125;    0.000
778.364;17569.975;  124.125;    0.000
778.556;16000.975;  163.125;    0.000
778.748;14764.975;  142.125;    0.000
778.940;13730.975;  178.125;    0.000
779.132;12924.975;  159.125;    0.000
779.324;11938.975;  109.125;    0.000
779.516;11548.975;  143.125;    0.000
779.708;11154.975;  158.125;    0.000
779.900;10631.975;  142.125;    0.000
780.091;10448.975;  131.125;    0.000
780.283;10055.975;  176.125;    0.000
780.475; 9978.975;  151.125;    0.000
780.667; 9833.975;  120.125;    0.000
780.859; 9553.975;  134.125;    0.000
781.050; 9236.975;  183.125;    0.000
781.242; 9063.975;   95.125;    0.000
781.434; 8803.975;  127.125;    0.000
781.625; 8828.975;  163.125;    0.000
781.817; 8792.975;  170.125;    0.000
782.008; 8656.975;  123.125;    0.000
782.200; 8509.975;  141.125;    0.000
782.392; 8407.975;  149.125;    0.000
782.583; 8386.975;  155.125;    0.000
782.775; 8354.975;  140.125;    0.000
782.966; 8158.975;  167.125;    0.000
783.158; 8112.975;  164.125;    0.000
783.349; 8079.975;  174.125;    0.000
783.541; 8065.975;  141.125;    0.000
783.732; 7937.975;  115.125;    0.000
783.924; 7921.975;  135.125;    0.000
784.115; 7902.975;  157.125;    0.000
784.306; 7995.975;  102.125;    0.000
784.498; 7734.975;  124.125;    0.000
784.689; 7862.975;  171.125;    0.000
784.880; 7726.975;  165.125;    0.000
785.072; 7597.975;  152.125;    0.000
785.263; 7541.975;  146.125;    0.000
785.454; 7633.975;  145.125;    0.000
785.645; 7461.975;  127.125;    0.000
785.837; 7591.975;  138.125;    0.000
786.028; 7604.975;  151.125;    0.000
786.219; 7496.975;  142.125;    0.000
786.410; 7534.975;  140.125;    0.000
786.601; 7488.975;  137.125;    0.000
786.792; 7505.975;  158.125;    0.000
786.984; 7336.975;  139.125;    0.000
787.175; 7410.975;  140.125;    0.000
787.366; 7429.975;  145.125;    0.000
787.557; 7402.975;  156.125;    0.000
787.748; 7412.975;  148.125;    0.000
787.939; 7498.975;  157.125;    0.000
788.130; 7469.975;  179.125;    0.000
788.321; 7564.975;  142.125;    0.000
788.512; 7597.975;  167.125;    0.000
788.703; 7488.975;  145.125;    0.000
788.894; 7579.975;  132.125;    0.000
789.084; 7530.975;  113.125;    0.000
789.275; 7532.975;  134.125;    0.000
789.466; 7596.975;  151.125;    0.000
789.657; 7536.975;  138.125;    0.000
789.848; 7471.975;  145.125;    0.000
790.039; 7553.975;  130.125;    0.000
790.229; 7482.975;  140.125;    0.000
790.420; 7622.975;  135.125;    0.000
790.611; 7558.975;  156.125;    0.000
790.801; 7479.975;   64.125;    0.000
790.992; 7706.975;  150.125;    0.000
791.183; 7565.975;  177.125;    0.000
791.373; 7577.975;   91.125;    0.000
791.564; 7323.975;   85.125;    0.000
791.755; 7377.975;  125.125;    0.000
791.945; 7457.975;   94.125;    0.000
792.136; 7364.975;   98.125;    0.000
792.326; 7632.975;  105.125;    0.000
792.517; 7391.975;  136.125;    0.000
792.707; 7424.975;  140.125;    0.000
792.898; 7530.975;  164.125;    0.000
793.088; 7556.975;  116.125;    0.000
793.279; 7704.975;  112.125;    0.000
793.469; 7779.975;  105.125;    0.000
793.660; 7764.975;  161.125;    0.000
793.850; 7809.975;  133.125;    0.000
794.040; 7952.975;  121.125;    0.000
794.231; 8234.975;  115.125;    0.000
794.421; 8573.975;  152.125;    0.000
794.611; 9090.975;  132.125;    0.000
794.802; 9760.975;  144.125;    0.000
794.992;10238.975;  142.125;    0.000
795.182;10415.975;  179.125;    0.000
795.372; 9920.975;  167.125;    0.000
795.563; 9501.975;  149.125;    0.000
795.753; 9014.975;  117.125;    0.000
795.943; 8767.975;  146.125;    0.000
796.133; 8343.975;  119.125;    0.000
796.323; 8200.975;  141.125;    0.000
796.513; 7878.975;  134.125;    0.000
796.703; 7857.975;  116.125;    0.000
796.893; 7627.975;  120.125;    0.000
797.083; 7445.975;  131.125;    0.000
797.273; 7492.975;  118.125;    0.000
797.463; 7395.975;  130.125;    0.000
797.653; 7146.975;   87.125;    0.000
797.843; 7159.975;  123.125;    0.000
798.033; 7258.975;  115.125;    0.000
798.223; 7008.975;  142.125;    0.000
798.413; 6989.975;  148.125;    0.000
798.603; 6859.975;  147.125;    0.000
798.793; 6877.975;  107.125;    0.000
798.983; 6925.975;  121.125;    0.000
799.172; 6808.975;  120.125;    0.000
799.362; 6922.975;  145.125;    0.000
799.552; 6759.975;  101.125;    0.000
799.742; 6636.975;  149.125;    0.000
799.932; 6658.975;  104.125;    0.000
800.121; 6692.975;  175.125;    0.000
800.311; 6701.975;  132.125;    0.000
800.501; 6665.975;  118.125;    0.000
800.690; 6670.975;  162.125;    0.000
800.880; 6605.975;  141.125;    0.000
801.070; 6608.975;  151.125;    0.000
801.259; 6540.975;  167.125;    0.000
801.449; 6502.975;  108.125;    0.000
801.638; 6611.975;  176.125;    0.000
801.828; 6508.975;  118.125;    0.000
802.017; 6496.975;  179.125;    0.000
802.207; 6506.975;  127.125;    0.000
802.396; 6429.975;  167.125;    0.000
802.586; 6449.975;  129.125;    0.000
802.775; 6362.975;  142.125;    0.000
802.965; 6390.975;  147.125;    0.000
803.154; 6279.975;  179.125;    0.000
803.343; 6276.975;  117.125;    0.000
803.533; 6412.975;  120.125;    0.000
803.722; 6405.975;  122.125;    0.000
803.911; 6307.975;  155.125;    0.000
804.101; 6319.975;  147.125;    0.000
804.290; 6368.975;  160.125;    0.000
804.479; 6394.975;  139.125;    0.000
804.668; 6396.975;  180.125;    0.000
804.857; 6169.975;  131.125;    0.000
805.047; 6167.975;  119.125;    0.000
805.236; 6214.975;  139.125;    0.000
805.425; 6169.975;  163.125;    0.000
805.614; 6128.975;  103.125;    0.000
805.803; 6116.975;  133.125;    0.000
805.992; 6295.975;  147.125;    0.000
806.181; 6241.975;  109.125;    0.000
806.370; 6166.975;  133.125;    0.000
806.559; 6170.975;  119.125;    0.000
806.748; 6274.975;  144.125;    0.000
806.937; 6087.975;  147.125;    0.000
807.126; 6132.975;  134.125;    0.000
807.315; 6277.975;  132.125;    0.000
807.504; 6181.975;  141.125;    0.000
807.693; 6045.975;  145.125;    0.000
807.882; 6093.975;   91.125;    0.000
808.071; 6208.975;  116.125;    0.000
808.260; 6180.975;  105.125;    0.000
808.448; 6262.975;  184.125;    0.000
808.637; 6198.975;  146.125;    0.000
808.826; 6228.975;  153.125;    0.000
809.015; 6090.975;  113.125;    0.000
809.203; 6114.975;  166.125;    0.000
809.392; 6177.975;  117.125;    0.000
809.581; 6287.975;  186.125;    0.000
809.770; 6296.975;  122.125;    0.000
809.958; 6241.975;  140.125;    0.000
810.147; 6261.975;  130.125;    0.000
810.335; 6394.975;  112.125;    0.000
810.524; 6357.975;  106.125;    0.000
810.713; 6382.975;  154.125;    0.000
810.901; 6380.975;  131.125;    0.000
811.090; 6470.975;  164.125;    0.000
811.278; 6521.975;  159.125;    0.000
811.467; 6600.975;  194.125;    0.000
811.655; 6613.975;  164.125;    0.000
811.844; 6658.975;  149.125;    0.000
812.032; 6647.975;  169.125;    0.000
812.220; 6722.975;  163.125;    0.000
812.409; 6590.975;  134.125;    0.000
812.597; 6672.975;  165.125;    0.000
812.785; 6649.975;  180.125;    0.000
812.974; 6639.975;  166.125;    0.000
813.162; 6763.975;  171.125;    0.000
813.350; 6815.975;  142.125;    0.000
813.539; 6870.975;  126.125;    0.000
813.727; 6822.975;  153.125;    0.000
813.915; 6941.975;  138.125;    0.000
814.103; 6951.975;  191.125;    0.000
814.291; 6849.975;  142.125;    0.000
814.479; 7077.975;  156.125;    0.000
814.668; 7151.975;  152.125;    0.000
814.856; 7248.975;  150.125;    0.000
815.044; 7353.975;  165.125;    0.000
815.232; 7224.975;  172.125;    0.000
815.420; 7480.975;  147.125;    0.000
815.608; 7587.975;  143.125;    0.000
815.796; 7656.975;  126.125;    0.000
815.984; 7832.975;  152.125;    0.000
816.172; 8096.975;  129.125;    0.000
816.360; 8256.975;  177.125;    0.000
816.548; 8423.975;  141.125;    0.000
816.736; 8832.975;  142.125;    0.000
816.924; 9296.975;  161.125;    0.000
817.111; 9506.975;  138.125;    0.000
817.299;10032.975;  112.125;    0.000
817.487;10777.975;  180.125;    0.000
817.675;11714.975;  138.125;    0.000
817.863;13398.975;  172.125;    0.000
818.050;16909.975;  142.125;    0.000
818.238;25786.975;  151.125;    0.000
818.426;34328.977;  129.125;    0.000
818.613;27395.975;  124.125;    0.000
818.801;23383.975;  209.125;    0.000
818.989;22298.975;  178.125;    0.000
819.176;23631.975;  155.125;    0.000
819.364;31324.975;  174.125;    0.000
819.552;40791.977;  131.125;    0.000
819.739;33053.977;  184.125;    0.000
819.927;26203.975;  132.125;    0.000
820.114;22195.975;  173.125;    0.000
820.302;19876.975;  140.125;    0.000
820.489;18011.975;  133.125;    0.000
820.677;16760.975;  167.125;    0.000
820.864;15907.975;  161.125;    0.000
821.052;15751.975;  134.125;    0.000
821.239;15622.975;  149.125;    0.000
821.426;15775.975;  160.125;    0.000
821.614;17010.975;  143.125;    0.000
821.801;17719.975;  118.125;    0.000
821.988;16405.975;  154.125;    0.000
822.176;15635.975;  112.125;    0.000
822.363;15555.975;  131.125;    0.000
822.550;14833.975;  131.125;    0.000
822.737;13445.975;  104.125;    0.000
822.924;12922.975;  160.125;    0.000
823.112;12385.975;  161.125;    0.000
823.299;11847.975;  169.125;    0.000
823.486;11164.975;  129.125;    0.000
823.673;10870.975;  135.125;    0.000
823.860;10537.975;  169.125;    0.000
824.047;10472.975;  124.125;    0.000
824.234;11023.975;  160.125;    0.000
824.421;10978.975;  114.125;    0.000
824.608;10267.975;  191.125;    0.000
824.795; 9784.975;  160.125;    0.000
824.982; 9240.975;  139.125;    0.000
825.169; 8867.975;  121.125;    0.000
825.356; 8629.975;  148.125;    0.000
825.543; 8235.975;  167.125;    0.000
825.730; 7982.975;  103.125;    0.000
825.917; 7678.975;  113.125;    0.000
826.104; 7609.975;  188.125;    0.000
826.290; 7466.975;  193.125;    0.000
826.477; 7199.975;  175.125;    0.000
826.664; 7143.975;  151.125;    0.000
826.851; 6897.975;  122.125;    0.000
827.038; 6934.975;  121.125;    0.000
827.224; 6807.975;  124.125;    0.000
827.411; 6589.975;  155.125;    0.000
827.598; 6493.975;  127.125;    0.000
827.784; 6532.975;  140.125;    0.000
827.971; 6465.975;  114.125;    0.000
828.157; 6355.975;  135.125;    0.000
828.344; 6174.975;  173.125;    0.000
828.531; 6136.975;  113.125;    0.000
828.717; 6080.975;  137.125;    0.000
828.904; 6092.975;  158.125;    0.000
829.090; 5965.975;  199.125;    0.000
829.277; 5871.975;  156.125;    0.000
829.463; 5878.975;  154.125;    0.000
829.650; 5904.975;  174.125;    0.000
829.836; 5646.975;  136.125;    0.000
830.022; 5796.975;  143.125;    0.000
830.209; 5657.975;  157.125;    0.000
830.395; 5491.975;  156.125;    0.000
830.581; 5578.975;  148.125;    0.000
830.768; 5533.975;  169.125;    0.000
830.954; 5460.975;  169.125;    0.000
831.140; 5518.975;  124.125;    0.000
831.327; 5443.975;  157.125;    0.000
831.513; 5339.975;  163.125;    0.000
831.699; 5364.975;  176.125;    0.000
831.885; 5248.975;  154.125;    0.000
832.071; 5327.975;  159.125;    0.000
832.257; 5277.975;  142.125;    0.000
832.444; 5269.975;  159.125;    0.000
832.630; 5202.975;  129.125;    0.000
832.816; 5120.975;  132.125;    0.000
833.002; 5129.975;  125.125;    0.000
833.188; 5010.975;  144.125;    0.000
833.374; 4988.975;  131.125;    0.000
833.560; 5061.975;  154.125;    0.000
833.746; 4986.975;  171.125;    0.000
833.932; 5002.975;  162.125;    0.000
834.118; 4889.975;  131.125;    0.000
834.303; 4978.975;  113.125;    0.000
834.489; 4958.975;  170.125;    0.000
834.675; 5045.975;  177.125;    0.000
834.861; 4883.975;  154.125;    0.000
835.047; 4872.975;  171.125;    0.000
835.233; 4823.975;   98.125;    0.000
835.418; 4825.975;  138.125;    0.000
835.604; 4604.975;  140.125;    0.000
835.790; 4793.975;  130.125;    0.000
835.976; 4700.975;  129.125;    0.000
836.161; 4775.975;  142.125;    0.000
836.347; 4822.975;  128.125;    0.000
836.533; 4666.975;  143.125;    0.000
836.718; 4734.975;  164.125;    0.000
836.904; 4746.975;  172.125;    0.000
837.089; 4795.975;  152.125;    0.000
837.275; 4647.975;  143.125;    0.000
837.460; 4715.975;  125.125;    0.000
837.646; 4803.975;  137.125;    0.000
837.831; 4687.975;  153.125;    0.000
838.017; 4633.975;  171.125;    0.000
838.202; 4735.975;  111.125;    0.000
838.388; 4667.975;  140.125;    0.000
838.573; 4659.975;  158.125;    0.000
838.759; 4703.975;  188.125;    0.000
838.944; 4530.975;  125.125;    0.000
839.129; 4561.975;  123.125;    0.000
839.315; 4601.975;  181.125;    0.000
839.500; 4709.975;  150.125;    0.000
839.685; 4579.975;  109.125;    0.000
839.870; 4689.975;  202.125;    0.000
840.056; 4598.975;  101.125;    0.000
840.241; 4516.975;  184.125;    0.000
840.426; 4576.975;  192.125;    0.000
840.611; 4677.975;  180.125;    0.000
840.796; 4790.975;  156.125;    0.000
840.981; 4611.975;  142.125;    0.000
841.166; 4770.975;  161.125;    0.000
841.352; 4662.975;  185.125;    0.000
841.537; 4782.975;  139.125;    0.000
841.722; 4799.975;  143.125;    0.000
841.907; 4835.975;  140.125;    0.000
842.092; 4721.975;  176.125;    0.000
842.277; 4755.975;  136.125;    0.000
842.461; 5035.975;  155.125;    0.000
842.646; 4961.975;  163.125;    0.000
842.831; 5027.975;  153.125;    0.000
843.016; 5146.975;  187.125;    0.000
843.201; 5177.975;  179.125;    0.000
843.386; 5381.975;  167.125;    0.000
843.571; 5380.975;  129.125;    0.000
843.755; 5681.975;  136.125;    0.000
843.940; 6035.975;  121.125;    0.000
844.125; 6628.975;  157.125;    0.000
844.310; 7224.975;  175.125;    0.000
844.494; 8790.975;  164.125;    0.000
844.679;10964.975;  167.125;    0.000
844.864;11185.975;  166.125;    0.000
845.048; 9512.975;  132.125;    0.000
845.233; 8400.975;  175.125;    0.000
845.418; 7575.975;  159.125;    0.000
845.602; 6998.975;  147.125;    0.000
845.787; 6562.975;  132.125;    0.000
845.971; 6134.975;  187.125;    0.000
846.156; 5928.975;  141.125;    0.000
846.340; 5831.975;  153.125;    0.000
846.525; 5547.975;  157.125;    0.000
846.709; 5287.975;  117.125;    0.000
846.893; 5283.975;  147.125;    0.000
847.078; 4998.975;  170.125;    0.000
847.262; 4895.975;  150.125;    0.000
847.447; 4725.975;  132.125;    0.000
847.631; 4641.975;  144.125;    0.000
847.815; 4671.975;  157.125;    0.000
848.000; 4573.975;  164.125;    0.000
848.184; 4503.975;  174.125;    0.000
848.368; 4522.975;  149.125;    0.000
848.552; 4374.975;  143.125;    0.000
848.736; 4231.975;  132.125;    0.000
848.921; 4358.975;  147.125;    0.000
849.105; 4313.975;  150.125;    0.000
849.289; 4307.975;  146.125;    0.000
849.473; 4217.975;  167.125;    0.000
849.657; 4173.975;  149.125;    0.000
849.841; 4237.975;  181.125;    0.000
850.025; 4250.975;  154.125;    0.000
850.209; 4241.975;  152.125;    0.000
850.393; 3986.975;  139.125;    0.000
850.577; 4022.975;  128.125;    0.000
850.761; 4120.975;  194.125;    0.000
850.945; 4095.975;  152.125;    0.000
851.129; 3974.975;  157.125;    0.000
851.313; 3963.975;  181.125;    0.000
851.497; 3953.975;  145.125;    0.000
851.680; 4040.975;  168.125;    0.000
851.864; 4047.975;  185.125;    0.000
852.048; 3987.975;  170.125;    0.000
852.232; 3977.975;  192.125;    0.000
852.416; 4006.975;  182.125;    0.000
852.599; 3944.975;  169.125;    0.000
852.783; 3947.975;  168.125;    0.000
852.967; 3987.975;  184.125;    0.000
853.150; 4048.975;  163.125;    0.000
853.334; 3915.975;  164.125;    0.000
853.518; 3888.975;  190.125;    0.000
853.701; 3879.975;  137.125;    0.000
853.885; 3853.975;  177.125;    0.000
854.068; 3832.975;  163.125;    0.000
854.252; 3851.975;  139.125;    0.000
854.435; 3920.975;  152.125;    0.000
854.619; 3835.975;  148.125;    0.000
854.802; 3818.975;  168.125;    0.000
854.986; 3850.975;  157.125;    0.000
855.169; 3843.975;  147.125;    0.000
855.353; 3920.975;  173.125;    0.000
855.536; 3789.975;  127.125;    0.000
855.719; 3801.975;  191.125;    0.000
855.903; 3859.975;  186.125;    0.000
856.086; 3885.975;  145.125;    0.000
856.269; 3786.975;  130.125;    0.000
856.452; 3890.975;  153.125;    0.000
856.636; 3884.975;  129.125;    0.000
856.819; 4157.975;  134.125;    0.000
857.002; 4222.975;  152.125;    0.000
857.185; 4111.975;  140.125;    0.000
857.368; 4051.975;  170.125;    0.000
857.552; 3932.975;  132.125;    0.000
857.735; 3936.975;  160.125;    0.000
857.918; 3981.975;  139.125;    0.000
858.101; 4063.975;  159.125;    0.000
858.284; 3943.975;  136.125;    0.000
858.467; 4078.975;  147.125;    0.000
858.650; 4080.975;  153.125;    0.000
858.833; 4062.975;  113.125;    0.000
859.016; 4253.975;  167.125;    0.000
859.199; 4195.975;  141.125;    0.000
859.382; 4373.975;  155.125;    0.000
859.564; 4632.975;  136.125;    0.000
859.747; 4577.975;  142.125;    0.000
859.930; 4492.975;  141.125;    0.000
860.113; 4415.975;  156.125;    0.000
860.296; 4328.975;  167.125;    0.000
860.478; 4214.975;  121.125;    0.000
860.661; 4270.975;  230.125;    0.000
860.844; 4268.975;  186.125;    0.000
861.027; 4139.975;  155.125;    0.000
861.209; 4156.975;  151.125;    0.000
861.392; 4201.975;  162.125;    0.000
861.575; 4245.975;  150.125;    0.000
861.757; 4380.975;  162.125;    0.000
861.940; 4241.975;  207.125;    0.000
862.122; 4152.975;  113.125;    0.000
862.305; 4272.975;  114.125;    0.000
862.487; 4372.975;  162.125;    0.000
862.670; 4668.975;  148.125;    0.000
862.852; 5118.975;  131.125;    0.000
863.035; 5824.975;  174.125;    0.000
863.217; 5768.975;  170.125;    0.000
863.400; 5452.975;  148.125;    0.000
863.582; 5294.975;  129.125;    0.000
863.764; 5109.975;  181.125;    0.000
863.947; 4882.975;  152.125;    0.000
864.129; 4676.975;  178.125;    0.000
864.311; 4762.975;  139.125;    0.000
864.493; 4605.975;  166.125;    0.000
864.676; 4678.975;  148.125;    0.000
864.858; 4675.975;  123.125;    0.000
865.040; 4558.975;  180.125;    0.000
865.222; 4681.975;  131.125;    0.000
865.404; 4614.975;  146.125;    0.000
865.587; 4777.975;  175.125;    0.000
865.769; 4887.975;  183.125;    0.000
865.951; 4903.975;  171.125;    0.000
866.133; 4950.975;  165.125;    0.000
866.315; 4827.975;  138.125;    0.000
866.497; 4946.975;  139.125;    0.000
866.679; 5031.975;  167.125;    0.000
866.861; 5041.975;  151.125;    0.000
867.043; 5299.975;  190.125;    0.000
867.225; 5611.975;  140.125;    0.000
867.407; 5917.975;  125.125;    0.000
867.589; 6541.975;  141.125;    0.000
867.770; 7678.975;  149.125;    0.000
867.952; 9873.975;  138.125;    0.000
868.134;12085.975;  153.125;    0.000
868.316;12284.975;  148.125;    0.000
868.498;11940.975;  180.125;    0.000
868.679;10581.975;  152.125;    0.000
868.861; 9314.975;  174.125;    0.000
869.043; 7996.975;  152.125;    0.000
869.224; 7336.975;  177.125;    0.000
869.406; 6818.975;  171.125;    0.000
869.588; 6388.975;  177.125;    0.000
869.769; 6149.975;  174.125;    0.000
869.951; 6078.975;  167.125;    0.000
870.132; 6060.975;  144.125;    0.000
870.314; 6391.975;  143.125;    0.000
870.495; 6566.975;  162.125;    0.000
870.677; 6242.975;  136.125;    0.000
870.858; 6033.975;  155.125;    0.000
871.040; 6214.975;  179.125;    0.000
871.221; 6639.975;  177.125;    0.000
871.403; 6415.975;  180.125;    0.000
871.584; 6097.975;  157.125;    0.000
871.765; 6154.975;  183.125;    0.000
871.947; 6319.975;  169.125;    0.000
872.128; 5935.975;  162.125;    0.000
872.309; 5313.975;  159.125;    0.000
872.491; 5030.975;  148.125;    0.000
872.672; 4787.975;  163.125;    0.000
872.853; 4769.975;  152.125;    0.000
873.034; 4603.975;  166.125;    0.000
873.215; 4502.975;  155.125;    0.000
873.396; 4227.975;  147.125;    0.000
873.578; 4195.975;  147.125;    0.000
873.759; 4070.975;  153.125;    0.000
873.940; 3975.975;  194.125;    0.000
874.121; 3955.975;  179.125;    0.000
874.302; 3833.975;  155.125;    0.000
874.483; 3831.975;  131.125;    0.000
874.664; 3905.975;  106.125;    0.000
874.845; 3765.975;  122.125;    0.000
875.026; 3655.975;  127.125;    0.000
875.207; 3706.975;  151.125;    0.000
875.388; 3649.975;  149.125;    0.000
875.568; 3624.975;  164.125;    0.000
875.749; 3546.975;  176.125;    0.000
875.930; 3563.975;  207.125;    0.000
876.111; 3449.975;  177.125;    0.000
876.292; 3472.975;  178.125;    0.000
876.472; 3386.975;  163.125;    0.000
876.653; 3391.975;  159.125;    0.000
876.834; 3387.975;  177.125;    0.000
877.015; 3374.975;  212.125;    0.000
877.195; 3378.975;  166.125;    0.000
877.376; 3377.975;  157.125;    0.000
877.556; 3367.975;  175.125;    0.000
877.737; 3403.975;  220.125;    0.000
877.918; 3291.975;  163.125;    0.000
878.098; 3351.975;  166.125;    0.000
878.279; 3264.975;  136.125;    0.000
878.459; 3283.975;  167.125;    0.000
878.640; 3269.975;  167.125;    0.000
878.820; 3207.975;  155.125;    0.000
879.000; 3175.975;  158.125;    0.000
879.181; 3176.975;  155.125;    0.000
879.361; 3235.975;  181.125;    0.000
879.542; 3144.975;  181.125;    0.000
879.722; 3283.975;  117.125;    0.000
879.902; 3197.975;  180.125;    0.000
880.083; 3362.975;  139.125;    0.000
880.263; 3449.975;  168.125;    0.000
880.443; 3578.975;  206.125;    0.000
880.623; 4373.975;  132.125;    0.000
880.803; 5024.975;  149.125;    0.000
880.984; 4455.975;  189.125;    0.000
881.164; 3850.975;  171.125;    0.000
881.344; 3641.975;  150.125;    0.000
881.524; 3514.975;  185.125;    0.000
881.704; 3522.975;  152.125;    0.000
881.884; 3593.975;  188.125;    0.000
882.064; 3667.975;  155.125;    0.000
882.244; 3668.975;  182.125;    0.000
882.424; 3527.975;  154.125;    0.000
882.604; 3417.975;  175.125;    0.000
882.784; 3404.975;  137.125;    0.000
882.964; 3255.975;  135.125;    0.000
883.144; 3162.975;  142.125;    0.000
883.324; 3207.975;  192.125;    0.000
883.504; 3200.975;  193.125;    0.000
883.683; 3148.975;  208.125;    0.000
883.863; 3169.975;  127.125;    0.000
884.043; 3033.975;  140.125;    0.000
884.223; 3073.975;  167.125;    0.000
884.402; 2964.975;  156.125;    0.000
884.582; 3044.975;  185.125;    0.000
884.762; 3070.975;  187.125;    0.000
884.941; 2966.975;  201.125;    0.000
885.121; 3072.975;  157.125;    0.000
885.301; 2938.975;  173.125;    0.000
885.480; 2910.975;  158.125;    0.000
885.660; 2855.975;  153.125;    0.000
885.839; 2967.975;  144.125;    0.000
886.019; 2906.975;  184.125;    0.000
886.198; 2881.975;  132.125;    0.000
886.378; 2925.975;  124.125;    0.000
886.557; 2977.975;  146.125;    0.000
886.737; 2799.975;  157.125;    0.000
886.916; 2947.975;  203.125;    0.000
887.095; 2912.975;  151.125;    0.000
887.275; 2832.975;  143.125;    0.000
887.454; 2836.975;  140.125;    0.000
887.633; 2877.975;  196.125;    0.000
887.813; 2833.975;  161.125;    0.000
887.992; 2858.975;  183.125;    0.000
888.171; 2746.975;  153.125;    0.000
888.350; 2826.975;  185.125;    0.000
888.530; 2838.975;  163.125;    0.000
888.709; 2820.975;  174.125;    0.000
888.888; 2909.975;  179.125;    0.000
889.067; 2807.975;  178.125;    0.000
889.246; 2935.975;  184.125;    0.000
889.425; 2739.975;  169.125;    0.000
889.604; 2864.975;  210.125;    0.000
889.783; 2846.975;  183.125;    0.000
889.962; 2739.975;  116.125;    0.000
890.141; 2793.975;  179.125;    0.000
890.320; 2753.975;  182.125;    0.000
890.499; 2736.975;  188.125;    0.000
890.678; 2705.975;  167.125;    0.000
890.857; 2805.975;  141.125;    0.000
891.036; 2754.975;  179.125;    0.000
891.214; 2712.975;  156.125;    0.000
891.393; 2764.975;  209.125;    0.000
891.572; 2854.975;  181.125;    0.000
891.751; 2822.975;  172.125;    0.000
891.930; 2689.975;  169.125;    0.000
892.108; 2820.975;  131.125;    0.000
892.287; 2732.975;  162.125;    0.000
892.466; 2699.975;  178.125;    0.000
892.644; 2749.975;  161.125;    0.000
892.823; 2688.975;  180.125;    0.000
893.001; 2706.975;  179.125;    0.000
893.180; 2676.975;  152.125;    0.000
893.359; 2749.975;  184.125;    0.000
893.537; 2716.975;  178.125;    0.000
893.716; 2690.975;  169.125;    0.000
893.894; 2703.975;  159.125;    0.000
894.073; 2714.975;  179.125;    0.000
894.251; 2728.975;  167.125;    0.000
894.429; 2652.975;  142.125;    0.000
894.608; 2739.975;  166.125;    0.000
894.786; 2631.975;  153.125;    0.000
894.964; 2709.975;  181.125;    0.000
895.143; 2710.975;  161.125;    0.000
895.321; 2710.975;  198.125;    0.000
895.499; 2639.975;  184.125;    0.000
895.677; 2721.975;  178.125;    0.000
895.856; 2866.975;  226.125;    0.000
896.034; 2713.975;  180.125;    0.000
896.212; 2725.975;  200.125;    0.000
896.390; 2769.975;  161.125;    0.000
896.568; 2722.975;  204.125;    0.000
896.746; 2719.975;  136.125;    0.000
896.924; 2750.975;  171.125;    0.000
897.102; 2610.975;  203.125;    0.000
897.280; 2642.975;  142.125;    0.000
897.458; 2721.975;  159.125;    0.000
897.636; 2769.975;  163.125;    0.000
897.814; 2697.975;  137.125;    0.000
897.992; 2841.975;  199.125;    0.000
898.170; 2777.975;  176.125;    0.000
898.348; 2720.975;  195.125;    0.000
898.526; 2726.975;  199.125;    0.000
898.704; 2792.975;  260.125;    0.000
898.882; 2710.975;  185.125;    0.000
899.059; 2730.975;  169.125;    0.000
899.237; 2794.975;  197.125;    0.000
899.415; 2721.975;  207.125;    0.000
899.593; 2800.975;  169.125;    0.000
899.770; 2791.975;  182.125;    0.000
899.948; 2721.975;  198.125;    0.000
900.125; 2755.975;  200.125;    0.000
900.303; 2772.975;  165.125;    0.000
900.481; 2752.975;  182.125;    0.000
900.658; 2845.975;  206.125;    0.000
900.836; 2792.975;  188.125;    0.000
901.013; 2743.975;  169.125;    0.000
901.191; 2810.975;  172.125;    0.000
901.368; 2916.975;  170.125;    0.000
901.546; 2892.975;  234.125;    0.000
901.723; 2884.975;  173.125;    0.000
901.901; 2967.975;  190.125;    0.000
902.078; 3003.975;  145.125;    0.000
902.255; 2966.975;  204.125;    0.000
902.433; 2988.975;  198.125;    0.000
902.610; 3058.975;  190.125;    0.000
902.787; 3041.975;  204.125;    0.000
902.964; 3083.975;  208.125;    0.000
903.142; 3001.975;  187.125;    0.000
903.319; 3216.975;  216.125;    0.000
903.496; 3137.975;  186.125;    0.000
903.673; 3226.975;  201.125;    0.000
903.850; 3259.975;  195.125;    0.000
904.027; 3380.975;  211.125;    0.000
904.204; 3368.975;  197.125;    0.000
904.381; 3698.975;  198.125;    0.000
904.558; 3917.975;  188.125;    0.000
904.735; 4255.975;  207.125;    0.000
904.912; 4424.975;  217.125;    0.000
905.089; 4368.975;  188.125;    0.000
905.266; 4215.975;  160.125;    0.000
905.443; 3976.975;  221.125;    0.000
905.620; 3701.975;  163.125;    0.000
905.797; 3568.975;  186.125;    0.000
905.974; 3456.975;  205.125;    0.000
906.151; 3485.975;  159.125;    0.000
906.327; 3480.975;  206.125;    0.000
906.504; 3486.975;  201.125;    0.000
906.681; 3320.975;  202.125;    0.000
906.858; 3304.975;  188.125;    0.000
907.034; 3224.975;  207.125;    0.000
907.211; 3086.975;  182.125;    0.000
907.388; 3117.975;  184.125;    0.000
907.564; 3072.975;  148.125;    0.000
907.741; 2992.975;  181.125;    0.000
907.917; 3050.975;  191.125;    0.000
908.094; 3057.975;  210.125;    0.000
908.271; 2942.975;  171.125;    0.000
908.447; 2882.975;  241.125;    0.000
908.623; 2996.975;  188.125;    0.000
908.800; 2881.975;  205.125;    0.000
908.976; 2926.975;  210.125;    0.000
909.153; 2979.975;  193.125;    0.000
909.329; 2779.975;  206.125;    0.000
909.505; 2782.975;  181.125;    0.000
909.682; 2812.975;  192.125;    0.000
909.858; 2775.975;  134.125;    0.000
910.034; 2823.975;  214.125;    0.000
910.211; 2771.975;  182.125;    0.000
910.387; 2853.975;  194.125;    0.000
910.563; 2834.975;  199.125;    0.000
910.739; 2775.975;  188.125;    0.000
910.915; 2689.975;  192.125;    0.000
911.091; 2781.975;  198.125;    0.000
911.268; 2810.975;  178.125;    0.000
911.444; 2719.975;  201.125;    0.000
911.620; 2741.975;  181.125;    0.000
911.796; 2740.975;  185.125;    0.000
911.972; 2762.975;  176.125;    0.000
912.148; 2705.975;  196.125;    0.000
912.324; 2775.975;  192.125;    0.000
912.500; 2714.975;  204.125;    0.000
912.676; 2640.975;  164.125;    0.000
912.851; 2751.975;  193.125;    0.000
913.027; 2728.975;  175.125;    0.000
913.203; 2657.975;  193.125;    0.000
913.379; 2679.975;  213.125;    0.000
913.555; 2748.975;  211.125;    0.000
913.730; 2631.975;  194.125;    0.000
913.906; 2678.975;  153.125;    0.000
914.082; 2792.975;  212.125;    0.000
914.258; 2769.975;  194.125;    0.000
914.433; 2690.975;  191.125;    0.000
914.609; 2755.975;  208.125;    0.000
914.784; 2707.975;  176.125;    0.000
914.960; 2728.975;  227.125;    0.000
915.136; 2750.975;  152.125;    0.000
915.311; 2753.975;  171.125;    0.000
915.487; 2699.975;  173.125;    0.000
915.662; 2789.975;  189.125;    0.000
915.838; 2674.975;  179.125;    0.000
916.013; 2743.975;  191.125;    0.000
916.189; 2772.975;  207.125;    0.000
916.364; 2763.975;  194.125;    0.000
916.539; 2790.975;  174.125;    0.000
916.715; 2711.975;  207.125;    0.000
916.890; 2797.975;  193.125;    0.000
917.065; 2718.975;  199.125;    0.000
917.240; 2691.975;  214.125;    0.000
917.416; 2759.975;  194.125;    0.000
917.591; 2705.975;  213.125;    0.000
917.766; 2798.975;  194.125;    0.000
917.941; 2675.975;  201.125;    0.000
918.116; 2677.975;  198.125;    0.000
918.292; 2711.975;  176.125;    0.000
918.467; 2788.975;  190.125;    0.000
918.642; 2701.975;  200.125;    0.000
918.817; 2765.975;  186.125;    0.000
918.992; 2786.975;  174.125;    0.000
919.167; 2801.975;  197.125;    0.000
919.342; 2820.975;  188.125;    0.000
919.517; 2824.975;  179.125;    0.000
919.692; 2812.975;  182.125;    0.000
919.867; 2931.975;  216.125;    0.000
920.041; 2990.975;  208.125;    0.000
920.216; 2898.975;  223.125;    0.000
920.391; 2918.975;  203.125;    0.000
920.566; 3048.975;  202.125;    0.000
920.741; 3009.975;  197.125;    0.000
920.915; 3171.975;  223.125;    0.000
921.090; 3319.975;  183.125;    0.000
921.265; 3741.975;  169.125;    0.000
921.439; 4000.975;  212.125;    0.000
921.614; 3822.975;  190.125;    0.000
921.789; 3571.975;  177.125;    0.000
921.963; 3439.975;  233.125;    0.000
922.138; 3278.975;  156.125;    0.000
922.312; 3348.975;  193.125;    0.000
922.487; 3287.975;  208.125;    0.000
922.661; 3425.975;  212.125;    0.000
922.836; 3617.975;  210.125;    0.000
923.010; 3715.975;  183.125;    0.000
923.185; 3678.975;  228.125;    0.000
923.359; 3449.975;  227.125;    0.000
923.534; 3290.975;  189.125;    0.000
923.708; 3456.975;  210.125;    0.000
923.882; 3617.975;  217.125;    0.000
924.057; 3437.975;  195.125;    0.000
924.231; 3314.975;  201.125;    0.000
924.405; 3313.975;  188.125;    0.000
924.579; 3216.975;  188.125;    0.000
924.753; 3258.975;  174.125;    0.000
924.928; 3068.975;  179.125;    0.000
925.102; 3095.975;  186.125;    0.000
925.276; 3100.975;  201.125;    0.000
925.450; 3142.975;  211.125;    0.000
925.624; 3173.975;  238.125;    0.000
925.798; 3236.975;  191.125;    0.000
925.972; 3271.975;  192.125;    0.000
926.146; 3476.975;  198.125;    0.000
926.320; 3471.975;  151.125;    0.000
926.494; 3612.975;  202.125;    0.000
926.668; 3798.975;  197.125;    0.000
926.842; 3887.975;  177.125;    0.000
927.016; 3948.975;  202.125;    0.000
927.190; 3971.975;  207.125;    0.000
927.363; 3790.975;  180.125;    0.000
927.537; 3813.975;  212.125;    0.000
927.711; 3619.975;  148.125;    0.000
927.885; 3612.975;  196.125;    0.000
928.058; 3553.975;  173.125;    0.000
928.232; 3523.975;  219.125;    0.000
928.406; 3402.975;  141.125;    0.000
928.579; 3375.975;  157.125;    0.000
928.753; 3350.975;  205.125;    0.000
928.927; 3400.975;  196.125;    0.000
929.100; 3349.975;  237.125;    0.000
929.274; 3241.975;  166.125;    0.000
929.447; 3189.975;  150.125;    0.000
929.621; 3159.975;  188.125;    0.000
929.794; 3110.975;  169.125;    0.000
929.968; 3154.975;  194.125;    0.000
930.141; 3076.975;  226.125;    0.000
930.315; 3048.975;  196.125;    0.000
930.488; 3009.975;  233.125;    0.000
930.661; 2955.975;  188.125;    0.000
930.835; 2915.975;  170.125;    0.000
931.008; 2974.975;  176.125;    0.000
931.181; 2954.975;  175.125;    0.000
931.354; 2846.975;  212.125;    0.000
931.528; 2827.975;  177.125;    0.000
931.701; 2805.975;  218.125;    0.000
931.874; 2755.975;  175.125;    0.000
932.047; 2823.975;  157.125;    0.000
932.220; 2769.975;  187.125;    0.000
932.393; 2689.975;  166.125;    0.000
932.566; 2662.975;  168.125;    0.000
932.739; 2645.975;  203.125;    0.000
932.912; 2713.975;  202.125;    0.000
933.085; 2708.975;  209.125;    0.000
933.258; 2638.975;  196.125;    0.000
933.431; 2637.975;  207.125;    0.000
933.604; 2620.975;  201.125;    0.000
933.777; 2728.975;  202.125;    0.000
933.950; 2700.975;  184.125;    0.000
934.123; 2585.975;  167.125;    0.000
934.296; 2652.975;  209.125;    0.000
934.468; 2604.975;  216.125;    0.000
934.641; 2524.975;  156.125;    0.000
934.814; 2612.975;  215.125;    0.000
934.987; 2570.975;  201.125;    0.000
935.159; 2642.975;  176.125;    0.000
935.332; 2550.975;  203.125;    0.000
935.505; 2520.975;  163.125;    0.000
935.677; 2598.975;  169.125;    0.000
935.850; 2535.975;  178.125;    0.000
936.022; 2511.975;  187.125;    0.000
936.195; 2557.975;  207.125;    0.000
936.367; 2438.975;  191.125;    0.000
936.540; 2611.975;  214.125;    0.000
936.712; 2611.975;  202.125;    0.000
936.885; 2633.975;  195.125;    0.000
937.057; 2564.975;  173.125;    0.000
937.229; 2623.975;  179.125;    0.000
937.402; 2679.975;  174.125;    0.000
937.574; 2645.975;  140.125;    0.000
937.746; 2774.975;  153.125;    0.000
937.919; 2802.975;  196.125;    0.000
938.091; 2807.975;  173.125;    0.000
938.263; 3023.975;  206.125;    0.000
938.435; 3202.975;  213.125;    0.000
938.608; 3427.975;  204.125;    0.000
938.780; 3785.975;  199.125;    0.000
938.952; 3937.975;  190.125;    0.000
939.124; 4061.975;  182.125;    0.000
939.296; 4349.975;  188.125;    0.000
939.468; 4451.975;  119.125;    0.000
939.640; 4186.975;  171.125;    0.000
939.812; 3908.975;  222.125;    0.000
939.984; 3632.975;  172.125;    0.000
940.156; 3390.975;  171.125;    0.000
940.328; 3359.975;  215.125;    0.000
940.500; 3045.975;  179.125;    0.000
940.672; 3020.975;  178.125;    0.000
940.843; 3040.975;  193.125;    0.000
941.015; 2931.975;  207.125;    0.000
941.187; 2845.975;  179.125;    0.000
941.359; 2830.975;  191.125;    0.000
941.531; 2670.975;  160.125;    0.000
941.702; 2798.975;  208.125;    0.000
941.874; 2653.975;  143.125;    0.000
942.046; 2722.975;  189.125;    0.000
942.217; 2647.975;  167.125;    0.000
942.389; 2723.975;  199.125;    0.000
942.560; 2581.975;  179.125;    0.000
942.732; 2508.975;  209.125;    0.000
942.904; 2589.975;  180.125;    0.000
943.075; 2415.975;  197.125;    0.000
943.247; 2433.975;  207.125;    0.000
943.418; 2416.975;  183.125;    0.000
943.589; 2374.975;  176.125;    0.000
943.761; 2376.975;  165.125;    0.000
943.932; 2471.975;  170.125;    0.000
944.104; 2412.975;  147.125;    0.000
944.275; 2322.975;  149.125;    0.000
944.446; 2421.975;  191.125;    0.000
944.617; 2304.975;  128.125;    0.000
944.789; 2337.975;  166.125;    0.000
944.960; 2258.975;  195.125;    0.000
945.131; 2409.975;  164.125;    0.000
945.302; 2302.975;  229.125;    0.000
945.473; 2264.975;  153.125;    0.000
945.645; 2272.975;  166.125;    0.000
945.816; 2379.975;  187.125;    0.000
945.987; 2362.975;  193.125;    0.000
946.158; 2361.975;  166.125;    0.000
946.329; 2392.975;  196.125;    0.000
946.500; 2344.975;  152.125;    0.000
946.671; 2245.975;  161.125;    0.000
946.842; 2217.975;  176.125;    0.000
947.013; 2242.975;  188.125;    0.000
947.183; 2346.975;  213.125;    0.000
947.354; 2230.975;  163.125;    0.000
947.525; 2218.975;  204.125;    0.000
947.696; 2148.975;  159.125;    0.000
947.867; 2241.975;  197.125;    0.000
948.037; 2181.975;  174.125;    0.000
948.208; 2209.975;  163.125;    0.000
948.379; 2211.975;  189.125;    0.000
948.550; 2188.975;  173.125;    0.000
948.720; 2160.975;  186.125;    0.000
948.891; 2178.975;  166.125;    0.000
949.061; 2172.975;  197.125;    0.000
949.232; 2113.975;  168.125;    0.000
949.403; 2130.975;  188.125;    0.000
949.573; 2126.975;  164.125;    0.000
949.744; 2229.975;  194.125;    0.000
949.914; 2122.975;  154.125;    0.000
950.085; 2164.975;  197.125;    0.000
950.255; 2097.975;  187.125;    0.000
950.425; 2079.975;  193.125;    0.000
950.596; 2058.975;  182.125;    0.000
950.766; 2141.975;  202.125;    0.000
950.936; 2136.975;  230.125;    0.000
951.107; 2096.975;  133.125;    0.000
951.277; 2087.975;  234.125;    0.000
951.447; 2061.975;  200.125;    0.000
951.617; 2092.975;  212.125;    0.000
951.788; 1960.975;  176.125;    0.000
951.958; 2130.975;  218.125;    0.000
952.128; 2041.975;  198.125;    0.000
952.298; 2046.975;  185.125;    0.000
952.468; 2126.975;  231.125;    0.000
952.638; 2058.975;  213.125;    0.000
952.808; 2031.975;  218.125;    0.000
952.978; 2050.975;  252.125;    0.000
953.148; 2079.975;  200.125;    0.000
953.318; 2017.975;  243.125;    0.000
953.488; 1955.975;  140.125;    0.000
953.658; 1975.975;  208.125;    0.000
953.828; 2013.975;  179.125;    0.000
953.998; 1987.975;  211.125;    0.000
954.167; 2006.975;  197.125;    0.000
954.337; 1993.975;  217.125;    0.000
954.507; 1955.975;  219.125;    0.000
954.677; 1956.975;  201.125;    0.000
954.846; 2045.975;  241.125;    0.000
955.016; 1961.975;  222.125;    0.000
955.186; 1938.975;  200.125;    0.000
955.355; 1995.975;  247.125;    0.000
955.525; 1932.975;  212.125;    0.000
955.695; 1940.975;  200.125;    0.000
955.864; 1922.975;  196.125;    0.000
956.034; 1961.975;  195.125;    0.000
956.203; 1995.975;  243.125;    0.000
956.373; 1872.975;  197.125;    0.000
956.542; 1958.975;  237.125;    0.000
956.711; 1939.975;  249.125;    0.000
956.881; 1906.975;  235.125;    0.000
957.050; 1941.975;  259.125;    0.000
957.220; 1974.975;  234.125;    0.000
957.389; 1859.975;  250.125;    0.000
957.558; 1827.975;  214.125;    0.000
957.727; 1975.975;  225.125;    0.000
957.897; 1894.975;  211.125;    0.000
958.066; 1867.975;  200.125;    0.000
958.235; 1843.975;  202.125;    0.000
958.404; 1885.975;  242.125;    0.000
958.573; 1863.975;  222.125;    0.000
958.743; 1857.975;  191.125;    0.000
958.912; 1873.975;  183.125;    0.000
959.081; 1917.975;  212.125;    0.000
959.250; 1810.975;  192.125;    0.000
959.419; 1869.975;  238.125;    0.000
959.588; 1798.975;  205.125;    0.000
959.757; 1830.975;  213.125;    0.000
959.926; 1864.975;  217.125;    0.000
960.094; 1821.975;  215.125;    0.000
960.263; 1820.975;  220.125;    0.000
960.432; 1803.975;  164.125;    0.000
960.601; 1773.975;  228.125;    0.000
960.770; 1712.975;  176.125;    0.000
960.939; 1850.975;  201.125;    0.000
961.107; 1838.975;  183.125;    0.000
961.276; 1789.975;  199.125;    0.000
961.445; 1850.975;  205.125;    0.000
961.613; 1794.975;  183.125;    0.000
961.782; 1779.975;  216.125;    0.000
961.951; 1839.975;  169.125;    0.000
962.119; 1808.975;  211.125;    0.000
962.288; 1815.975;  204.125;    0.000
962.456; 1685.975;  187.125;    0.000
962.625; 1843.975;  223.125;    0.000
962.793; 1705.975;  200.125;    0.000
962.962; 1796.975;  185.125;    0.000
963.130; 1775.975;  195.125;    0.000
963.298; 1704.975;  187.125;    0.000
963.467; 1771.975;  247.125;    0.000
963.635; 1742.975;  165.125;    0.000
963.803; 1732.975;  192.125;    0.000
963.972; 1745.975;  191.125;    0.000
964.140; 1768.975;  163.125;    0.000
964.308; 1811.975;  161.125;    0.000
964.477; 1795.975;  182.125;    0.000
964.645; 1746.975;  195.125;    0.000
964.813; 1716.975;  165.125;    0.000
964.981; 1798.975;  193.125;    0.000
965.149; 1827.975;  174.125;    0.000
965.317; 1795.975;  194.125;    0.000
965.485; 1777.975;  209.125;    0.000
965.653; 1782.975;  210.125;    0.000
965.821; 1741.975;  194.125;    0.000
965.989; 1779.975;  182.125;    0.000
966.157; 1681.975;  180.125;    0.000
966.325; 1700.975;  198.125;    0.000
966.493; 1661.975;  182.125;    0.000
966.661; 1690.975;  200.125;    0.000
966.829; 1675.975;  190.125;    0.000
966.996; 1690.975;  221.125;    0.000
967.164; 1708.975;  176.125;    0.000
967.332; 1758.975;  228.125;    0.000
967.500; 1739.975;  177.125;    0.000
967.667; 1705.975;  202.125;    0.000
967.835; 1781.975;  220.125;    0.000
968.003; 1764.975;  183.125;    0.000
968.170; 1757.975;  163.125;    0.000
968.338; 1737.975;  162.125;    0.000
968.505; 1796.975;  198.125;    0.000
968.673; 1698.975;  213.125;    0.000
968.841; 1730.975;  131.125;    0.000
969.008; 1776.975;  225.125;    0.000
969.175; 1760.975;  202.125;    0.000
969.343; 1718.975;  222.125;    0.000
969.510; 1793.975;  230.125;    0.000
969.678; 1713.975;  161.125;    0.000
969.845; 1748.975;  208.125;    0.000
970.012; 1702.975;  186.125;    0.000
970.180; 1753.975;  226.125;    0.000
970.347; 1728.975;  222.125;    0.000
970.514; 1664.975;  206.125;    0.000
970.681; 1688.975;  173.125;    0.000
970.849; 1705.975;  190.125;    0.000
971.016; 1690.975;  220.125;    0.000
971.183; 1646.975;  202.125;    0.000
971.350; 1718.975;  196.125;    0.000
971.517; 1668.975;  218.125;    0.000
971.684; 1704.975;  228.125;    0.000
971.851; 1635.975;  235.125;    0.000
972.018; 1691.975;  200.125;    0.000
972.185; 1703.975;  183.125;    0.000
972.352; 1624.975;  216.125;    0.000
972.519; 1664.975;  227.125;    0.000
972.686; 1599.975;  209.125;    0.000
972.853; 1689.975;  157.125;    0.000
973.020; 1671.975;  179.125;    0.000
973.186; 1634.975;  173.125;    0.000
973.353; 1674.975;  189.125;    0.000
973.520; 1661.975;  228.125;    0.000
973.687; 1616.975;  190.125;    0.000
973.853; 1687.975;  197.125;    0.000
974.020; 1655.975;  208.125;    0.000
974.187; 1717.975;  158.125;    0.000
974.353; 1690.975;  201.125;    0.000
974.520; 1646.975;  158.125;    0.000
974.687; 1589.975;  192.125;    0.000
974.853; 1705.975;  177.125;    0.000
975.020; 1644.975;  212.125;    0.000
975.186; 1585.975;  200.125;    0.000
975.353; 1637.975;  208.125;    0.000
975.519; 1658.975;  169.125;    0.000
975.685; 1576.975;  176.125;    0.000
975.852; 1648.975;  201.125;    0.000
976.018; 1668.975;  209.125;    0.000
976.184; 1600.975;  197.125;    0.000
976.351; 1651.975;  196.125;    0.000
976.517; 1618.975;  243.125;    0.000
976.683; 1620.975;  210.125;    0.000
976.849; 1630.975;  226.125;    0.000
977.016; 1624.975;  218.125;    0.000
977.182; 1609.975;  213.125;    0.000
977.348; 1577.975;  205.125;    0.000
977.514; 1654.975;  210.125;    0.000
977.680; 1617.975;  226.125;    0.000
977.846; 1574.975;  206.125;    0.000
978.012; 1598.975;  222.125;    0.000
978.178; 1578.975;  216.125;    0.000
978.344; 1575.975;  172.125;    0.000
978.510; 1596.975;  210.125;    0.000
978.676; 1597.975;  184.125;    0.000
978.842; 1507.975;  190.125;    0.000
979.008; 1603.975;  203.125;    0.000
979.174; 1617.975;  211.125;    0.000
979.340; 1590.975;  190.125;    0.000
979.505; 1598.975;  235.125;    0.000
979.671; 1549.975;  182.125;    0.000
979.837; 1631.975;  235.125;    0.000
980.003; 1580.975;  183.125;    0.000
980.168; 1537.975;  220.125;    0.000
980.334; 1575.975;  161.125;    0.000
980.499; 1594.975;  212.125;    0.000
980.665; 1597.975;  219.125;    0.000
980.831; 1614.975;  201.125;    0.000
980.996; 1656.975;  189.125;    0.000
981.162; 1653.975;  222.125;    0.000
981.327; 1575.975;  173.125;    0.000
981.493; 1660.975;  197.125;    0.000
981.658; 1595.975;  178.125;    0.000
981.823; 1612.975;  196.125;    0.000
981.989; 1606.975;  248.125;    0.000
982.154; 1573.975;  222.125;    0.000
982.319; 1568.975;  226.125;    0.000
982.485; 1639.975;  188.125;    0.000
982.650; 1572.975;  203.125;    0.000
982.815; 1595.975;  237.125;    0.000
982.980; 1606.975;  210.125;    0.000
983.146; 1586.975;  202.125;    0.000
983.311; 1623.975;  195.125;    0.000
983.476; 1570.975;  207.125;    0.000
983.641; 1649.975;  198.125;    0.000
983.806; 1555.975;  136.125;    0.000
983.971; 1591.975;  248.125;    0.000
984.136; 1509.975;  213.125;    0.000
984.301; 1563.975;  181.125;    0.000
984.466; 1590.975;  210.125;    0.000
984.631; 1597.975;  219.125;    0.000
984.796; 1555.975;  207.125;    0.000
984.961; 1554.975;  214.125;    0.000
985.126; 1579.975;  218.125;    0.000
985.291; 1625.975;  214.125;    0.000
985.455; 1508.975;  187.125;    0.000
985.620; 1525.975;  191.125;    0.000
985.785; 1577.975;  190.125;    0.000
985.950; 1531.975;  184.125;    0.000
986.114; 1510.975;  242.125;    0.000
986.279; 1554.975;  251.125;    0.000
986.444; 1524.975;  177.125;    0.000
986.608; 1558.975;  216.125;    0.000
986.773; 1605.975;  211.125;    0.000
986.937; 1651.975;  244.125;    0.000
987.102; 1599.975;  187.125;    0.000
987.266; 1548.975;  178.125;    0.000
987.431; 1543.975;  205.125;    0.000
987.595; 1590.975;  221.125;    0.000
987.760; 1515.975;  205.125;    0.000
987.924; 1563.975;  195.125;    0.000
988.088; 1498.975;  184.125;    0.000
988.253; 1523.975;  188.125;    0.000
988.417; 1515.975;  196.125;    0.000
988.581; 1459.975;  218.125;    0.000
988.746; 1489.975;  203.125;    0.000
988.910; 1545.975;  195.125;    0.000
989.074; 1557.975;  187.125;    0.000
989.238; 1549.975;  243.125;    0.000
989.402; 1555.975;  242.125;    0.000
989.566; 1548.975;  205.125;    0.000
989.731; 1460.975;  195.125;    0.000
989.895; 1540.975;  211.125;    0.000
990.059; 1452.975;  175.125;    0.000
990.223; 1523.975;  176.125;    0.000
990.387; 1588.975;  234.125;    0.000
990.551; 1476.975;  231.125;    0.000
990.714; 1510.975;  209.125;    0.000
990.878; 1478.975;  187.125;    0.000
991.042; 1507.975;  183.125;    0.000
991.206; 1538.975;  216.125;    0.000
991.370; 1564.975;  257.125;    0.000
991.534; 1579.975;  188.125;    0.000
991.697; 1499.975;  203.125;    0.000
991.861; 1495.975;  219.125;    0.000
992.025; 1503.975;  221.125;    0.000
992.188; 1454.975;  188.125;    0.000
992.352; 1525.975;  205.125;    0.000
992.516; 1481.975;  189.125;    0.000
992.679; 1413.975;  207.125;    0.000
992.843; 1495.975;  210.125;    0.000
993.006; 1481.975;  191.125;    0.000
993.170; 1494.975;  228.125;    0.000
993.333; 1458.975;  142.125;    0.000
993.497; 1456.975;  175.125;    0.000
993.660; 1483.975;  220.125;    0.000
993.824; 1536.975;  193.125;    0.000
993.987; 1467.975;  219.125;    0.000
994.150; 1495.975;  166.125;    0.000
994.314; 1566.975;  207.125;    0.000
994.477; 1381.975;  227.125;    0.000
994.640; 1520.975;  210.125;    0.000
994.803; 1475.975;  219.125;    0.000
994.967; 1437.975;  192.125;    0.000
995.130; 1451.975;  197.125;    0.000
995.293; 1398.975;  189.125;    0.000
995.456; 1500.975;  180.125;    0.000
995.619; 1451.975;  239.125;    0.000
995.782; 1446.975;  209.125;    0.000
995.945; 1389.975;  216.125;    0.000
996.108; 1469.975;  198.125;    0.000
996.271; 1448.975;  205.125;    0.000
996.434; 1445.975;  205.125;    0.000
996.597; 1347.975;  208.125;    0.000
996.760; 1404.975;  205.125;    0.000
996.923; 1406.975;  174.125;    0.000
997.086; 1426.975;  198.125;    0.000
997.248; 1486.975;  214.125;    0.000
997.411; 1489.975;  237.125;    0.000
997.574; 1384.975;  182.125;    0.000
997.737; 1371.975;  188.125;    0.000
997.899; 1361.975;  216.125;    0.000
998.062; 1481.975;  210.125;    0.000
998.225; 1424.975;  202.125;    0.000
998.387; 1434.975;  202.125;    0.000
998.550; 1479.975;  193.125;    0.000
998.712; 1448.975;  225.125;    0.000
998.875; 1410.975;  228.125;    0.000
999.037; 1394.975;  186.125;    0.000
999.200; 1423.975;  212.125;    0.000
999.362; 1435.975;  234.125;    0.000
999.525; 1394.975;  170.125;    0.000
999.687; 1457.975;  191.125;    0.000
999.849; 1441.975;  218.125;    0.000
1000.012; 1415.975;  187.125;    0.000
1000.174; 1453.975;  216.125;    0.000
1000.336; 1415.975;  194.125;    0.000
1000.499; 1436.975;  209.125;    0.000
1000.661; 1462.975;  208.125;    0.000
1000.823; 1397.975;  197.125;    0.000
1000.985; 1468.975;  201.125;    0.000
1001.147; 1529.975;  234.125;    0.000
1001.309; 1422.975;  180.125;    0.000
1001.471; 1463.975;  223.125;    0.000
1001.633; 1486.975;  198.125;    0.000
1001.796; 1484.975;  200.125;    0.000
1001.958; 1496.975;  204.125;    0.000
1002.119; 1505.975;  193.125;    0.000
1002.281; 1559.975;  205.125;    0.000
1002.443; 1607.975;  236.125;    0.000
1002.605; 1670.975;  197.125;    0.000
1002.767; 1684.975;  223.125;    0.000
1002.929; 1702.975;  220.125;    0.000
1003.091; 1751.975;  214.125;    0.000
1003.252; 1933.975;  233.125;    0.000
1003.414; 1881.975;  230.125;    0.000
1003.576; 1886.975;  203.125;    0.000
1003.738; 1995.975;  201.125;    0.000
1003.899; 2109.975;  222.125;    0.000
1004.061; 2172.975;  208.125;    0.000
1004.222; 2208.975;  194.125;    0.000
1004.384; 2281.975;  205.125;    0.000
1004.546; 2331.975;  162.125;    0.000
1004.707; 2308.975;  232.125;    0.000
1004.869; 2420.975;  223.125;    0.000
1005.030; 2336.975;  204.125;    0.000
1005.191; 2228.975;  214.125;    0.000
1005.353; 2233.975;  226.125;    0.000
1005.514; 2204.975;  201.125;    0.000
1005.675; 2060.975;  205.125;    0.000
1005.837; 2016.975;  235.125;    0.000
1005.998; 2004.975;  210.125;    0.000
1006.159; 1968.975;  214.125;    0.000
1006.321; 2032.975;  236.125;    0.000
1006.482; 2010.975;  214.125;    0.000
1006.643; 2102.975;  213.125;    0.000
1006.804; 2138.975;  204.125;    0.000
1006.965; 2216.975;  212.125;    0.000
1007.126; 2314.975;  251.125;    0.000
1007.287; 2197.975;  238.125;    0.000
1007.448; 2243.975;  198.125;    0.000
1007.609; 2265.975;  241.125;    0.000
1007.770; 2124.975;  213.125;    0.000
1007.931; 2043.975;  225.125;    0.000
1008.092; 2140.975;  204.125;    0.000
1008.253; 2187.975;  220.125;    0.000
1008.414; 2206.975;  180.125;    0.000
1008.575; 2200.975;  224.125;    0.000
1008.736; 2283.975;  164.125;    0.000
1008.896; 2238.975;  247.125;    0.000
1009.057; 2247.975;  263.125;    0.000
1009.218; 2159.975;  233.125;    0.000
1009.379; 2286.975;  207.125;    0.000
1009.539; 2319.975;  221.125;    0.000
1009.700; 2319.975;  209.125;    0.000
1009.860; 2339.975;  217.125;    0.000
1010.021; 2277.975;  182.125;    0.000
1010.182; 2237.975;  233.125;    0.000
1010.342; 2269.975;  210.125;    0.000
1010.503; 2401.975;  232.125;    0.000
1010.663; 2483.975;  228.125;    0.000
1010.823; 2452.975;  212.125;    0.000
1010.984; 2532.975;  244.125;    0.000
1011.144; 2428.975;  200.125;    0.000
1011.305; 2530.975;  237.125;    0.000
1011.465; 2651.975;  225.125;    0.000
1011.625; 2682.975;  215.125;    0.000
1011.785; 2736.975;  235.125;    0.000
1011.946; 2686.975;  231.125;    0.000
1012.106; 2655.975;  206.125;    0.000
1012.266; 2723.975;  218.125;    0.000
1012.426; 2671.975;  249.125;    0.000
1012.586; 2740.975;  217.125;    0.000
1012.746; 2683.975;  231.125;    0.000
1012.906; 2591.975;  230.125;    0.000
1013.066; 2687.975;  260.125;    0.000
1013.226; 2723.975;  206.125;    0.000
1013.386; 2746.975;  220.125;    0.000
1013.546; 2641.975;  233.125;    0.000
1013.706; 2613.975;  194.125;    0.000
1013.866; 2685.975;  209.125;    0.000
1014.026; 2643.975;  204.125;    0.000
1014.186; 2709.975;  203.125;    0.000
1014.346; 2590.975;  244.125;    0.000
1014.505; 2678.975;  206.125;    0.000
1014.665; 2664.975;  210.125;    0.000
1014.825; 2701.975;  235.125;    0.000
1014.985; 2624.975;  227.125;    0.000
1015.144; 2757.975;  237.125;    0.000
1015.304; 2985.975;  196.125;    0.000
1015.464; 2866.975;  228.125;    0.000
1015.623; 2838.975;  235.125;    0.000
1015.783; 3064.975;  187.125;    0.000
1015.942; 3222.975;  184.125;    0.000
1016.102; 3136.975;  245.125;    0.000
1016.261; 3067.975;  203.125;    0.000
1016.420; 3335.975;  209.125;    0.000
1016.580; 3548.975;  235.125;    0.000
1016.739; 3507.975;  175.125;    0.000
1016.899; 3354.975;  220.125;    0.000
1017.058; 3561.975;  219.125;    0.000
1017.217; 3721.975;  238.125;    0.000
1017.376; 3660.975;  235.125;    0.000
1017.536; 3149.975;  195.125;    0.000
1017.695; 3299.975;  215.125;    0.000
1017.854; 3432.975;  231.125;    0.000
1018.013; 3334.975;  184.125;    0.000
1018.172; 3138.975;  179.125;    0.000
1018.331; 3024.975;  205.125;    0.000
1018.490; 3397.975;  203.125;    0.000
1018.649; 3482.975;  261.125;    0.000
1018.808; 3603.975;  253.125;    0.000
1018.967; 3413.975;  201.125;    0.000
1019.126; 3412.975;  216.125;    0.000
1019.285; 3690.975;  169.125;    0.000
1019.444; 3679.975;  226.125;    0.000
1019.603; 3433.975;  252.125;    0.000
1019.762; 3272.975;  206.125;    0.000
1019.921; 3310.975;  235.125;    0.000
1020.079; 3635.975;  192.125;    0.000
1020.238; 3783.975;  226.125;    0.000
1020.397; 3578.975;  231.125;    0.000
1020.555; 3466.975;  218.125;    0.000
1020.714; 3537.975;  235.125;    0.000
1020.873; 3769.975;  229.125;    0.000
1021.031; 3675.975;  234.125;    0.000
1021.190; 3493.975;  223.125;    0.000
1021.348; 3515.975;  186.125;    0.000
1021.507; 3868.975;  201.125;    0.000
1021.665; 4010.975;  222.125;    0.000
1021.824; 3739.975;  208.125;    0.000
1021.982; 3548.975;  209.125;    0.000
1022.141; 3527.975;  224.125;    0.000
1022.299; 4032.975;  214.125;    0.000
1022.457; 4211.975;  176.125;    0.000
1022.616; 3653.975;  211.125;    0.000
1022.774; 3454.975;  218.125;    0.000
1022.932; 3681.975;  205.125;    0.000
1023.090; 4174.975;  246.125;    0.000
1023.249; 4149.975;  249.125;    0.000
1023.407; 3778.975;  235.125;    0.000
1023.565; 3369.975;  202.125;    0.000
1023.723; 3792.975;  210.125;    0.000
1023.881; 4179.975;  206.125;    0.000
1024.039; 4074.975;  240.125;    0.000
1024.197; 3765.975;  275.125;    0.000
1024.355; 3556.975;  228.125;    0.000
1024.513; 3738.975;  234.125;    0.000
1024.671; 4243.975;  222.125;    0.000
1024.829; 4197.975;  241.125;    0.000
1024.987; 3860.975;  209.125;    0.000
1025.145; 3580.975;  227.125;    0.000
1025.302; 3815.975;  208.125;    0.000
1025.460; 4263.975;  210.125;    0.000
1025.618; 4350.975;  192.125;    0.000
1025.776; 4012.975;  220.125;    0.000
1025.933; 3548.975;  223.125;    0.000
1026.091; 3805.975;  189.125;    0.000
1026.249; 4261.975;  210.125;    0.000
1026.406; 4417.975;  231.125;    0.000
1026.564; 4156.975;  247.125;    0.000
1026.721; 3848.975;  213.125;    0.000
1026.879; 3808.975;  208.125;    0.000
1027.036; 4160.975;  222.125;    0.000
1027.194; 4422.975;  253.125;    0.000
1027.351; 4422.975;  239.125;    0.000
1027.509; 4152.975;  232.125;    0.000
1027.666; 3954.975;  251.125;    0.000
1027.823; 4200.975;  212.125;    0.000
1027.981; 4335.975;  260.125;    0.000
1028.138; 4625.975;  263.125;    0.000
1028.295; 4202.975;  251.125;    0.000
1028.452; 4017.975;  249.125;    0.000
1028.609; 4040.975;  259.125;    0.000
1028.767; 4397.975;  255.125;    0.000
1028.924; 4380.975;  201.125;    0.000
1029.081; 4397.975;  217.125;    0.000
1029.238; 4380.975;  230.125;    0.000
1029.395; 4252.975;  263.125;    0.000
1029.552; 4348.975;  207.125;    0.000
1029.709; 4622.975;  220.125;    0.000
1029.866; 4534.975;  214.125;    0.000
1030.023; 4426.975;  224.125;    0.000
1030.180; 4106.975;  209.125;    0.000
1030.337; 4278.975;  269.125;    0.000
1030.494; 4499.975;  207.125;    0.000
1030.650; 4745.975;  230.125;    0.000
1030.807; 4721.975;  217.125;    0.000
1030.964; 4287.975;  212.125;    0.000
1031.121; 4215.975;  220.125;    0.000
1031.277; 4193.975;  233.125;    0.000
1031.434; 4608.975;  266.125;    0.000
1031.591; 4792.975;  270.125;    0.000
1031.747; 4617.975;  229.125;    0.000
1031.904; 4705.975;  227.125;    0.000
1032.060; 4410.975;  210.125;    0.000
1032.217; 4304.975;  218.125;    0.000
1032.373; 4846.975;  190.125;    0.000
1032.530; 5230.975;  236.125;    0.000
1032.686; 5562.975;  199.125;    0.000
1032.843; 5379.975;  216.125;    0.000
1032.999; 5030.975;  204.125;    0.000
1033.155; 5169.975;  208.125;    0.000
1033.312; 5157.975;  231.125;    0.000
1033.468; 6197.975;  213.125;    0.000
1033.624; 6407.975;  235.125;    0.000
1033.780; 6715.975;  233.125;    0.000
1033.937; 6574.975;  201.125;    0.000
1034.093; 6068.975;  233.125;    0.000
1034.249; 6220.975;  214.125;    0.000
1034.405; 6219.975;  245.125;    0.000
1034.561; 7085.975;  228.125;    0.000
1034.717; 7151.975;  234.125;    0.000
1034.873; 7112.975;  248.125;    0.000
1035.029; 7200.975;  220.125;    0.000
1035.185; 6671.975;  294.125;    0.000
1035.341; 6422.975;  231.125;    0.000
1035.497; 7037.975;  254.125;    0.000
1035.653; 7066.975;  225.125;    0.000
1035.809; 7968.975;  243.125;    0.000
1035.964; 8363.975;  216.125;    0.000
1036.120; 8065.975;  199.125;    0.000
1036.276; 7706.975;  220.125;    0.000
1036.432; 7515.975;  210.125;    0.000
1036.587; 7108.975;  225.125;    0.000
1036.743; 7729.975;  245.125;    0.000
1036.899; 8136.975;  219.125;    0.000
1037.054; 8545.975;  157.125;    0.000
1037.210; 9409.975;  208.125;    0.000
1037.365; 9644.975;  230.125;    0.000
1037.521; 8872.975;  236.125;    0.000
1037.676; 8712.975;  193.125;    0.000
1037.832; 8018.975;  246.125;    0.000
1037.987; 8190.975;  231.125;    0.000
1038.143; 8376.975;  234.125;    0.000
1038.298; 9496.975;  219.125;    0.000
1038.453; 9590.975;  230.125;    0.000
1038.609;10611.975;  254.125;    0.000
1038.764;10449.975;  249.125;    0.000
1038.919; 9158.975;  224.125;    0.000
1039.074; 9234.975;  209.125;    0.000
1039.229; 8549.975;  214.125;    0.000
1039.385; 8689.975;  268.125;    0.000
1039.540; 9016.975;  268.125;    0.000
1039.695; 9969.975;  229.125;    0.000
1039.850;10911.975;  252.125;    0.000
1040.005;11666.975;  248.125;    0.000
1040.160;12132.975;  215.125;    0.000
1040.315;11656.975;  239.125;    0.000
1040.470;10870.975;  210.125;    0.000
1040.625;10459.975;  239.125;    0.000
1040.780;10139.975;  251.125;    0.000
1040.935;10286.975;  247.125;    0.000
1041.089;10786.975;  215.125;    0.000
1041.244;12469.975;  210.125;    0.000
1041.399;13357.975;  237.125;    0.000
1041.554;13503.975;  253.125;    0.000
1041.708;15061.975;  227.125;    0.000
1041.863;14503.975;  219.125;    0.000
1042.018;13636.975;  246.125;    0.000
1042.172;13478.975;  236.125;    0.000
1042.327;12355.975;  272.125;    0.000
1042.481;12806.975;  197.125;    0.000
1042.636;12799.975;  213.125;    0.000
1042.791;13552.975;  250.125;    0.000
1042.945;16397.975;  267.125;    0.000
1043.099;17259.975;  257.125;    0.000
1043.254;16605.975;  206.125;    0.000
1043.408;17485.975;  266.125;    0.000
1043.563;19474.975;  232.125;    0.000
1043.717;17708.975;  241.125;    0.000
1043.871;16231.975;  248.125;    0.000
1044.025;16576.975;  234.125;    0.000
1044.180;16332.975;  222.125;    0.000
1044.334;15987.975;  235.125;    0.000
1044.488;16414.975;  270.125;    0.000
1044.642;17757.975;  215.125;    0.000
1044.796;20360.975;  212.125;    0.000
1044.950;22706.975;  228.125;    0.000
1045.104;24023.975;  223.125;    0.000
1045.258;24289.975;  236.125;    0.000
1045.412;22544.975;  225.125;    0.000
1045.566;22052.975;  245.125;    0.000
1045.720;21223.975;  201.125;    0.000
1045.874;19401.975;  229.125;    0.000
1046.028;18770.975;  243.125;    0.000
1046.182;18788.975;  212.125;    0.000
1046.336;20012.975;  256.125;    0.000
1046.489;20475.975;  234.125;    0.000
1046.643;20634.975;  246.125;    0.000
1046.797;22871.975;  219.125;    0.000
1046.951;23934.975;  231.125;    0.000
1047.104;24122.975;  285.125;    0.000
1047.258;25301.975;  256.125;    0.000
1047.411;26065.975;  232.125;    0.000
1047.565;25895.975;  269.125;    0.000
1047.719;24559.975;  213.125;    0.000
1047.872;23505.975;  210.125;    0.000
1048.026;22506.975;  251.125;    0.000
1048.179;22064.975;  213.125;    0.000
1048.332;22039.975;  212.125;    0.000
1048.486;21585.975;  218.125;    0.000
1048.639;23014.975;  218.125;    0.000
1048.792;23217.975;  247.125;    0.000
1048.946;25480.975;  208.125;    0.000
1049.099;27601.975;  247.125;    0.000
1049.252;27854.975;  274.125;    0.000
1049.406;25693.975;  232.125;    0.000
1049.559;27276.975;  251.125;    0.000
1049.712;29930.975;  243.125;    0.000
1049.865;31958.975;  219.125;    0.000
1050.018;30669.975;  216.125;    0.000
1050.171;27256.975;  237.125;    0.000
1050.324;27162.975;  291.125;    0.000
1050.477;29227.975;  241.125;    0.000
1050.630;31373.975;  245.125;    0.000
1050.783;32072.975;  213.125;    0.000
1050.936;28802.975;  246.125;    0.000
1051.089;26685.975;  255.125;    0.000
1051.242;29203.975;  228.125;    0.000
1051.394;33078.977;  276.125;    0.000
1051.547;34016.977;  246.125;    0.000
1051.700;31721.975;  252.125;    0.000
1051.853;31116.975;  267.125;    0.000
1052.005;32921.977;  261.125;    0.000
1052.158;35921.977;  313.125;    0.000
1052.311;39118.977;  264.125;    0.000
1052.463;37400.977;  271.125;    0.000
1052.616;33076.977;  291.125;    0.000
1052.768;29850.975;  298.125;    0.000
1052.921;29202.975;  262.125;    0.000
1053.073;32527.975;  307.125;    0.000
1053.226;36844.977;  301.125;    0.000
1053.378;40974.977;  309.125;    0.000
1053.531;43285.977;  280.125;    0.000
1053.683;40999.977;  258.125;    0.000
1053.835;34425.977;  267.125;    0.000
1053.988;26434.975;  294.125;    0.000
1054.140; 4897.975;  292.125;    0.000
1054.292; 1218.975;  249.125;    0.000
1054.444;  975.975;  288.125;    0.000
1054.596;  868.975;  275.125;    0.000
1054.749;  799.975;  284.125;    0.000
1054.901;  802.975;  291.125;    0.000
1055.053;  777.975;  274.125;    0.000
1055.205;  669.975;  313.125;    0.000
1055.357;  654.975;  309.125;    0.000
1055.509;  659.975;  283.125;    0.000
1055.661;  681.975;  341.125;    0.000
1055.813;  638.975;  288.125;    0.000
1055.965;  642.975;  300.125;    0.000
1056.116;  619.975;  296.125;    0.000
1056.268;  605.975;  319.125;    0.000
1056.420;  576.975;  298.125;    0.000

