
Integration time [ms]:   1.000
Averaging Nr. [scans]: 1
Smoothing Nr. [pixels]: 0
Data measured with spectrometer [name]: UV1
Wave   ;Sample   ;Dark     ;Reference
[nm]   ;[counts] ;[counts] ;[counts] 

236.381;  140.375;    0.000;    0.000
236.451;  186.375;    0.000;    0.000
236.520;  193.375;    0.000;    0.000
236.590;  208.375;    0.000;    0.000
236.660;  164.375;    0.000;    0.000
236.730;  191.375;    0.000;    0.000
236.799;  206.375;    0.000;    0.000
236.869;  181.375;    0.000;    0.000
236.939;  175.375;    0.000;    0.000
237.009;  181.375;    0.000;    0.000
237.078;  170.375;    0.000;    0.000
237.148;  162.375;    0.000;    0.000
237.218;  215.375;    0.000;    0.000
237.287;  168.375;    0.000;    0.000
237.357;  177.375;    0.000;    0.000
237.427;  196.375;    0.000;    0.000
237.496;  388.375;    0.000;    0.000
237.566;  404.375;    0.000;    0.000
237.636;  387.375;    0.000;    0.000
237.705;  397.375;    0.000;    0.000
237.775;  365.375;    0.000;    0.000
237.845;  401.375;    0.000;    0.000
237.914;  349.375;    0.000;    0.000
237.984;  420.375;    0.000;    0.000
238.054;  379.375;    0.000;    0.000
238.123;  301.375;    0.000;    0.000
238.193;  351.375;    0.000;    0.000
238.263;  415.375;    0.000;    0.000
238.332;  367.375;    0.000;    0.000
238.402;  380.375;    0.000;    0.000
238.471;  385.375;    0.000;    0.000
238.541;  346.375;    0.000;    0.000
238.611;  314.375;    0.000;    0.000
238.680;  364.375;    0.000;    0.000
238.750;  399.375;    0.000;    0.000
238.819;  403.375;    0.000;    0.000
238.889;  366.375;    0.000;    0.000
238.958;  350.375;    0.000;    0.000
239.028;  349.375;    0.000;    0.000
239.097;  356.375;    0.000;    0.000
239.167;  382.375;    0.000;    0.000
239.237;  400.375;    0.000;    0.000
239.306;  380.375;    0.000;    0.000
239.376;  399.375;    0.000;    0.000
239.445;  413.375;    0.000;    0.000
239.515;  408.375;    0.000;    0.000
239.584;  367.375;    0.000;    0.000
239.654;  385.375;    0.000;    0.000
239.723;  390.375;    0.000;    0.000
239.793;  325.375;    0.000;    0.000
239.862;  379.375;    0.000;    0.000
239.932;  346.375;    0.000;    0.000
240.001;  391.375;    0.000;    0.000
240.070;  380.375;    0.000;    0.000
240.140;  391.375;    0.000;    0.000
240.209;  348.375;    0.000;    0.000
240.279;  368.375;    0.000;    0.000
240.348;  384.375;    0.000;    0.000
240.418;  319.375;    0.000;    0.000
240.487;  384.375;    0.000;    0.000
240.556;  383.375;    0.000;    0.000
240.626;  367.375;    0.000;    0.000
240.695;  405.375;    0.000;    0.000
240.765;  352.375;    0.000;    0.000
240.834;  377.375;    0.000;    0.000
240.903;  372.375;    0.000;    0.000
240.973;  336.375;    0.000;    0.000
241.042;  353.375;    0.000;    0.000
241.112;  357.375;    0.000;    0.000
241.181;  421.375;    0.000;    0.000
241.250;  339.375;    0.000;    0.000
241.320;  395.375;    0.000;    0.000
241.389;  323.375;    0.000;    0.000
241.458;  361.375;    0.000;    0.000
241.528;  375.375;    0.000;    0.000
241.597;  362.375;    0.000;    0.000
241.666;  328.375;    0.000;    0.000
241.736;  354.375;    0.000;    0.000
241.805;  349.375;    0.000;    0.000
241.874;  314.375;    0.000;    0.000
241.943;  382.375;    0.000;    0.000
242.013;  373.375;    0.000;    0.000
242.082;  354.375;    0.000;    0.000
242.151;  361.375;    0.000;    0.000
242.221;  404.375;    0.000;    0.000
242.290;  346.375;    0.000;    0.000
242.359;  371.375;    0.000;    0.000
242.428;  396.375;    0.000;    0.000
242.498;  317.375;    0.000;    0.000
242.567;  381.375;    0.000;    0.000
242.636;  352.375;    0.000;    0.000
242.705;  388.375;    0.000;    0.000
242.774;  371.375;    0.000;    0.000
242.844;  391.375;    0.000;    0.000
242.913;  343.375;    0.000;    0.000
242.982;  363.375;    0.000;    0.000
243.051;  373.375;    0.000;    0.000
243.120;  376.375;    0.000;    0.000
243.190;  332.375;    0.000;    0.000
243.259;  388.375;    0.000;    0.000
243.328;  358.375;    0.000;    0.000
243.397;  327.375;    0.000;    0.000
243.466;  337.375;    0.000;    0.000
243.535;  329.375;    0.000;    0.000
243.605;  361.375;    0.000;    0.000
243.674;  362.375;    0.000;    0.000
243.743;  408.375;    0.000;    0.000
243.812;  361.375;    0.000;    0.000
243.881;  391.375;    0.000;    0.000
243.950;  329.375;    0.000;    0.000
244.019;  386.375;    0.000;    0.000
244.088;  343.375;    0.000;    0.000
244.158;  389.375;    0.000;    0.000
244.227;  344.375;    0.000;    0.000
244.296;  351.375;    0.000;    0.000
244.365;  406.375;    0.000;    0.000
244.434;  350.375;    0.000;    0.000
244.503;  417.375;    0.000;    0.000
244.572;  327.375;    0.000;    0.000
244.641;  354.375;    0.000;    0.000
244.710;  382.375;    0.000;    0.000
244.779;  352.375;    0.000;    0.000
244.848;  319.375;    0.000;    0.000
244.917;  382.375;    0.000;    0.000
244.986;  336.375;    0.000;    0.000
245.055;  382.375;    0.000;    0.000
245.124;  383.375;    0.000;    0.000
245.193;  346.375;    0.000;    0.000
245.262;  336.375;    0.000;    0.000
245.331;  325.375;    0.000;    0.000
245.400;  344.375;    0.000;    0.000
245.469;  384.375;    0.000;    0.000
245.538;  346.375;    0.000;    0.000
245.607;  337.375;    0.000;    0.000
245.676;  365.375;    0.000;    0.000
245.745;  359.375;    0.000;    0.000
245.814;  365.375;    0.000;    0.000
245.883;  378.375;    0.000;    0.000
245.952;  331.375;    0.000;    0.000
246.021;  407.375;    0.000;    0.000
246.090;  388.375;    0.000;    0.000
246.159;  345.375;    0.000;    0.000
246.227;  330.375;    0.000;    0.000
246.296;  362.375;    0.000;    0.000
246.365;  384.375;    0.000;    0.000
246.434;  409.375;    0.000;    0.000
246.503;  317.375;    0.000;    0.000
246.572;  372.375;    0.000;    0.000
246.641;  384.375;    0.000;    0.000
246.710;  419.375;    0.000;    0.000
246.779;  343.375;    0.000;    0.000
246.847;  375.375;    0.000;    0.000
246.916;  363.375;    0.000;    0.000
246.985;  369.375;    0.000;    0.000
247.054;  358.375;    0.000;    0.000
247.123;  360.375;    0.000;    0.000
247.192;  356.375;    0.000;    0.000
247.260;  396.375;    0.000;    0.000
247.329;  345.375;    0.000;    0.000
247.398;  350.375;    0.000;    0.000
247.467;  341.375;    0.000;    0.000
247.536;  331.375;    0.000;    0.000
247.604;  375.375;    0.000;    0.000
247.673;  359.375;    0.000;    0.000
247.742;  376.375;    0.000;    0.000
247.811;  395.375;    0.000;    0.000
247.879;  344.375;    0.000;    0.000
247.948;  362.375;    0.000;    0.000
248.017;  378.375;    0.000;    0.000
248.086;  365.375;    0.000;    0.000
248.154;  360.375;    0.000;    0.000
248.223;  391.375;    0.000;    0.000
248.292;  374.375;    0.000;    0.000
248.361;  354.375;    0.000;    0.000
248.429;  325.375;    0.000;    0.000
248.498;  339.375;    0.000;    0.000
248.567;  376.375;    0.000;    0.000
248.635;  422.375;    0.000;    0.000
248.704;  348.375;    0.000;    0.000
248.773;  355.375;    0.000;    0.000
248.841;  336.375;    0.000;    0.000
248.910;  395.375;    0.000;    0.000
248.979;  376.375;    0.000;    0.000
249.047;  351.375;    0.000;    0.000
249.116;  332.375;    0.000;    0.000
249.185;  375.375;    0.000;    0.000
249.253;  334.375;    0.000;    0.000
249.322;  377.375;    0.000;    0.000
249.390;  346.375;    0.000;    0.000
249.459;  347.375;    0.000;    0.000
249.528;  400.375;    0.000;    0.000
249.596;  324.375;    0.000;    0.000
249.665;  319.375;    0.000;    0.000
249.733;  368.375;    0.000;    0.000
249.802;  310.375;    0.000;    0.000
249.871;  319.375;    0.000;    0.000
249.939;  319.375;    0.000;    0.000
250.008;  364.375;    0.000;    0.000
250.076;  355.375;    0.000;    0.000
250.145;  326.375;    0.000;    0.000
250.213;  326.375;    0.000;    0.000
250.282;  350.375;    0.000;    0.000
250.350;  339.375;    0.000;    0.000
250.419;  326.375;    0.000;    0.000
250.487;  346.375;    0.000;    0.000
250.556;  374.375;    0.000;    0.000
250.624;  362.375;    0.000;    0.000
250.693;  302.375;    0.000;    0.000
250.761;  340.375;    0.000;    0.000
250.830;  332.375;    0.000;    0.000
250.898;  304.375;    0.000;    0.000
250.967;  292.375;    0.000;    0.000
251.035;  312.375;    0.000;    0.000
251.104;  311.375;    0.000;    0.000
251.172;  321.375;    0.000;    0.000
251.241;  289.375;    0.000;    0.000
251.309;  351.375;    0.000;    0.000
251.378;  281.375;    0.000;    0.000
251.446;  346.375;    0.000;    0.000
251.514;  319.375;    0.000;    0.000
251.583;  349.375;    0.000;    0.000
251.651;  292.375;    0.000;    0.000
251.720;  323.375;    0.000;    0.000
251.788;  340.375;    0.000;    0.000
251.856;  288.375;    0.000;    0.000
251.925;  229.375;    0.000;    0.000
251.993;  349.375;    0.000;    0.000
252.062;  320.375;    0.000;    0.000
252.130;  297.375;    0.000;    0.000
252.198;  297.375;    0.000;    0.000
252.267;  307.375;    0.000;    0.000
252.335;  291.375;    0.000;    0.000
252.403;  287.375;    0.000;    0.000
252.472;  297.375;    0.000;    0.000
252.540;  309.375;    0.000;    0.000
252.608;  314.375;    0.000;    0.000
252.677;  292.375;    0.000;    0.000
252.745;  328.375;    0.000;    0.000
252.813;  261.375;    0.000;    0.000
252.881;  249.375;    0.000;    0.000
252.950;  290.375;    0.000;    0.000
253.018;  301.375;    0.000;    0.000
253.086;  281.375;    0.000;    0.000
253.155;  271.375;    0.000;    0.000
253.223;  261.375;    0.000;    0.000
253.291;  296.375;    0.000;    0.000
253.359;  285.375;    0.000;    0.000
253.428;  347.375;    0.000;    0.000
253.496;  280.375;    0.000;    0.000
253.564;  285.375;    0.000;    0.000
253.632;  285.375;    0.000;    0.000
253.700;  269.375;    0.000;    0.000
253.769;  250.375;    0.000;    0.000
253.837;  283.375;    0.000;    0.000
253.905;  303.375;    0.000;    0.000
253.973;  291.375;    0.000;    0.000
254.041;  263.375;    0.000;    0.000
254.110;  308.375;    0.000;    0.000
254.178;  252.375;    0.000;    0.000
254.246;  256.375;    0.000;    0.000
254.314;  286.375;    0.000;    0.000
254.382;  280.375;    0.000;    0.000
254.450;  239.375;    0.000;    0.000
254.518;  277.375;    0.000;    0.000
254.587;  281.375;    0.000;    0.000
254.655;  332.375;    0.000;    0.000
254.723;  281.375;    0.000;    0.000
254.791;  280.375;    0.000;    0.000
254.859;  295.375;    0.000;    0.000
254.927;  303.375;    0.000;    0.000
254.995;  245.375;    0.000;    0.000
255.063;  261.375;    0.000;    0.000
255.131;  263.375;    0.000;    0.000
255.199;  288.375;    0.000;    0.000
255.267;  250.375;    0.000;    0.000
255.336;  283.375;    0.000;    0.000
255.404;  239.375;    0.000;    0.000
255.472;  292.375;    0.000;    0.000
255.540;  257.375;    0.000;    0.000
255.608;  250.375;    0.000;    0.000
255.676;  278.375;    0.000;    0.000
255.744;  234.375;    0.000;    0.000
255.812;  271.375;    0.000;    0.000
255.880;  285.375;    0.000;    0.000
255.948;  250.375;    0.000;    0.000
256.016;  298.375;    0.000;    0.000
256.084;  272.375;    0.000;    0.000
256.152;  250.375;    0.000;    0.000
256.220;  241.375;    0.000;    0.000
256.288;  280.375;    0.000;    0.000
256.356;  278.375;    0.000;    0.000
256.424;  251.375;    0.000;    0.000
256.491;  232.375;    0.000;    0.000
256.559;  275.375;    0.000;    0.000
256.627;  289.375;    0.000;    0.000
256.695;  236.375;    0.000;    0.000
256.763;  306.375;    0.000;    0.000
256.831;  321.375;    0.000;    0.000
256.899;  274.375;    0.000;    0.000
256.967;  215.375;    0.000;    0.000
257.035;  255.375;    0.000;    0.000
257.103;  296.375;    0.000;    0.000
257.171;  231.375;    0.000;    0.000
257.238;  250.375;    0.000;    0.000
257.306;  296.375;    0.000;    0.000
257.374;  270.375;    0.000;    0.000
257.442;  241.375;    0.000;    0.000
257.510;  324.375;    0.000;    0.000
257.578;  236.375;    0.000;    0.000
257.646;  321.375;    0.000;    0.000
257.713;  218.375;    0.000;    0.000
257.781;  277.375;    0.000;    0.000
257.849;  285.375;    0.000;    0.000
257.917;  279.375;    0.000;    0.000
257.985;  257.375;    0.000;    0.000
258.052;  268.375;    0.000;    0.000
258.120;  291.375;    0.000;    0.000
258.188;  273.375;    0.000;    0.000
258.256;  284.375;    0.000;    0.000
258.324;  305.375;    0.000;    0.000
258.391;  291.375;    0.000;    0.000
258.459;  324.375;    0.000;    0.000
258.527;  327.375;    0.000;    0.000
258.595;  283.375;    0.000;    0.000
258.662;  269.375;    0.000;    0.000
258.730;  276.375;    0.000;    0.000
258.798;  305.375;    0.000;    0.000
258.865;  348.375;    0.000;    0.000
258.933;  318.375;    0.000;    0.000
259.001;  329.375;    0.000;    0.000
259.069;  315.375;    0.000;    0.000
259.136;  297.375;    0.000;    0.000
259.204;  319.375;    0.000;    0.000
259.272;  316.375;    0.000;    0.000
259.339;  285.375;    0.000;    0.000
259.407;  356.375;    0.000;    0.000
259.475;  305.375;    0.000;    0.000
259.542;  320.375;    0.000;    0.000
259.610;  349.375;    0.000;    0.000
259.677;  381.375;    0.000;    0.000
259.745;  317.375;    0.000;    0.000
259.813;  351.375;    0.000;    0.000
259.880;  339.375;    0.000;    0.000
259.948;  393.375;    0.000;    0.000
260.016;  347.375;    0.000;    0.000
260.083;  381.375;    0.000;    0.000
260.151;  324.375;    0.000;    0.000
260.218;  330.375;    0.000;    0.000
260.286;  343.375;    0.000;    0.000
260.353;  324.375;    0.000;    0.000
260.421;  307.375;    0.000;    0.000
260.489;  393.375;    0.000;    0.000
260.556;  358.375;    0.000;    0.000
260.624;  394.375;    0.000;    0.000
260.691;  371.375;    0.000;    0.000
260.759;  410.375;    0.000;    0.000
260.826;  337.375;    0.000;    0.000
260.894;  370.375;    0.000;    0.000
260.961;  372.375;    0.000;    0.000
261.029;  380.375;    0.000;    0.000
261.096;  372.375;    0.000;    0.000
261.164;  381.375;    0.000;    0.000
261.231;  436.375;    0.000;    0.000
261.299;  351.375;    0.000;    0.000
261.366;  375.375;    0.000;    0.000
261.434;  405.375;    0.000;    0.000
261.501;  405.375;    0.000;    0.000
261.568;  407.375;    0.000;    0.000
261.636;  360.375;    0.000;    0.000
261.703;  408.375;    0.000;    0.000
261.771;  463.375;    0.000;    0.000
261.838;  397.375;    0.000;    0.000
261.906;  372.375;    0.000;    0.000
261.973;  439.375;    0.000;    0.000
262.040;  443.375;    0.000;    0.000
262.108;  424.375;    0.000;    0.000
262.175;  415.375;    0.000;    0.000
262.243;  433.375;    0.000;    0.000
262.310;  418.375;    0.000;    0.000
262.377;  408.375;    0.000;    0.000
262.445;  439.375;    0.000;    0.000
262.512;  432.375;    0.000;    0.000
262.579;  443.375;    0.000;    0.000
262.647;  472.375;    0.000;    0.000
262.714;  449.375;    0.000;    0.000
262.781;  426.375;    0.000;    0.000
262.849;  435.375;    0.000;    0.000
262.916;  472.375;    0.000;    0.000
262.983;  447.375;    0.000;    0.000
263.051;  489.375;    0.000;    0.000
263.118;  488.375;    0.000;    0.000
263.185;  488.375;    0.000;    0.000
263.252;  425.375;    0.000;    0.000
263.320;  440.375;    0.000;    0.000
263.387;  473.375;    0.000;    0.000
263.454;  493.375;    0.000;    0.000
263.522;  515.375;    0.000;    0.000
263.589;  465.375;    0.000;    0.000
263.656;  525.375;    0.000;    0.000
263.723;  439.375;    0.000;    0.000
263.790;  499.375;    0.000;    0.000
263.858;  498.375;    0.000;    0.000
263.925;  471.375;    0.000;    0.000
263.992;  443.375;    0.000;    0.000
264.059;  502.375;    0.000;    0.000
264.126;  530.375;    0.000;    0.000
264.194;  576.375;    0.000;    0.000
264.261;  544.375;    0.000;    0.000
264.328;  502.375;    0.000;    0.000
264.395;  496.375;    0.000;    0.000
264.462;  540.375;    0.000;    0.000
264.529;  519.375;    0.000;    0.000
264.597;  529.375;    0.000;    0.000
264.664;  538.375;    0.000;    0.000
264.731;  565.375;    0.000;    0.000
264.798;  513.375;    0.000;    0.000
264.865;  604.375;    0.000;    0.000
264.932;  501.375;    0.000;    0.000
264.999;  506.375;    0.000;    0.000
265.066;  517.375;    0.000;    0.000
265.133;  569.375;    0.000;    0.000
265.201;  569.375;    0.000;    0.000
265.268;  587.375;    0.000;    0.000
265.335;  518.375;    0.000;    0.000
265.402;  581.375;    0.000;    0.000
265.469;  585.375;    0.000;    0.000
265.536;  625.375;    0.000;    0.000
265.603;  592.375;    0.000;    0.000
265.670;  578.375;    0.000;    0.000
265.737;  563.375;    0.000;    0.000
265.804;  577.375;    0.000;    0.000
265.871;  605.375;    0.000;    0.000
265.938;  585.375;    0.000;    0.000
266.005;  620.375;    0.000;    0.000
266.072;  556.375;    0.000;    0.000
266.139;  587.375;    0.000;    0.000
266.206;  623.375;    0.000;    0.000
266.273;  589.375;    0.000;    0.000
266.340;  619.375;    0.000;    0.000
266.407;  629.375;    0.000;    0.000
266.474;  626.375;    0.000;    0.000
266.541;  584.375;    0.000;    0.000
266.608;  613.375;    0.000;    0.000
266.675;  582.375;    0.000;    0.000
266.742;  583.375;    0.000;    0.000
266.808;  602.375;    0.000;    0.000
266.875;  601.375;    0.000;    0.000
266.942;  643.375;    0.000;    0.000
267.009;  622.375;    0.000;    0.000
267.076;  644.375;    0.000;    0.000
267.143;  650.375;    0.000;    0.000
267.210;  639.375;    0.000;    0.000
267.277;  616.375;    0.000;    0.000
267.344;  662.375;    0.000;    0.000
267.410;  647.375;    0.000;    0.000
267.477;  624.375;    0.000;    0.000
267.544;  676.375;    0.000;    0.000
267.611;  651.375;    0.000;    0.000
267.678;  646.375;    0.000;    0.000
267.745;  676.375;    0.000;    0.000
267.811;  625.375;    0.000;    0.000
267.878;  623.375;    0.000;    0.000
267.945;  658.375;    0.000;    0.000
268.012;  650.375;    0.000;    0.000
268.079;  637.375;    0.000;    0.000
268.145;  689.375;    0.000;    0.000
268.212;  658.375;    0.000;    0.000
268.279;  634.375;    0.000;    0.000
268.346;  630.375;    0.000;    0.000
268.412;  629.375;    0.000;    0.000
268.479;  673.375;    0.000;    0.000
268.546;  628.375;    0.000;    0.000
268.613;  692.375;    0.000;    0.000
268.679;  624.375;    0.000;    0.000
268.746;  701.375;    0.000;    0.000
268.813;  649.375;    0.000;    0.000
268.879;  625.375;    0.000;    0.000
268.946;  713.375;    0.000;    0.000
269.013;  651.375;    0.000;    0.000
269.079;  685.375;    0.000;    0.000
269.146;  655.375;    0.000;    0.000
269.213;  649.375;    0.000;    0.000
269.280;  667.375;    0.000;    0.000
269.346;  628.375;    0.000;    0.000
269.413;  647.375;    0.000;    0.000
269.479;  674.375;    0.000;    0.000
269.546;  623.375;    0.000;    0.000
269.613;  654.375;    0.000;    0.000
269.679;  673.375;    0.000;    0.000
269.746;  646.375;    0.000;    0.000
269.813;  658.375;    0.000;    0.000
269.879;  710.375;    0.000;    0.000
269.946;  662.375;    0.000;    0.000
270.012;  691.375;    0.000;    0.000
270.079;  616.375;    0.000;    0.000
270.145;  660.375;    0.000;    0.000
270.212;  648.375;    0.000;    0.000
270.279;  656.375;    0.000;    0.000
270.345;  660.375;    0.000;    0.000
270.412;  637.375;    0.000;    0.000
270.478;  643.375;    0.000;    0.000
270.545;  633.375;    0.000;    0.000
270.611;  691.375;    0.000;    0.000
270.678;  651.375;    0.000;    0.000
270.744;  611.375;    0.000;    0.000
270.811;  618.375;    0.000;    0.000
270.877;  643.375;    0.000;    0.000
270.944;  692.375;    0.000;    0.000
271.010;  654.375;    0.000;    0.000
271.077;  648.375;    0.000;    0.000
271.143;  662.375;    0.000;    0.000
271.210;  640.375;    0.000;    0.000
271.276;  681.375;    0.000;    0.000
271.342;  666.375;    0.000;    0.000
271.409;  637.375;    0.000;    0.000
271.475;  612.375;    0.000;    0.000
271.542;  655.375;    0.000;    0.000
271.608;  647.375;    0.000;    0.000
271.675;  614.375;    0.000;    0.000
271.741;  633.375;    0.000;    0.000
271.807;  617.375;    0.000;    0.000
271.874;  624.375;    0.000;    0.000
271.940;  682.375;    0.000;    0.000
272.007;  656.375;    0.000;    0.000
272.073;  659.375;    0.000;    0.000
272.139;  641.375;    0.000;    0.000
272.206;  611.375;    0.000;    0.000
272.272;  700.375;    0.000;    0.000
272.338;  697.375;    0.000;    0.000
272.405;  634.375;    0.000;    0.000
272.471;  685.375;    0.000;    0.000
272.537;  654.375;    0.000;    0.000
272.604;  647.375;    0.000;    0.000
272.670;  675.375;    0.000;    0.000
272.736;  680.375;    0.000;    0.000
272.802;  645.375;    0.000;    0.000
272.869;  632.375;    0.000;    0.000
272.935;  668.375;    0.000;    0.000
273.001;  652.375;    0.000;    0.000
273.068;  643.375;    0.000;    0.000
273.134;  691.375;    0.000;    0.000
273.200;  691.375;    0.000;    0.000
273.266;  683.375;    0.000;    0.000
273.333;  651.375;    0.000;    0.000
273.399;  618.375;    0.000;    0.000
273.465;  664.375;    0.000;    0.000
273.531;  690.375;    0.000;    0.000
273.597;  646.375;    0.000;    0.000
273.664;  698.375;    0.000;    0.000
273.730;  694.375;    0.000;    0.000
273.796;  637.375;    0.000;    0.000
273.862;  680.375;    0.000;    0.000
273.928;  676.375;    0.000;    0.000
273.995;  714.375;    0.000;    0.000
274.061;  700.375;    0.000;    0.000
274.127;  695.375;    0.000;    0.000
274.193;  639.375;    0.000;    0.000
274.259;  711.375;    0.000;    0.000
274.325;  674.375;    0.000;    0.000
274.391;  701.375;    0.000;    0.000
274.457;  704.375;    0.000;    0.000
274.524;  710.375;    0.000;    0.000
274.590;  662.375;    0.000;    0.000
274.656;  650.375;    0.000;    0.000
274.722;  689.375;    0.000;    0.000
274.788;  681.375;    0.000;    0.000
274.854;  712.375;    0.000;    0.000
274.920;  706.375;    0.000;    0.000
274.986;  748.375;    0.000;    0.000
275.052;  661.375;    0.000;    0.000
275.118;  695.375;    0.000;    0.000
275.184;  745.375;    0.000;    0.000
275.250;  710.375;    0.000;    0.000
275.316;  703.375;    0.000;    0.000
275.382;  723.375;    0.000;    0.000
275.448;  706.375;    0.000;    0.000
275.514;  729.375;    0.000;    0.000
275.580;  722.375;    0.000;    0.000
275.646;  716.375;    0.000;    0.000
275.712;  750.375;    0.000;    0.000
275.778;  724.375;    0.000;    0.000
275.844;  719.375;    0.000;    0.000
275.910;  758.375;    0.000;    0.000
275.976;  797.375;    0.000;    0.000
276.042;  750.375;    0.000;    0.000
276.108;  791.375;    0.000;    0.000
276.174;  762.375;    0.000;    0.000
276.240;  782.375;    0.000;    0.000
276.306;  799.375;    0.000;    0.000
276.372;  778.375;    0.000;    0.000
276.437;  852.375;    0.000;    0.000
276.503;  800.375;    0.000;    0.000
276.569;  800.375;    0.000;    0.000
276.635;  808.375;    0.000;    0.000
276.701;  858.375;    0.000;    0.000
276.767;  857.375;    0.000;    0.000
276.833;  859.375;    0.000;    0.000
276.899;  877.375;    0.000;    0.000
276.964;  895.375;    0.000;    0.000
277.030;  944.375;    0.000;    0.000
277.096;  919.375;    0.000;    0.000
277.162;  974.375;    0.000;    0.000
277.228;  919.375;    0.000;    0.000
277.293; 1038.375;    0.000;    0.000
277.359; 1033.375;    0.000;    0.000
277.425; 1092.375;    0.000;    0.000
277.491; 1116.375;    0.000;    0.000
277.557; 1256.375;    0.000;    0.000
277.622; 1590.375;    0.000;    0.000
277.688; 1705.375;    0.000;    0.000
277.754; 1665.375;    0.000;    0.000
277.820; 1921.375;    0.000;    0.000
277.885; 2059.375;    0.000;    0.000
277.951; 2582.375;    0.000;    0.000
278.017; 2535.375;    0.000;    0.000
278.083; 2081.375;    0.000;    0.000
278.148; 2107.375;    0.000;    0.000
278.214; 1912.375;    0.000;    0.000
278.280; 2194.375;    0.000;    0.000
278.345; 2058.375;    0.000;    0.000
278.411; 1819.375;    0.000;    0.000
278.477; 1962.375;    0.000;    0.000
278.542; 1863.375;    0.000;    0.000
278.608; 2012.375;    0.000;    0.000
278.674; 2294.375;    0.000;    0.000
278.739; 2396.375;    0.000;    0.000
278.805; 2814.375;    0.000;    0.000
278.871; 3094.375;    0.000;    0.000
278.936; 3619.375;    0.000;    0.000
279.002; 5084.375;    0.000;    0.000
279.067; 6831.375;    0.000;    0.000
279.133; 7464.375;    0.000;    0.000
279.199; 6776.375;    0.000;    0.000
279.264; 6750.375;    0.000;    0.000
279.330; 7623.375;    0.000;    0.000
279.395; 9230.375;    0.000;    0.000
279.461;12015.375;    0.000;    0.000
279.527;13807.375;    0.000;    0.000
279.592;13788.375;    0.000;    0.000
279.658;12062.375;    0.000;    0.000
279.723;10898.375;    0.000;    0.000
279.789;11404.375;    0.000;    0.000
279.854;10638.375;    0.000;    0.000
279.920; 9189.375;    0.000;    0.000
279.985; 8176.375;    0.000;    0.000
280.051; 8174.375;    0.000;    0.000
280.116; 9009.375;    0.000;    0.000
280.182;11062.375;    0.000;    0.000
280.247;13015.375;    0.000;    0.000
280.313;12437.375;    0.000;    0.000
280.378; 9478.375;    0.000;    0.000
280.444; 7159.375;    0.000;    0.000
280.509; 5688.375;    0.000;    0.000
280.574; 4746.375;    0.000;    0.000
280.640; 4005.375;    0.000;    0.000
280.705; 3560.375;    0.000;    0.000
280.771; 3266.375;    0.000;    0.000
280.836; 2955.375;    0.000;    0.000
280.902; 2784.375;    0.000;    0.000
280.967; 2625.375;    0.000;    0.000
281.032; 2459.375;    0.000;    0.000
281.098; 2324.375;    0.000;    0.000
281.163; 2176.375;    0.000;    0.000
281.229; 2097.375;    0.000;    0.000
281.294; 2041.375;    0.000;    0.000
281.359; 1910.375;    0.000;    0.000
281.425; 1849.375;    0.000;    0.000
281.490; 1725.375;    0.000;    0.000
281.555; 1721.375;    0.000;    0.000
281.621; 1627.375;    0.000;    0.000
281.686; 1564.375;    0.000;    0.000
281.751; 1565.375;    0.000;    0.000
281.816; 1505.375;    0.000;    0.000
281.882; 1473.375;    0.000;    0.000
281.947; 1500.375;    0.000;    0.000
282.012; 1437.375;    0.000;    0.000
282.078; 1447.375;    0.000;    0.000
282.143; 1373.375;    0.000;    0.000
282.208; 1329.375;    0.000;    0.000
282.273; 1367.375;    0.000;    0.000
282.339; 1237.375;    0.000;    0.000
282.404; 1286.375;    0.000;    0.000
282.469; 1269.375;    0.000;    0.000
282.534; 1229.375;    0.000;    0.000
282.600; 1168.375;    0.000;    0.000
282.665; 1187.375;    0.000;    0.000
282.730; 1136.375;    0.000;    0.000
282.795; 1143.375;    0.000;    0.000
282.860; 1165.375;    0.000;    0.000
282.926; 1205.375;    0.000;    0.000
282.991; 1178.375;    0.000;    0.000
283.056; 1143.375;    0.000;    0.000
283.121; 1104.375;    0.000;    0.000
283.186; 1109.375;    0.000;    0.000
283.251; 1143.375;    0.000;    0.000
283.316; 1128.375;    0.000;    0.000
283.382; 1056.375;    0.000;    0.000
283.447; 1137.375;    0.000;    0.000
283.512; 1107.375;    0.000;    0.000
283.577; 1172.375;    0.000;    0.000
283.642; 1057.375;    0.000;    0.000
283.707; 1061.375;    0.000;    0.000
283.772; 1089.375;    0.000;    0.000
283.837; 1078.375;    0.000;    0.000
283.902; 1035.375;    0.000;    0.000
283.967; 1065.375;    0.000;    0.000
284.032; 1039.375;    0.000;    0.000
284.097; 1151.375;    0.000;    0.000
284.163; 1132.375;    0.000;    0.000
284.228; 1122.375;    0.000;    0.000
284.293; 1075.375;    0.000;    0.000
284.358; 1116.375;    0.000;    0.000
284.423; 1108.375;    0.000;    0.000
284.488; 1203.375;    0.000;    0.000
284.553; 1208.375;    0.000;    0.000
284.618; 1154.375;    0.000;    0.000
284.683; 1165.375;    0.000;    0.000
284.748; 1301.375;    0.000;    0.000
284.812; 1336.375;    0.000;    0.000
284.877; 1399.375;    0.000;    0.000
284.942; 1622.375;    0.000;    0.000
285.007; 1913.375;    0.000;    0.000
285.072; 2221.375;    0.000;    0.000
285.137; 3383.375;    0.000;    0.000
285.202; 4692.375;    0.000;    0.000
285.267; 4850.375;    0.000;    0.000
285.332; 3551.375;    0.000;    0.000
285.397; 2609.375;    0.000;    0.000
285.462; 2188.375;    0.000;    0.000
285.527; 1953.375;    0.000;    0.000
285.591; 1712.375;    0.000;    0.000
285.656; 1548.375;    0.000;    0.000
285.721; 1453.375;    0.000;    0.000
285.786; 1389.375;    0.000;    0.000
285.851; 1231.375;    0.000;    0.000
285.916; 1329.375;    0.000;    0.000
285.981; 1253.375;    0.000;    0.000
286.045; 1195.375;    0.000;    0.000
286.110; 1231.375;    0.000;    0.000
286.175; 1144.375;    0.000;    0.000
286.240; 1215.375;    0.000;    0.000
286.305; 1203.375;    0.000;    0.000
286.369; 1166.375;    0.000;    0.000
286.434; 1208.375;    0.000;    0.000
286.499; 1059.375;    0.000;    0.000
286.564; 1152.375;    0.000;    0.000
286.628; 1036.375;    0.000;    0.000
286.693; 1118.375;    0.000;    0.000
286.758; 1093.375;    0.000;    0.000
286.823; 1028.375;    0.000;    0.000
286.887; 1043.375;    0.000;    0.000
286.952; 1071.375;    0.000;    0.000
287.017; 1100.375;    0.000;    0.000
287.082; 1073.375;    0.000;    0.000
287.146; 1025.375;    0.000;    0.000
287.211; 1072.375;    0.000;    0.000
287.276; 1018.375;    0.000;    0.000
287.340;  989.375;    0.000;    0.000
287.405; 1013.375;    0.000;    0.000
287.470;  973.375;    0.000;    0.000
287.534; 1071.375;    0.000;    0.000
287.599; 1032.375;    0.000;    0.000
287.663; 1001.375;    0.000;    0.000
287.728;  997.375;    0.000;    0.000
287.793; 1007.375;    0.000;    0.000
287.857; 1094.375;    0.000;    0.000
287.922;  941.375;    0.000;    0.000
287.987; 1063.375;    0.000;    0.000
288.051; 1037.375;    0.000;    0.000
288.116; 1128.375;    0.000;    0.000
288.180; 1092.375;    0.000;    0.000
288.245; 1029.375;    0.000;    0.000
288.309; 1016.375;    0.000;    0.000
288.374; 1067.375;    0.000;    0.000
288.439; 1061.375;    0.000;    0.000
288.503; 1027.375;    0.000;    0.000
288.568; 1051.375;    0.000;    0.000
288.632; 1069.375;    0.000;    0.000
288.697; 1014.375;    0.000;    0.000
288.761; 1049.375;    0.000;    0.000
288.826; 1032.375;    0.000;    0.000
288.890; 1058.375;    0.000;    0.000
288.955; 1019.375;    0.000;    0.000
289.019;  996.375;    0.000;    0.000
289.084; 1029.375;    0.000;    0.000
289.148; 1011.375;    0.000;    0.000
289.212; 1014.375;    0.000;    0.000
289.277; 1038.375;    0.000;    0.000
289.341; 1037.375;    0.000;    0.000
289.406; 1065.375;    0.000;    0.000
289.470; 1014.375;    0.000;    0.000
289.535; 1036.375;    0.000;    0.000
289.599;  950.375;    0.000;    0.000
289.663; 1029.375;    0.000;    0.000
289.728; 1045.375;    0.000;    0.000
289.792; 1042.375;    0.000;    0.000
289.857; 1069.375;    0.000;    0.000
289.921;  990.375;    0.000;    0.000
289.985; 1041.375;    0.000;    0.000
290.050; 1061.375;    0.000;    0.000
290.114;  932.375;    0.000;    0.000
290.178;  971.375;    0.000;    0.000
290.243;  956.375;    0.000;    0.000
290.307; 1069.375;    0.000;    0.000
290.371; 1019.375;    0.000;    0.000
290.436; 1061.375;    0.000;    0.000
290.500;  962.375;    0.000;    0.000
290.564; 1033.375;    0.000;    0.000
290.629;  979.375;    0.000;    0.000
290.693;  974.375;    0.000;    0.000
290.757; 1087.375;    0.000;    0.000
290.821; 1034.375;    0.000;    0.000
290.886;  989.375;    0.000;    0.000
290.950; 1072.375;    0.000;    0.000
291.014; 1054.375;    0.000;    0.000
291.078; 1026.375;    0.000;    0.000
291.143; 1100.375;    0.000;    0.000
291.207; 1157.375;    0.000;    0.000
291.271; 1129.375;    0.000;    0.000
291.335; 1166.375;    0.000;    0.000
291.399; 1126.375;    0.000;    0.000
291.464; 1205.375;    0.000;    0.000
291.528; 1235.375;    0.000;    0.000
291.592; 1207.375;    0.000;    0.000
291.656; 1096.375;    0.000;    0.000
291.720; 1196.375;    0.000;    0.000
291.784; 1177.375;    0.000;    0.000
291.849; 1220.375;    0.000;    0.000
291.913; 1162.375;    0.000;    0.000
291.977; 1191.375;    0.000;    0.000
292.041; 1171.375;    0.000;    0.000
292.105; 1153.375;    0.000;    0.000
292.169; 1207.375;    0.000;    0.000
292.233; 1164.375;    0.000;    0.000
292.297; 1218.375;    0.000;    0.000
292.361; 1218.375;    0.000;    0.000
292.425; 1193.375;    0.000;    0.000
292.490; 1294.375;    0.000;    0.000
292.554; 1277.375;    0.000;    0.000
292.618; 1366.375;    0.000;    0.000
292.682; 1410.375;    0.000;    0.000
292.746; 1559.375;    0.000;    0.000
292.810; 1926.375;    0.000;    0.000
292.874; 2369.375;    0.000;    0.000
292.938; 2520.375;    0.000;    0.000
293.002; 2412.375;    0.000;    0.000
293.066; 2132.375;    0.000;    0.000
293.130; 2054.375;    0.000;    0.000
293.194; 1975.375;    0.000;    0.000
293.258; 1957.375;    0.000;    0.000
293.322; 1923.375;    0.000;    0.000
293.386; 1971.375;    0.000;    0.000
293.450; 2038.375;    0.000;    0.000
293.514; 2122.375;    0.000;    0.000
293.577; 2581.375;    0.000;    0.000
293.641; 3466.375;    0.000;    0.000
293.705; 3982.375;    0.000;    0.000
293.769; 3724.375;    0.000;    0.000
293.833; 3288.375;    0.000;    0.000
293.897; 2957.375;    0.000;    0.000
293.961; 2738.375;    0.000;    0.000
294.025; 2486.375;    0.000;    0.000
294.089; 2225.375;    0.000;    0.000
294.152; 2147.375;    0.000;    0.000
294.216; 2009.375;    0.000;    0.000
294.280; 1898.375;    0.000;    0.000
294.344; 1886.375;    0.000;    0.000
294.408; 1787.375;    0.000;    0.000
294.472; 1684.375;    0.000;    0.000
294.536; 1579.375;    0.000;    0.000
294.599; 1570.375;    0.000;    0.000
294.663; 1556.375;    0.000;    0.000
294.727; 1596.375;    0.000;    0.000
294.791; 1541.375;    0.000;    0.000
294.855; 1542.375;    0.000;    0.000
294.918; 1476.375;    0.000;    0.000
294.982; 1395.375;    0.000;    0.000
295.046; 1461.375;    0.000;    0.000
295.110; 1441.375;    0.000;    0.000
295.173; 1384.375;    0.000;    0.000
295.237; 1383.375;    0.000;    0.000
295.301; 1274.375;    0.000;    0.000
295.364; 1379.375;    0.000;    0.000
295.428; 1275.375;    0.000;    0.000
295.492; 1337.375;    0.000;    0.000
295.556; 1344.375;    0.000;    0.000
295.619; 1386.375;    0.000;    0.000
295.683; 1354.375;    0.000;    0.000
295.747; 1332.375;    0.000;    0.000
295.810; 1315.375;    0.000;    0.000
295.874; 1319.375;    0.000;    0.000
295.938; 1308.375;    0.000;    0.000
296.001; 1308.375;    0.000;    0.000
296.065; 1293.375;    0.000;    0.000
296.128; 1230.375;    0.000;    0.000
296.192; 1218.375;    0.000;    0.000
296.256; 1259.375;    0.000;    0.000
296.319; 1197.375;    0.000;    0.000
296.383; 1227.375;    0.000;    0.000
296.447; 1246.375;    0.000;    0.000
296.510; 1176.375;    0.000;    0.000
296.574; 1246.375;    0.000;    0.000
296.637; 1227.375;    0.000;    0.000
296.701; 1266.375;    0.000;    0.000
296.764; 1238.375;    0.000;    0.000
296.828; 1249.375;    0.000;    0.000
296.891; 1234.375;    0.000;    0.000
296.955; 1230.375;    0.000;    0.000
297.018; 1236.375;    0.000;    0.000
297.082; 1338.375;    0.000;    0.000
297.145; 1221.375;    0.000;    0.000
297.209; 1232.375;    0.000;    0.000
297.272; 1256.375;    0.000;    0.000
297.336; 1201.375;    0.000;    0.000
297.399; 1226.375;    0.000;    0.000
297.463; 1243.375;    0.000;    0.000
297.526; 1235.375;    0.000;    0.000
297.590; 1195.375;    0.000;    0.000
297.653; 1215.375;    0.000;    0.000
297.717; 1198.375;    0.000;    0.000
297.780; 1164.375;    0.000;    0.000
297.843; 1156.375;    0.000;    0.000
297.907; 1208.375;    0.000;    0.000
297.970; 1208.375;    0.000;    0.000
298.034; 1296.375;    0.000;    0.000
298.097; 1227.375;    0.000;    0.000
298.160; 1201.375;    0.000;    0.000
298.224; 1227.375;    0.000;    0.000
298.287; 1241.375;    0.000;    0.000
298.350; 1197.375;    0.000;    0.000
298.414; 1216.375;    0.000;    0.000
298.477; 1217.375;    0.000;    0.000
298.540; 1230.375;    0.000;    0.000
298.604; 1225.375;    0.000;    0.000
298.667; 1231.375;    0.000;    0.000
298.730; 1197.375;    0.000;    0.000
298.794; 1203.375;    0.000;    0.000
298.857; 1222.375;    0.000;    0.000
298.920; 1175.375;    0.000;    0.000
298.984; 1200.375;    0.000;    0.000
299.047; 1209.375;    0.000;    0.000
299.110; 1200.375;    0.000;    0.000
299.173; 1190.375;    0.000;    0.000
299.237; 1170.375;    0.000;    0.000
299.300; 1195.375;    0.000;    0.000
299.363; 1165.375;    0.000;    0.000
299.426; 1201.375;    0.000;    0.000
299.489; 1194.375;    0.000;    0.000
299.553; 1184.375;    0.000;    0.000
299.616; 1178.375;    0.000;    0.000
299.679; 1179.375;    0.000;    0.000
299.742; 1105.375;    0.000;    0.000
299.805; 1122.375;    0.000;    0.000
299.868; 1153.375;    0.000;    0.000
299.932; 1086.375;    0.000;    0.000
299.995; 1252.375;    0.000;    0.000
300.058; 1195.375;    0.000;    0.000
300.121; 1166.375;    0.000;    0.000
300.184; 1191.375;    0.000;    0.000
300.247; 1192.375;    0.000;    0.000
300.310; 1179.375;    0.000;    0.000
300.374; 1178.375;    0.000;    0.000
300.437; 1106.375;    0.000;    0.000
300.500; 1166.375;    0.000;    0.000
300.563; 1171.375;    0.000;    0.000
300.626; 1186.375;    0.000;    0.000
300.689; 1162.375;    0.000;    0.000
300.752; 1162.375;    0.000;    0.000
300.815; 1182.375;    0.000;    0.000
300.878; 1220.375;    0.000;    0.000
300.941; 1260.375;    0.000;    0.000
301.004; 1174.375;    0.000;    0.000
301.067; 1224.375;    0.000;    0.000
301.130; 1212.375;    0.000;    0.000
301.193; 1217.375;    0.000;    0.000
301.256; 1155.375;    0.000;    0.000
301.319; 1198.375;    0.000;    0.000
301.382; 1207.375;    0.000;    0.000
301.445; 1215.375;    0.000;    0.000
301.508; 1201.375;    0.000;    0.000
301.571; 1126.375;    0.000;    0.000
301.634; 1162.375;    0.000;    0.000
301.697; 1240.375;    0.000;    0.000
301.760; 1228.375;    0.000;    0.000
301.823; 1171.375;    0.000;    0.000
301.885; 1208.375;    0.000;    0.000
301.948; 1120.375;    0.000;    0.000
302.011; 1225.375;    0.000;    0.000
302.074; 1305.375;    0.000;    0.000
302.137; 1232.375;    0.000;    0.000
302.200; 1137.375;    0.000;    0.000
302.263; 1191.375;    0.000;    0.000
302.326; 1251.375;    0.000;    0.000
302.388; 1173.375;    0.000;    0.000
302.451; 1181.375;    0.000;    0.000
302.514; 1169.375;    0.000;    0.000
302.577; 1174.375;    0.000;    0.000
302.640; 1234.375;    0.000;    0.000
302.703; 1223.375;    0.000;    0.000
302.765; 1175.375;    0.000;    0.000
302.828; 1221.375;    0.000;    0.000
302.891; 1238.375;    0.000;    0.000
302.954; 1156.375;    0.000;    0.000
303.016; 1252.375;    0.000;    0.000
303.079; 1220.375;    0.000;    0.000
303.142; 1203.375;    0.000;    0.000
303.205; 1224.375;    0.000;    0.000
303.267; 1165.375;    0.000;    0.000
303.330; 1173.375;    0.000;    0.000
303.393; 1227.375;    0.000;    0.000
303.456; 1276.375;    0.000;    0.000
303.518; 1221.375;    0.000;    0.000
303.581; 1173.375;    0.000;    0.000
303.644; 1227.375;    0.000;    0.000
303.706; 1226.375;    0.000;    0.000
303.769; 1237.375;    0.000;    0.000
303.832; 1179.375;    0.000;    0.000
303.894; 1235.375;    0.000;    0.000
303.957; 1246.375;    0.000;    0.000
304.020; 1258.375;    0.000;    0.000
304.082; 1195.375;    0.000;    0.000
304.145; 1256.375;    0.000;    0.000
304.207; 1266.375;    0.000;    0.000
304.270; 1212.375;    0.000;    0.000
304.333; 1314.375;    0.000;    0.000
304.395; 1276.375;    0.000;    0.000
304.458; 1223.375;    0.000;    0.000
304.520; 1238.375;    0.000;    0.000
304.583; 1265.375;    0.000;    0.000
304.646; 1224.375;    0.000;    0.000
304.708; 1203.375;    0.000;    0.000
304.771; 1282.375;    0.000;    0.000
304.833; 1276.375;    0.000;    0.000
304.896; 1317.375;    0.000;    0.000
304.958; 1235.375;    0.000;    0.000
305.021; 1262.375;    0.000;    0.000
305.083; 1270.375;    0.000;    0.000
305.146; 1301.375;    0.000;    0.000
305.208; 1249.375;    0.000;    0.000
305.271; 1256.375;    0.000;    0.000
305.333; 1338.375;    0.000;    0.000
305.396; 1344.375;    0.000;    0.000
305.458; 1301.375;    0.000;    0.000
305.520; 1311.375;    0.000;    0.000
305.583; 1185.375;    0.000;    0.000
305.645; 1314.375;    0.000;    0.000
305.708; 1291.375;    0.000;    0.000
305.770; 1319.375;    0.000;    0.000
305.833; 1314.375;    0.000;    0.000
305.895; 1321.375;    0.000;    0.000
305.957; 1264.375;    0.000;    0.000
306.020; 1286.375;    0.000;    0.000
306.082; 1296.375;    0.000;    0.000
306.144; 1310.375;    0.000;    0.000
306.207; 1321.375;    0.000;    0.000
306.269; 1327.375;    0.000;    0.000
306.331; 1272.375;    0.000;    0.000
306.394; 1315.375;    0.000;    0.000
306.456; 1298.375;    0.000;    0.000
306.518; 1335.375;    0.000;    0.000
306.581; 1350.375;    0.000;    0.000
306.643; 1303.375;    0.000;    0.000
306.705; 1374.375;    0.000;    0.000
306.768; 1332.375;    0.000;    0.000
306.830; 1356.375;    0.000;    0.000
306.892; 1396.375;    0.000;    0.000
306.954; 1364.375;    0.000;    0.000
307.017; 1386.375;    0.000;    0.000
307.079; 1329.375;    0.000;    0.000
307.141; 1383.375;    0.000;    0.000
307.203; 1349.375;    0.000;    0.000
307.266; 1323.375;    0.000;    0.000
307.328; 1342.375;    0.000;    0.000
307.390; 1409.375;    0.000;    0.000
307.452; 1408.375;    0.000;    0.000
307.514; 1407.375;    0.000;    0.000
307.577; 1370.375;    0.000;    0.000
307.639; 1394.375;    0.000;    0.000
307.701; 1391.375;    0.000;    0.000
307.763; 1479.375;    0.000;    0.000
307.825; 1440.375;    0.000;    0.000
307.887; 1506.375;    0.000;    0.000
307.949; 1384.375;    0.000;    0.000
308.012; 1420.375;    0.000;    0.000
308.074; 1472.375;    0.000;    0.000
308.136; 1503.375;    0.000;    0.000
308.198; 1518.375;    0.000;    0.000
308.260; 1607.375;    0.000;    0.000
308.322; 1465.375;    0.000;    0.000
308.384; 1499.375;    0.000;    0.000
308.446; 1452.375;    0.000;    0.000
308.508; 1522.375;    0.000;    0.000
308.570; 1530.375;    0.000;    0.000
308.632; 1451.375;    0.000;    0.000
308.694; 1500.375;    0.000;    0.000
308.756; 1465.375;    0.000;    0.000
308.818; 1530.375;    0.000;    0.000
308.880; 1532.375;    0.000;    0.000
308.942; 1566.375;    0.000;    0.000
309.004; 1635.375;    0.000;    0.000
309.066; 1581.375;    0.000;    0.000
309.128; 1580.375;    0.000;    0.000
309.190; 1667.375;    0.000;    0.000
309.252; 1756.375;    0.000;    0.000
309.314; 1786.375;    0.000;    0.000
309.376; 1825.375;    0.000;    0.000
309.438; 1707.375;    0.000;    0.000
309.500; 1666.375;    0.000;    0.000
309.562; 1635.375;    0.000;    0.000
309.624; 1634.375;    0.000;    0.000
309.686; 1643.375;    0.000;    0.000
309.747; 1688.375;    0.000;    0.000
309.809; 1686.375;    0.000;    0.000
309.871; 1642.375;    0.000;    0.000
309.933; 1608.375;    0.000;    0.000
309.995; 1514.375;    0.000;    0.000
310.057; 1631.375;    0.000;    0.000
310.119; 1666.375;    0.000;    0.000
310.180; 1548.375;    0.000;    0.000
310.242; 1577.375;    0.000;    0.000
310.304; 1590.375;    0.000;    0.000
310.366; 1588.375;    0.000;    0.000
310.428; 1496.375;    0.000;    0.000
310.489; 1487.375;    0.000;    0.000
310.551; 1545.375;    0.000;    0.000
310.613; 1548.375;    0.000;    0.000
310.675; 1551.375;    0.000;    0.000
310.737; 1559.375;    0.000;    0.000
310.798; 1582.375;    0.000;    0.000
310.860; 1577.375;    0.000;    0.000
310.922; 1527.375;    0.000;    0.000
310.983; 1552.375;    0.000;    0.000
311.045; 1472.375;    0.000;    0.000
311.107; 1542.375;    0.000;    0.000
311.169; 1493.375;    0.000;    0.000
311.230; 1452.375;    0.000;    0.000
311.292; 1553.375;    0.000;    0.000
311.354; 1485.375;    0.000;    0.000
311.415; 1560.375;    0.000;    0.000
311.477; 1471.375;    0.000;    0.000
311.539; 1519.375;    0.000;    0.000
311.600; 1531.375;    0.000;    0.000
311.662; 1533.375;    0.000;    0.000
311.724; 1593.375;    0.000;    0.000
311.785; 1564.375;    0.000;    0.000
311.847; 1492.375;    0.000;    0.000
311.908; 1520.375;    0.000;    0.000
311.970; 1573.375;    0.000;    0.000
312.032; 1557.375;    0.000;    0.000
312.093; 1567.375;    0.000;    0.000
312.155; 1499.375;    0.000;    0.000
312.216; 1611.375;    0.000;    0.000
312.278; 1573.375;    0.000;    0.000
312.339; 1507.375;    0.000;    0.000
312.401; 1632.375;    0.000;    0.000
312.462; 1544.375;    0.000;    0.000
312.524; 1556.375;    0.000;    0.000
312.585; 1509.375;    0.000;    0.000
312.647; 1538.375;    0.000;    0.000
312.708; 1569.375;    0.000;    0.000
312.770; 1529.375;    0.000;    0.000
312.831; 1627.375;    0.000;    0.000
312.893; 1547.375;    0.000;    0.000
312.954; 1490.375;    0.000;    0.000
313.016; 1535.375;    0.000;    0.000
313.077; 1607.375;    0.000;    0.000
313.139; 1562.375;    0.000;    0.000
313.200; 1512.375;    0.000;    0.000
313.261; 1660.375;    0.000;    0.000
313.323; 1584.375;    0.000;    0.000
313.384; 1584.375;    0.000;    0.000
313.446; 1618.375;    0.000;    0.000
313.507; 1551.375;    0.000;    0.000
313.568; 1567.375;    0.000;    0.000
313.630; 1543.375;    0.000;    0.000
313.691; 1553.375;    0.000;    0.000
313.752; 1574.375;    0.000;    0.000
313.814; 1576.375;    0.000;    0.000
313.875; 1566.375;    0.000;    0.000
313.936; 1572.375;    0.000;    0.000
313.998; 1503.375;    0.000;    0.000
314.059; 1640.375;    0.000;    0.000
314.120; 1525.375;    0.000;    0.000
314.182; 1616.375;    0.000;    0.000
314.243; 1643.375;    0.000;    0.000
314.304; 1678.375;    0.000;    0.000
314.365; 1693.375;    0.000;    0.000
314.427; 1657.375;    0.000;    0.000
314.488; 1573.375;    0.000;    0.000
314.549; 1614.375;    0.000;    0.000
314.610; 1610.375;    0.000;    0.000
314.672; 1643.375;    0.000;    0.000
314.733; 1577.375;    0.000;    0.000
314.794; 1635.375;    0.000;    0.000
314.855; 1594.375;    0.000;    0.000
314.917; 1590.375;    0.000;    0.000
314.978; 1612.375;    0.000;    0.000
315.039; 1611.375;    0.000;    0.000
315.100; 1564.375;    0.000;    0.000
315.161; 1582.375;    0.000;    0.000
315.222; 1606.375;    0.000;    0.000
315.283; 1587.375;    0.000;    0.000
315.345; 1574.375;    0.000;    0.000
315.406; 1667.375;    0.000;    0.000
315.467; 1604.375;    0.000;    0.000
315.528; 1654.375;    0.000;    0.000
315.589; 1646.375;    0.000;    0.000
315.650; 1614.375;    0.000;    0.000
315.711; 1640.375;    0.000;    0.000
315.772; 1599.375;    0.000;    0.000
315.833; 1630.375;    0.000;    0.000
315.894; 1586.375;    0.000;    0.000
315.955; 1654.375;    0.000;    0.000
316.016; 1639.375;    0.000;    0.000
316.078; 1562.375;    0.000;    0.000
316.139; 1616.375;    0.000;    0.000
316.200; 1580.375;    0.000;    0.000
316.261; 1622.375;    0.000;    0.000
316.322; 1646.375;    0.000;    0.000
316.383; 1660.375;    0.000;    0.000
316.444; 1627.375;    0.000;    0.000
316.504; 1603.375;    0.000;    0.000
316.565; 1644.375;    0.000;    0.000
316.626; 1598.375;    0.000;    0.000
316.687; 1601.375;    0.000;    0.000
316.748; 1576.375;    0.000;    0.000
316.809; 1586.375;    0.000;    0.000
316.870; 1653.375;    0.000;    0.000
316.931; 1680.375;    0.000;    0.000
316.992; 1687.375;    0.000;    0.000
317.053; 1631.375;    0.000;    0.000
317.114; 1608.375;    0.000;    0.000
317.175; 1617.375;    0.000;    0.000
317.235; 1747.375;    0.000;    0.000
317.296; 1712.375;    0.000;    0.000
317.357; 1652.375;    0.000;    0.000
317.418; 1665.375;    0.000;    0.000
317.479; 1707.375;    0.000;    0.000
317.540; 1746.375;    0.000;    0.000
317.601; 1605.375;    0.000;    0.000
317.661; 1683.375;    0.000;    0.000
317.722; 1713.375;    0.000;    0.000
317.783; 1644.375;    0.000;    0.000
317.844; 1644.375;    0.000;    0.000
317.904; 1585.375;    0.000;    0.000
317.965; 1644.375;    0.000;    0.000
318.026; 1679.375;    0.000;    0.000
318.087; 1597.375;    0.000;    0.000
318.148; 1569.375;    0.000;    0.000
318.208; 1649.375;    0.000;    0.000
318.269; 1641.375;    0.000;    0.000
318.330; 1668.375;    0.000;    0.000
318.390; 1659.375;    0.000;    0.000
318.451; 1685.375;    0.000;    0.000
318.512; 1595.375;    0.000;    0.000
318.572; 1733.375;    0.000;    0.000
318.633; 1733.375;    0.000;    0.000
318.694; 1720.375;    0.000;    0.000
318.754; 1631.375;    0.000;    0.000
318.815; 1650.375;    0.000;    0.000
318.876; 1675.375;    0.000;    0.000
318.936; 1673.375;    0.000;    0.000
318.997; 1673.375;    0.000;    0.000
319.058; 1646.375;    0.000;    0.000
319.118; 1728.375;    0.000;    0.000
319.179; 1726.375;    0.000;    0.000
319.239; 1705.375;    0.000;    0.000
319.300; 1733.375;    0.000;    0.000
319.361; 1678.375;    0.000;    0.000
319.421; 1653.375;    0.000;    0.000
319.482; 1708.375;    0.000;    0.000
319.542; 1691.375;    0.000;    0.000
319.603; 1637.375;    0.000;    0.000
319.663; 1640.375;    0.000;    0.000
319.724; 1615.375;    0.000;    0.000
319.784; 1665.375;    0.000;    0.000
319.845; 1682.375;    0.000;    0.000
319.905; 1655.375;    0.000;    0.000
319.966; 1681.375;    0.000;    0.000
320.026; 1678.375;    0.000;    0.000
320.087; 1675.375;    0.000;    0.000
320.147; 1674.375;    0.000;    0.000
320.208; 1746.375;    0.000;    0.000
320.268; 1655.375;    0.000;    0.000
320.329; 1670.375;    0.000;    0.000
320.389; 1720.375;    0.000;    0.000
320.449; 1748.375;    0.000;    0.000
320.510; 1706.375;    0.000;    0.000
320.570; 1674.375;    0.000;    0.000
320.631; 1760.375;    0.000;    0.000
320.691; 1673.375;    0.000;    0.000
320.751; 1637.375;    0.000;    0.000
320.812; 1736.375;    0.000;    0.000
320.872; 1684.375;    0.000;    0.000
320.932; 1697.375;    0.000;    0.000
320.993; 1653.375;    0.000;    0.000
321.053; 1737.375;    0.000;    0.000
321.113; 1729.375;    0.000;    0.000
321.174; 1707.375;    0.000;    0.000
321.234; 1701.375;    0.000;    0.000
321.294; 1681.375;    0.000;    0.000
321.355; 1661.375;    0.000;    0.000
321.415; 1669.375;    0.000;    0.000
321.475; 1670.375;    0.000;    0.000
321.535; 1777.375;    0.000;    0.000
321.596; 1713.375;    0.000;    0.000
321.656; 1745.375;    0.000;    0.000
321.716; 1735.375;    0.000;    0.000
321.776; 1778.375;    0.000;    0.000
321.837; 1697.375;    0.000;    0.000
321.897; 1743.375;    0.000;    0.000
321.957; 1709.375;    0.000;    0.000
322.017; 1738.375;    0.000;    0.000
322.077; 1802.375;    0.000;    0.000
322.138; 1781.375;    0.000;    0.000
322.198; 1736.375;    0.000;    0.000
322.258; 1825.375;    0.000;    0.000
322.318; 1768.375;    0.000;    0.000
322.378; 1788.375;    0.000;    0.000
322.438; 1725.375;    0.000;    0.000
322.499; 1735.375;    0.000;    0.000
322.559; 1829.375;    0.000;    0.000
322.619; 1661.375;    0.000;    0.000
322.679; 1711.375;    0.000;    0.000
322.739; 1737.375;    0.000;    0.000
322.799; 1750.375;    0.000;    0.000
322.859; 1757.375;    0.000;    0.000
322.919; 1725.375;    0.000;    0.000
322.979; 1762.375;    0.000;    0.000
323.039; 1615.375;    0.000;    0.000
323.099; 1726.375;    0.000;    0.000
323.159; 1721.375;    0.000;    0.000
323.219; 1729.375;    0.000;    0.000
323.279; 1762.375;    0.000;    0.000
323.339; 1766.375;    0.000;    0.000
323.399; 1852.375;    0.000;    0.000
323.459; 1825.375;    0.000;    0.000
323.519; 1819.375;    0.000;    0.000
323.579; 1826.375;    0.000;    0.000
323.639; 1784.375;    0.000;    0.000
323.699; 1845.375;    0.000;    0.000
323.759; 1825.375;    0.000;    0.000
323.819; 1850.375;    0.000;    0.000
323.879; 1880.375;    0.000;    0.000
323.939; 1709.375;    0.000;    0.000
323.999; 1849.375;    0.000;    0.000
324.059; 1789.375;    0.000;    0.000
324.119; 1826.375;    0.000;    0.000
324.178; 1755.375;    0.000;    0.000
324.238; 1801.375;    0.000;    0.000
324.298; 1809.375;    0.000;    0.000
324.358; 1807.375;    0.000;    0.000
324.418; 1706.375;    0.000;    0.000
324.478; 1726.375;    0.000;    0.000
324.538; 1835.375;    0.000;    0.000
324.597; 1737.375;    0.000;    0.000
324.657; 1790.375;    0.000;    0.000
324.717; 1988.375;    0.000;    0.000
324.777; 1950.375;    0.000;    0.000
324.837; 1832.375;    0.000;    0.000
324.896; 1815.375;    0.000;    0.000
324.956; 1740.375;    0.000;    0.000
325.016; 1779.375;    0.000;    0.000
325.076; 1766.375;    0.000;    0.000
325.135; 1779.375;    0.000;    0.000
325.195; 1692.375;    0.000;    0.000
325.255; 1797.375;    0.000;    0.000
325.315; 1742.375;    0.000;    0.000
325.374; 1724.375;    0.000;    0.000
325.434; 1698.375;    0.000;    0.000
325.494; 1735.375;    0.000;    0.000
325.553; 1769.375;    0.000;    0.000
325.613; 1782.375;    0.000;    0.000
325.673; 1753.375;    0.000;    0.000
325.732; 1714.375;    0.000;    0.000
325.792; 1726.375;    0.000;    0.000
325.852; 1757.375;    0.000;    0.000
325.911; 1802.375;    0.000;    0.000
325.971; 1789.375;    0.000;    0.000
326.031; 1806.375;    0.000;    0.000
326.090; 1698.375;    0.000;    0.000
326.150; 1783.375;    0.000;    0.000
326.209; 1782.375;    0.000;    0.000
326.269; 1847.375;    0.000;    0.000
326.328; 1794.375;    0.000;    0.000
326.388; 1700.375;    0.000;    0.000
326.448; 1886.375;    0.000;    0.000
326.507; 1830.375;    0.000;    0.000
326.567; 1742.375;    0.000;    0.000
326.626; 1752.375;    0.000;    0.000
326.686; 1637.375;    0.000;    0.000
326.745; 1702.375;    0.000;    0.000
326.805; 1696.375;    0.000;    0.000
326.864; 1808.375;    0.000;    0.000
326.924; 1789.375;    0.000;    0.000
326.983; 1775.375;    0.000;    0.000
327.043; 1782.375;    0.000;    0.000
327.102; 1833.375;    0.000;    0.000
327.161; 1821.375;    0.000;    0.000
327.221; 1853.375;    0.000;    0.000
327.280; 1790.375;    0.000;    0.000
327.340; 1994.375;    0.000;    0.000
327.399; 1965.375;    0.000;    0.000
327.459; 1855.375;    0.000;    0.000
327.518; 1785.375;    0.000;    0.000
327.577; 1792.375;    0.000;    0.000
327.637; 1796.375;    0.000;    0.000
327.696; 1747.375;    0.000;    0.000
327.755; 1740.375;    0.000;    0.000
327.815; 1765.375;    0.000;    0.000
327.874; 1815.375;    0.000;    0.000
327.933; 1775.375;    0.000;    0.000
327.993; 1858.375;    0.000;    0.000
328.052; 1849.375;    0.000;    0.000
328.111; 1881.375;    0.000;    0.000
328.171; 1792.375;    0.000;    0.000
328.230; 1770.375;    0.000;    0.000
328.289; 1782.375;    0.000;    0.000
328.349; 1803.375;    0.000;    0.000
328.408; 1821.375;    0.000;    0.000
328.467; 1783.375;    0.000;    0.000
328.526; 1730.375;    0.000;    0.000
328.586; 1830.375;    0.000;    0.000
328.645; 1822.375;    0.000;    0.000
328.704; 1801.375;    0.000;    0.000
328.763; 1760.375;    0.000;    0.000
328.822; 1750.375;    0.000;    0.000
328.882; 1748.375;    0.000;    0.000
328.941; 1742.375;    0.000;    0.000
329.000; 1831.375;    0.000;    0.000
329.059; 1789.375;    0.000;    0.000
329.118; 1768.375;    0.000;    0.000
329.177; 1777.375;    0.000;    0.000
329.237; 1878.375;    0.000;    0.000
329.296; 1826.375;    0.000;    0.000
329.355; 1803.375;    0.000;    0.000
329.414; 1751.375;    0.000;    0.000
329.473; 1787.375;    0.000;    0.000
329.532; 1866.375;    0.000;    0.000
329.591; 1782.375;    0.000;    0.000
329.650; 1826.375;    0.000;    0.000
329.709; 1902.375;    0.000;    0.000
329.768; 1844.375;    0.000;    0.000
329.827; 2028.375;    0.000;    0.000
329.886; 2006.375;    0.000;    0.000
329.945; 1976.375;    0.000;    0.000
330.004; 2074.375;    0.000;    0.000
330.063; 1979.375;    0.000;    0.000
330.122; 2101.375;    0.000;    0.000
330.181; 2164.375;    0.000;    0.000
330.240; 2135.375;    0.000;    0.000
330.299; 1996.375;    0.000;    0.000
330.358; 1952.375;    0.000;    0.000
330.417; 1927.375;    0.000;    0.000
330.476; 1903.375;    0.000;    0.000
330.535; 1886.375;    0.000;    0.000
330.594; 1867.375;    0.000;    0.000
330.653; 1835.375;    0.000;    0.000
330.712; 1804.375;    0.000;    0.000
330.771; 1824.375;    0.000;    0.000
330.830; 1912.375;    0.000;    0.000
330.889; 1900.375;    0.000;    0.000
330.948; 1852.375;    0.000;    0.000
331.006; 1885.375;    0.000;    0.000
331.065; 1831.375;    0.000;    0.000
331.124; 1827.375;    0.000;    0.000
331.183; 1825.375;    0.000;    0.000
331.242; 1821.375;    0.000;    0.000
331.301; 1775.375;    0.000;    0.000
331.359; 1812.375;    0.000;    0.000
331.418; 1804.375;    0.000;    0.000
331.477; 1807.375;    0.000;    0.000
331.536; 1841.375;    0.000;    0.000
331.595; 1748.375;    0.000;    0.000
331.653; 1781.375;    0.000;    0.000
331.712; 1741.375;    0.000;    0.000
331.771; 1790.375;    0.000;    0.000
331.830; 1787.375;    0.000;    0.000
331.888; 1701.375;    0.000;    0.000
331.947; 1733.375;    0.000;    0.000
332.006; 1811.375;    0.000;    0.000
332.065; 1822.375;    0.000;    0.000
332.123; 1850.375;    0.000;    0.000
332.182; 1793.375;    0.000;    0.000
332.241; 1793.375;    0.000;    0.000
332.299; 1808.375;    0.000;    0.000
332.358; 1834.375;    0.000;    0.000
332.417; 1854.375;    0.000;    0.000
332.475; 1897.375;    0.000;    0.000
332.534; 1851.375;    0.000;    0.000
332.592; 1829.375;    0.000;    0.000
332.651; 1816.375;    0.000;    0.000
332.710; 1880.375;    0.000;    0.000
332.768; 1821.375;    0.000;    0.000
332.827; 1740.375;    0.000;    0.000
332.885; 1833.375;    0.000;    0.000
332.944; 1779.375;    0.000;    0.000
333.003; 1793.375;    0.000;    0.000
333.061; 1823.375;    0.000;    0.000
333.120; 2003.375;    0.000;    0.000
333.178; 1977.375;    0.000;    0.000
333.237; 2030.375;    0.000;    0.000
333.295; 1937.375;    0.000;    0.000
333.354; 1978.375;    0.000;    0.000
333.412; 1998.375;    0.000;    0.000
333.471; 2031.375;    0.000;    0.000
333.529; 1990.375;    0.000;    0.000
333.588; 2051.375;    0.000;    0.000
333.646; 2006.375;    0.000;    0.000
333.705; 2082.375;    0.000;    0.000
333.763; 2036.375;    0.000;    0.000
333.822; 2088.375;    0.000;    0.000
333.880; 2022.375;    0.000;    0.000
333.938; 2056.375;    0.000;    0.000
333.997; 2022.375;    0.000;    0.000
334.055; 2041.375;    0.000;    0.000
334.114; 1977.375;    0.000;    0.000
334.172; 1928.375;    0.000;    0.000
334.230; 2035.375;    0.000;    0.000
334.289; 2040.375;    0.000;    0.000
334.347; 1979.375;    0.000;    0.000
334.405; 2053.375;    0.000;    0.000
334.464; 2001.375;    0.000;    0.000
334.522; 1948.375;    0.000;    0.000
334.580; 1987.375;    0.000;    0.000
334.639; 1930.375;    0.000;    0.000
334.697; 1917.375;    0.000;    0.000
334.755; 1911.375;    0.000;    0.000
334.814; 1977.375;    0.000;    0.000
334.872; 1944.375;    0.000;    0.000
334.930; 1908.375;    0.000;    0.000
334.988; 1913.375;    0.000;    0.000
335.047; 1898.375;    0.000;    0.000
335.105; 1891.375;    0.000;    0.000
335.163; 1909.375;    0.000;    0.000
335.221; 1969.375;    0.000;    0.000
335.280; 1935.375;    0.000;    0.000
335.338; 1958.375;    0.000;    0.000
335.396; 1944.375;    0.000;    0.000
335.454; 1911.375;    0.000;    0.000
335.512; 1951.375;    0.000;    0.000
335.570; 1860.375;    0.000;    0.000
335.629; 1898.375;    0.000;    0.000
335.687; 2011.375;    0.000;    0.000
335.745; 2112.375;    0.000;    0.000
335.803; 2110.375;    0.000;    0.000
335.861; 2075.375;    0.000;    0.000
335.919; 2034.375;    0.000;    0.000
335.977; 2088.375;    0.000;    0.000
336.035; 1989.375;    0.000;    0.000
336.094; 2074.375;    0.000;    0.000
336.152; 2044.375;    0.000;    0.000
336.210; 2086.375;    0.000;    0.000
336.268; 2157.375;    0.000;    0.000
336.326; 2103.375;    0.000;    0.000
336.384; 2082.375;    0.000;    0.000
336.442; 2073.375;    0.000;    0.000
336.500; 2002.375;    0.000;    0.000
336.558; 2089.375;    0.000;    0.000
336.616; 2118.375;    0.000;    0.000
336.674; 2060.375;    0.000;    0.000
336.732; 2041.375;    0.000;    0.000
336.790; 2036.375;    0.000;    0.000
336.848; 2057.375;    0.000;    0.000
336.906; 2020.375;    0.000;    0.000
336.964; 2117.375;    0.000;    0.000
337.022; 2005.375;    0.000;    0.000
337.080; 2105.375;    0.000;    0.000
337.138; 2073.375;    0.000;    0.000
337.195; 2063.375;    0.000;    0.000
337.253; 2051.375;    0.000;    0.000
337.311; 1995.375;    0.000;    0.000
337.369; 2033.375;    0.000;    0.000
337.427; 2061.375;    0.000;    0.000
337.485; 1966.375;    0.000;    0.000
337.543; 2042.375;    0.000;    0.000
337.601; 1994.375;    0.000;    0.000
337.658; 1969.375;    0.000;    0.000
337.716; 2053.375;    0.000;    0.000
337.774; 2008.375;    0.000;    0.000
337.832; 1930.375;    0.000;    0.000
337.890; 1910.375;    0.000;    0.000
337.947; 2027.375;    0.000;    0.000
338.005; 1957.375;    0.000;    0.000
338.063; 1891.375;    0.000;    0.000
338.121; 1960.375;    0.000;    0.000
338.178; 2024.375;    0.000;    0.000
338.236; 2084.375;    0.000;    0.000
338.294; 1981.375;    0.000;    0.000
338.352; 2060.375;    0.000;    0.000
338.409; 2017.375;    0.000;    0.000
338.467; 1855.375;    0.000;    0.000
338.525; 1947.375;    0.000;    0.000
338.583; 1931.375;    0.000;    0.000
338.640; 2019.375;    0.000;    0.000
338.698; 1959.375;    0.000;    0.000
338.756; 1916.375;    0.000;    0.000
338.813; 2018.375;    0.000;    0.000
338.871; 2070.375;    0.000;    0.000
338.928; 2030.375;    0.000;    0.000
338.986; 1986.375;    0.000;    0.000
339.044; 2023.375;    0.000;    0.000
339.101; 1934.375;    0.000;    0.000
339.159; 2002.375;    0.000;    0.000
339.216; 2002.375;    0.000;    0.000
339.274; 2034.375;    0.000;    0.000
339.332; 2052.375;    0.000;    0.000
339.389; 2018.375;    0.000;    0.000
339.447; 2000.375;    0.000;    0.000
339.504; 2026.375;    0.000;    0.000
339.562; 2000.375;    0.000;    0.000
339.619; 2065.375;    0.000;    0.000
339.677; 2004.375;    0.000;    0.000
339.734; 1943.375;    0.000;    0.000
339.792; 1974.375;    0.000;    0.000
339.849; 2039.375;    0.000;    0.000
339.907; 1997.375;    0.000;    0.000
339.964; 1989.375;    0.000;    0.000
340.022; 1978.375;    0.000;    0.000
340.079; 2024.375;    0.000;    0.000
340.137; 2036.375;    0.000;    0.000
340.194; 2031.375;    0.000;    0.000
340.252; 1933.375;    0.000;    0.000
340.309; 1908.375;    0.000;    0.000
340.366; 1913.375;    0.000;    0.000
340.424; 1945.375;    0.000;    0.000
340.481; 2024.375;    0.000;    0.000
340.538; 2057.375;    0.000;    0.000
340.596; 1999.375;    0.000;    0.000
340.653; 2001.375;    0.000;    0.000
340.711; 2115.375;    0.000;    0.000
340.768; 2083.375;    0.000;    0.000
340.825; 2007.375;    0.000;    0.000
340.883; 1996.375;    0.000;    0.000
340.940; 2031.375;    0.000;    0.000
340.997; 2070.375;    0.000;    0.000
341.054; 2006.375;    0.000;    0.000
341.112; 1930.375;    0.000;    0.000
341.169; 1967.375;    0.000;    0.000
341.226; 2046.375;    0.000;    0.000
341.284; 2032.375;    0.000;    0.000
341.341; 2024.375;    0.000;    0.000
341.398; 2056.375;    0.000;    0.000
341.455; 2060.375;    0.000;    0.000
341.512; 2096.375;    0.000;    0.000
341.570; 2057.375;    0.000;    0.000
341.627; 1983.375;    0.000;    0.000
341.684; 1981.375;    0.000;    0.000
341.741; 2109.375;    0.000;    0.000
341.798; 2065.375;    0.000;    0.000
341.856; 2043.375;    0.000;    0.000
341.913; 2096.375;    0.000;    0.000
341.970; 2059.375;    0.000;    0.000
342.027; 2121.375;    0.000;    0.000
342.084; 2087.375;    0.000;    0.000
342.141; 2134.375;    0.000;    0.000
342.198; 2069.375;    0.000;    0.000
342.255; 2012.375;    0.000;    0.000
342.313; 2067.375;    0.000;    0.000
342.370; 1980.375;    0.000;    0.000
342.427; 2000.375;    0.000;    0.000
342.484; 1917.375;    0.000;    0.000
342.541; 1943.375;    0.000;    0.000
342.598; 1970.375;    0.000;    0.000
342.655; 1999.375;    0.000;    0.000
342.712; 2041.375;    0.000;    0.000
342.769; 2025.375;    0.000;    0.000
342.826; 2004.375;    0.000;    0.000
342.883; 1990.375;    0.000;    0.000
342.940; 1972.375;    0.000;    0.000
342.997; 1953.375;    0.000;    0.000
343.054; 1991.375;    0.000;    0.000
343.111; 1971.375;    0.000;    0.000
343.168; 1980.375;    0.000;    0.000
343.225; 2059.375;    0.000;    0.000
343.282; 2127.375;    0.000;    0.000
343.339; 2118.375;    0.000;    0.000
343.395; 2056.375;    0.000;    0.000
343.452; 2077.375;    0.000;    0.000
343.509; 2102.375;    0.000;    0.000
343.566; 2048.375;    0.000;    0.000
343.623; 2060.375;    0.000;    0.000
343.680; 2077.375;    0.000;    0.000
343.737; 2075.375;    0.000;    0.000
343.794; 2146.375;    0.000;    0.000
343.850; 2135.375;    0.000;    0.000
343.907; 2119.375;    0.000;    0.000
343.964; 2099.375;    0.000;    0.000
344.021; 2186.375;    0.000;    0.000
344.078; 2154.375;    0.000;    0.000
344.134; 2142.375;    0.000;    0.000
344.191; 2220.375;    0.000;    0.000
344.248; 2168.375;    0.000;    0.000
344.305; 2192.375;    0.000;    0.000
344.361; 2142.375;    0.000;    0.000
344.418; 2132.375;    0.000;    0.000
344.475; 2109.375;    0.000;    0.000
344.532; 2113.375;    0.000;    0.000
344.588; 2175.375;    0.000;    0.000
344.645; 2158.375;    0.000;    0.000
344.702; 2055.375;    0.000;    0.000
344.758; 2129.375;    0.000;    0.000
344.815; 2105.375;    0.000;    0.000
344.872; 1992.375;    0.000;    0.000
344.928; 2178.375;    0.000;    0.000
344.985; 2170.375;    0.000;    0.000
345.042; 2267.375;    0.000;    0.000
345.098; 2163.375;    0.000;    0.000
345.155; 2117.375;    0.000;    0.000
345.212; 2176.375;    0.000;    0.000
345.268; 2116.375;    0.000;    0.000
345.325; 2084.375;    0.000;    0.000
345.381; 2156.375;    0.000;    0.000
345.438; 2143.375;    0.000;    0.000
345.495; 2211.375;    0.000;    0.000
345.551; 2235.375;    0.000;    0.000
345.608; 2063.375;    0.000;    0.000
345.664; 2065.375;    0.000;    0.000
345.721; 2084.375;    0.000;    0.000
345.777; 2050.375;    0.000;    0.000
345.834; 2130.375;    0.000;    0.000
345.890; 2026.375;    0.000;    0.000
345.947; 2087.375;    0.000;    0.000
346.003; 2187.375;    0.000;    0.000
346.060; 2114.375;    0.000;    0.000
346.116; 2118.375;    0.000;    0.000
346.173; 2042.375;    0.000;    0.000
346.229; 2098.375;    0.000;    0.000
346.285; 2134.375;    0.000;    0.000
346.342; 2052.375;    0.000;    0.000
346.398; 2154.375;    0.000;    0.000
346.455; 2126.375;    0.000;    0.000
346.511; 2198.375;    0.000;    0.000
346.567; 2132.375;    0.000;    0.000
346.624; 2181.375;    0.000;    0.000
346.680; 2146.375;    0.000;    0.000
346.737; 2162.375;    0.000;    0.000
346.793; 2186.375;    0.000;    0.000
346.849; 2197.375;    0.000;    0.000
346.906; 2211.375;    0.000;    0.000
346.962; 2262.375;    0.000;    0.000
347.018; 2324.375;    0.000;    0.000
347.074; 2190.375;    0.000;    0.000
347.131; 2215.375;    0.000;    0.000
347.187; 2212.375;    0.000;    0.000
347.243; 2228.375;    0.000;    0.000
347.300; 2133.375;    0.000;    0.000
347.356; 2280.375;    0.000;    0.000
347.412; 2248.375;    0.000;    0.000
347.468; 2157.375;    0.000;    0.000
347.524; 2181.375;    0.000;    0.000
347.581; 2127.375;    0.000;    0.000
347.637; 2237.375;    0.000;    0.000
347.693; 2129.375;    0.000;    0.000
347.749; 2107.375;    0.000;    0.000
347.805; 2147.375;    0.000;    0.000
347.862; 2182.375;    0.000;    0.000
347.918; 2161.375;    0.000;    0.000
347.974; 2131.375;    0.000;    0.000
348.030; 2118.375;    0.000;    0.000
348.086; 2070.375;    0.000;    0.000
348.142; 2132.375;    0.000;    0.000
348.198; 2153.375;    0.000;    0.000
348.254; 2196.375;    0.000;    0.000
348.311; 2164.375;    0.000;    0.000
348.367; 2132.375;    0.000;    0.000
348.423; 2065.375;    0.000;    0.000
348.479; 2107.375;    0.000;    0.000
348.535; 2103.375;    0.000;    0.000
348.591; 2121.375;    0.000;    0.000
348.647; 2153.375;    0.000;    0.000
348.703; 2141.375;    0.000;    0.000
348.759; 2068.375;    0.000;    0.000
348.815; 2118.375;    0.000;    0.000
348.871; 2129.375;    0.000;    0.000
348.927; 2225.375;    0.000;    0.000
348.983; 2229.375;    0.000;    0.000
349.039; 2215.375;    0.000;    0.000
349.095; 2294.375;    0.000;    0.000
349.151; 2071.375;    0.000;    0.000
349.207; 2197.375;    0.000;    0.000
349.263; 2225.375;    0.000;    0.000
349.319; 2214.375;    0.000;    0.000
349.374; 2174.375;    0.000;    0.000
349.430; 2194.375;    0.000;    0.000
349.486; 2255.375;    0.000;    0.000
349.542; 2229.375;    0.000;    0.000
349.598; 2248.375;    0.000;    0.000
349.654; 2172.375;    0.000;    0.000
349.710; 2242.375;    0.000;    0.000
349.766; 2178.375;    0.000;    0.000
349.821; 2197.375;    0.000;    0.000
349.877; 2263.375;    0.000;    0.000
349.933; 2199.375;    0.000;    0.000
349.989; 2272.375;    0.000;    0.000
350.045; 2134.375;    0.000;    0.000
350.100; 2197.375;    0.000;    0.000
350.156; 2236.375;    0.000;    0.000
350.212; 2202.375;    0.000;    0.000
350.268; 2171.375;    0.000;    0.000
350.323; 2178.375;    0.000;    0.000
350.379; 2159.375;    0.000;    0.000
350.435; 2195.375;    0.000;    0.000
350.491; 2118.375;    0.000;    0.000
350.546; 2148.375;    0.000;    0.000
350.602; 2166.375;    0.000;    0.000
350.658; 2162.375;    0.000;    0.000
350.713; 2164.375;    0.000;    0.000
350.769; 2162.375;    0.000;    0.000
350.825; 2183.375;    0.000;    0.000
350.880; 2130.375;    0.000;    0.000
350.936; 2146.375;    0.000;    0.000
350.992; 2171.375;    0.000;    0.000
351.047; 2188.375;    0.000;    0.000
351.103; 2132.375;    0.000;    0.000
351.158; 2176.375;    0.000;    0.000
351.214; 2112.375;    0.000;    0.000
351.270; 2096.375;    0.000;    0.000
351.325; 2147.375;    0.000;    0.000
351.381; 2161.375;    0.000;    0.000
351.436; 2153.375;    0.000;    0.000
351.492; 2387.375;    0.000;    0.000
351.547; 2299.375;    0.000;    0.000
351.603; 2280.375;    0.000;    0.000
351.658; 2221.375;    0.000;    0.000
351.714; 2241.375;    0.000;    0.000
351.769; 2158.375;    0.000;    0.000
351.825; 2228.375;    0.000;    0.000
351.880; 2213.375;    0.000;    0.000
351.936; 2193.375;    0.000;    0.000
351.991; 2233.375;    0.000;    0.000
352.047; 2292.375;    0.000;    0.000
352.102; 2227.375;    0.000;    0.000
352.158; 2217.375;    0.000;    0.000
352.213; 2249.375;    0.000;    0.000
352.268; 2139.375;    0.000;    0.000
352.324; 2171.375;    0.000;    0.000
352.379; 2214.375;    0.000;    0.000
352.434; 2281.375;    0.000;    0.000
352.490; 2237.375;    0.000;    0.000
352.545; 2230.375;    0.000;    0.000
352.601; 2188.375;    0.000;    0.000
352.656; 2132.375;    0.000;    0.000
352.711; 2145.375;    0.000;    0.000
352.767; 2063.375;    0.000;    0.000
352.822; 2180.375;    0.000;    0.000
352.877; 2171.375;    0.000;    0.000
352.932; 2175.375;    0.000;    0.000
352.988; 2227.375;    0.000;    0.000
353.043; 2144.375;    0.000;    0.000
353.098; 2257.375;    0.000;    0.000
353.153; 2210.375;    0.000;    0.000
353.209; 2156.375;    0.000;    0.000
353.264; 2128.375;    0.000;    0.000
353.319; 2139.375;    0.000;    0.000
353.374; 2149.375;    0.000;    0.000
353.430; 2172.375;    0.000;    0.000
353.485; 2061.375;    0.000;    0.000
353.540; 2203.375;    0.000;    0.000
353.595; 2114.375;    0.000;    0.000
353.650; 2191.375;    0.000;    0.000
353.705; 2131.375;    0.000;    0.000
353.761; 2137.375;    0.000;    0.000
353.816; 2164.375;    0.000;    0.000
353.871; 2176.375;    0.000;    0.000
353.926; 2162.375;    0.000;    0.000
353.981; 2150.375;    0.000;    0.000
354.036; 2057.375;    0.000;    0.000
354.091; 2095.375;    0.000;    0.000
354.146; 2177.375;    0.000;    0.000
354.201; 2054.375;    0.000;    0.000
354.256; 2134.375;    0.000;    0.000
354.311; 2243.375;    0.000;    0.000
354.367; 2044.375;    0.000;    0.000
354.422; 2169.375;    0.000;    0.000
354.477; 2096.375;    0.000;    0.000
354.532; 2208.375;    0.000;    0.000
354.587; 2172.375;    0.000;    0.000
354.642; 2209.375;    0.000;    0.000
354.697; 2219.375;    0.000;    0.000
354.751; 2171.375;    0.000;    0.000
354.806; 2219.375;    0.000;    0.000
354.861; 2271.375;    0.000;    0.000
354.916; 2197.375;    0.000;    0.000
354.971; 2170.375;    0.000;    0.000
355.026; 2106.375;    0.000;    0.000
355.081; 2194.375;    0.000;    0.000
355.136; 2094.375;    0.000;    0.000
355.191; 2131.375;    0.000;    0.000
355.246; 2080.375;    0.000;    0.000
355.301; 2116.375;    0.000;    0.000
355.355; 2202.375;    0.000;    0.000
355.410; 2138.375;    0.000;    0.000
355.465; 2156.375;    0.000;    0.000
355.520; 2191.375;    0.000;    0.000
355.575; 2163.375;    0.000;    0.000
355.630; 2166.375;    0.000;    0.000
355.684; 2178.375;    0.000;    0.000
355.739; 2097.375;    0.000;    0.000
355.794; 2076.375;    0.000;    0.000
355.849; 2092.375;    0.000;    0.000
355.904; 2182.375;    0.000;    0.000
355.958; 2110.375;    0.000;    0.000
356.013; 2115.375;    0.000;    0.000
356.068; 2145.375;    0.000;    0.000
356.123; 2179.375;    0.000;    0.000
356.177; 2160.375;    0.000;    0.000
356.232; 2252.375;    0.000;    0.000
356.287; 2326.375;    0.000;    0.000
356.341; 2161.375;    0.000;    0.000
356.396; 2148.375;    0.000;    0.000
356.451; 2143.375;    0.000;    0.000
356.505; 2247.375;    0.000;    0.000
356.560; 2212.375;    0.000;    0.000
356.615; 2103.375;    0.000;    0.000
356.669; 2189.375;    0.000;    0.000
356.724; 2152.375;    0.000;    0.000
356.778; 2136.375;    0.000;    0.000
356.833; 2143.375;    0.000;    0.000
356.888; 2108.375;    0.000;    0.000
356.942; 2219.375;    0.000;    0.000
356.997; 2315.375;    0.000;    0.000
357.051; 2211.375;    0.000;    0.000
357.106; 2190.375;    0.000;    0.000
357.160; 2087.375;    0.000;    0.000
357.215; 2050.375;    0.000;    0.000
357.269; 2106.375;    0.000;    0.000
357.324; 2184.375;    0.000;    0.000
357.378; 2110.375;    0.000;    0.000
357.433; 2084.375;    0.000;    0.000
357.487; 2092.375;    0.000;    0.000
357.542; 2084.375;    0.000;    0.000
357.596; 2129.375;    0.000;    0.000
357.651; 2120.375;    0.000;    0.000
357.705; 2119.375;    0.000;    0.000
357.760; 2189.375;    0.000;    0.000
357.814; 2241.375;    0.000;    0.000
357.868; 2215.375;    0.000;    0.000
357.923; 2165.375;    0.000;    0.000
357.977; 2094.375;    0.000;    0.000
358.032; 2119.375;    0.000;    0.000
358.086; 2241.375;    0.000;    0.000
358.140; 2250.375;    0.000;    0.000
358.195; 2205.375;    0.000;    0.000
358.249; 2158.375;    0.000;    0.000
358.303; 2144.375;    0.000;    0.000
358.358; 2137.375;    0.000;    0.000
358.412; 2060.375;    0.000;    0.000
358.466; 2081.375;    0.000;    0.000
358.521; 2046.375;    0.000;    0.000
358.575; 2081.375;    0.000;    0.000
358.629; 2095.375;    0.000;    0.000
358.683; 2129.375;    0.000;    0.000
358.738; 2071.375;    0.000;    0.000
358.792; 1968.375;    0.000;    0.000
358.846; 2137.375;    0.000;    0.000
358.900; 2130.375;    0.000;    0.000
358.954; 2081.375;    0.000;    0.000
359.009; 2112.375;    0.000;    0.000
359.063; 2097.375;    0.000;    0.000
359.117; 2133.375;    0.000;    0.000
359.171; 2158.375;    0.000;    0.000
359.225; 2137.375;    0.000;    0.000
359.280; 2277.375;    0.000;    0.000
359.334; 2205.375;    0.000;    0.000
359.388; 2303.375;    0.000;    0.000
359.442; 2138.375;    0.000;    0.000
359.496; 2047.375;    0.000;    0.000
359.550; 2137.375;    0.000;    0.000
359.604; 2119.375;    0.000;    0.000
359.658; 2076.375;    0.000;    0.000
359.712; 2050.375;    0.000;    0.000
359.766; 2100.375;    0.000;    0.000
359.820; 2055.375;    0.000;    0.000
359.875; 2154.375;    0.000;    0.000
359.929; 2063.375;    0.000;    0.000
359.983; 2014.375;    0.000;    0.000
360.037; 2073.375;    0.000;    0.000
360.091; 1996.375;    0.000;    0.000
360.145; 2100.375;    0.000;    0.000
360.199; 2040.375;    0.000;    0.000
360.253; 1966.375;    0.000;    0.000
360.306; 1985.375;    0.000;    0.000
360.360; 2039.375;    0.000;    0.000
360.414; 2009.375;    0.000;    0.000
360.468; 2109.375;    0.000;    0.000
360.522; 2170.375;    0.000;    0.000
360.576; 2091.375;    0.000;    0.000
360.630; 2162.375;    0.000;    0.000
360.684; 2119.375;    0.000;    0.000
360.738; 2067.375;    0.000;    0.000
360.792; 2124.375;    0.000;    0.000
360.846; 2118.375;    0.000;    0.000
360.899; 2134.375;    0.000;    0.000
360.953; 2142.375;    0.000;    0.000
361.007; 2070.375;    0.000;    0.000
361.061; 2021.375;    0.000;    0.000
361.115; 2062.375;    0.000;    0.000
361.168; 2076.375;    0.000;    0.000
361.222; 1986.375;    0.000;    0.000
361.276; 2050.375;    0.000;    0.000
361.330; 2023.375;    0.000;    0.000
361.384; 1992.375;    0.000;    0.000
361.437; 2059.375;    0.000;    0.000
361.491; 2032.375;    0.000;    0.000
361.545; 2042.375;    0.000;    0.000
361.599; 2018.375;    0.000;    0.000
361.652; 2041.375;    0.000;    0.000
361.706; 2012.375;    0.000;    0.000
361.760; 2055.375;    0.000;    0.000
361.813; 2050.375;    0.000;    0.000
361.867; 2112.375;    0.000;    0.000
361.921; 2033.375;    0.000;    0.000
361.974; 2031.375;    0.000;    0.000
362.028; 1976.375;    0.000;    0.000
362.082; 1996.375;    0.000;    0.000
362.135; 2059.375;    0.000;    0.000
362.189; 2013.375;    0.000;    0.000
362.242; 1986.375;    0.000;    0.000
362.296; 2021.375;    0.000;    0.000
362.350; 2043.375;    0.000;    0.000
362.403; 1986.375;    0.000;    0.000
362.457; 1985.375;    0.000;    0.000
362.510; 1954.375;    0.000;    0.000
362.564; 1991.375;    0.000;    0.000
362.617; 1924.375;    0.000;    0.000
362.671; 1934.375;    0.000;    0.000
362.724; 2035.375;    0.000;    0.000
362.778; 1904.375;    0.000;    0.000
362.831; 1968.375;    0.000;    0.000
362.885; 1995.375;    0.000;    0.000
362.938; 1856.375;    0.000;    0.000
362.992;  402.375;    0.000;    0.000
363.045;  305.375;    0.000;    0.000
363.099;  279.375;    0.000;    0.000
363.152;  316.375;    0.000;    0.000
363.205;  297.375;    0.000;    0.000
363.259;  280.375;    0.000;    0.000
363.312;  277.375;    0.000;    0.000
363.366;  288.375;    0.000;    0.000
363.419;  339.375;    0.000;    0.000
363.472;  327.375;    0.000;    0.000
363.526;  303.375;    0.000;    0.000
363.579;  305.375;    0.000;    0.000
363.632;  301.375;    0.000;    0.000
363.686;  284.375;    0.000;    0.000
363.739;  268.375;    0.000;    0.000
363.792;  308.375;    0.000;    0.000

