
Integration time [ms]:   1.000
Averaging Nr. [scans]: 1
Smoothing Nr. [pixels]: 0
Data measured with spectrometer [name]: VIS
Wave   ;Sample   ;Dark     ;Reference
[nm]   ;[counts] ;[counts] ;[counts] 

450.961;  191.450;    0.000;    0.000
451.100;  183.450;    0.000;    0.000
451.239;  175.450;    0.000;    0.000
451.377;  232.450;    0.000;    0.000
451.516;  217.450;    0.000;    0.000
451.655;  235.450;    0.000;    0.000
451.794;  257.450;    0.000;    0.000
451.932;  257.450;    0.000;    0.000
452.071;  208.450;    0.000;    0.000
452.210;  250.450;    0.000;    0.000
452.348;  211.450;    0.000;    0.000
452.487;  220.450;    0.000;    0.000
452.626;  198.450;    0.000;    0.000
452.764;  234.450;    0.000;    0.000
452.903;  179.450;    0.000;    0.000
453.042;  317.450;    0.000;    0.000
453.180; 4976.450;    0.000;    0.000
453.319; 4971.450;    0.000;    0.000
453.458; 5121.450;    0.000;    0.000
453.596; 5147.450;    0.000;    0.000
453.735; 5112.450;    0.000;    0.000
453.873; 5234.450;    0.000;    0.000
454.012; 5203.450;    0.000;    0.000
454.150; 5316.450;    0.000;    0.000
454.289; 5311.450;    0.000;    0.000
454.427; 5364.450;    0.000;    0.000
454.566; 5505.450;    0.000;    0.000
454.704; 5439.450;    0.000;    0.000
454.843; 5534.450;    0.000;    0.000
454.981; 5623.450;    0.000;    0.000
455.120; 5608.450;    0.000;    0.000
455.258; 5704.450;    0.000;    0.000
455.397; 5749.450;    0.000;    0.000
455.535; 5871.450;    0.000;    0.000
455.674; 5827.450;    0.000;    0.000
455.812; 5826.450;    0.000;    0.000
455.951; 5876.450;    0.000;    0.000
456.089; 5880.450;    0.000;    0.000
456.227; 6033.450;    0.000;    0.000
456.366; 6219.450;    0.000;    0.000
456.504; 6171.450;    0.000;    0.000
456.642; 6244.450;    0.000;    0.000
456.781; 6208.450;    0.000;    0.000
456.919; 6020.450;    0.000;    0.000
457.057; 6039.450;    0.000;    0.000
457.196; 6123.450;    0.000;    0.000
457.334; 6146.450;    0.000;    0.000
457.472; 6188.450;    0.000;    0.000
457.610; 6246.450;    0.000;    0.000
457.749; 6387.450;    0.000;    0.000
457.887; 6661.450;    0.000;    0.000
458.025; 6837.450;    0.000;    0.000
458.163; 6764.450;    0.000;    0.000
458.301; 6941.450;    0.000;    0.000
458.440; 6909.450;    0.000;    0.000
458.578; 7076.450;    0.000;    0.000
458.716; 7148.450;    0.000;    0.000
458.854; 7336.450;    0.000;    0.000
458.992; 7180.450;    0.000;    0.000
459.130; 7440.450;    0.000;    0.000
459.269; 7460.450;    0.000;    0.000
459.407; 7652.450;    0.000;    0.000
459.545; 7620.450;    0.000;    0.000
459.683; 7710.450;    0.000;    0.000
459.821; 7784.450;    0.000;    0.000
459.959; 7908.450;    0.000;    0.000
460.097; 7936.450;    0.000;    0.000
460.235; 7916.450;    0.000;    0.000
460.373; 8073.450;    0.000;    0.000
460.511; 7988.450;    0.000;    0.000
460.649; 8170.450;    0.000;    0.000
460.787; 8238.450;    0.000;    0.000
460.925; 8254.450;    0.000;    0.000
461.063; 8356.450;    0.000;    0.000
461.201; 8364.450;    0.000;    0.000
461.339; 8419.450;    0.000;    0.000
461.477; 8355.450;    0.000;    0.000
461.615; 8435.450;    0.000;    0.000
461.753; 8518.450;    0.000;    0.000
461.891; 8634.450;    0.000;    0.000
462.029; 8855.450;    0.000;    0.000
462.166; 8931.450;    0.000;    0.000
462.304; 8931.450;    0.000;    0.000
462.442; 9199.450;    0.000;    0.000
462.580; 9435.450;    0.000;    0.000
462.718; 9477.450;    0.000;    0.000
462.856; 9355.450;    0.000;    0.000
462.993; 9379.450;    0.000;    0.000
463.131; 9417.450;    0.000;    0.000
463.269; 9283.450;    0.000;    0.000
463.407; 9350.450;    0.000;    0.000
463.545; 9431.450;    0.000;    0.000
463.682; 9473.450;    0.000;    0.000
463.820; 9600.450;    0.000;    0.000
463.958; 9749.450;    0.000;    0.000
464.095; 9805.450;    0.000;    0.000
464.233; 9729.450;    0.000;    0.000
464.371; 9826.450;    0.000;    0.000
464.509; 9732.450;    0.000;    0.000
464.646; 9760.450;    0.000;    0.000
464.784; 9710.450;    0.000;    0.000
464.921; 9558.450;    0.000;    0.000
465.059; 9559.450;    0.000;    0.000
465.197; 9298.450;    0.000;    0.000
465.334; 9018.450;    0.000;    0.000
465.472; 8951.450;    0.000;    0.000
465.609; 9171.450;    0.000;    0.000
465.747; 8869.450;    0.000;    0.000
465.885; 8923.450;    0.000;    0.000
466.022; 8891.450;    0.000;    0.000
466.160; 8799.450;    0.000;    0.000
466.297; 8771.450;    0.000;    0.000
466.435; 8702.450;    0.000;    0.000
466.572; 8593.450;    0.000;    0.000
466.710; 8685.450;    0.000;    0.000
466.847; 8637.450;    0.000;    0.000
466.985; 8693.450;    0.000;    0.000
467.122; 8535.450;    0.000;    0.000
467.260; 8650.450;    0.000;    0.000
467.397; 8480.450;    0.000;    0.000
467.534; 8670.450;    0.000;    0.000
467.672; 8498.450;    0.000;    0.000
467.809; 8627.450;    0.000;    0.000
467.947; 8601.450;    0.000;    0.000
468.084; 8472.450;    0.000;    0.000
468.221; 8515.450;    0.000;    0.000
468.359; 8451.450;    0.000;    0.000
468.496; 8435.450;    0.000;    0.000
468.633; 8630.450;    0.000;    0.000
468.771; 8580.450;    0.000;    0.000
468.908; 8655.450;    0.000;    0.000
469.045; 8551.450;    0.000;    0.000
469.183; 8717.450;    0.000;    0.000
469.320; 8819.450;    0.000;    0.000
469.457; 8962.450;    0.000;    0.000
469.594; 8869.450;    0.000;    0.000
469.732; 8837.450;    0.000;    0.000
469.869; 8916.450;    0.000;    0.000
470.006; 8983.450;    0.000;    0.000
470.143; 9061.450;    0.000;    0.000
470.280; 8920.450;    0.000;    0.000
470.417; 9234.450;    0.000;    0.000
470.555; 9138.450;    0.000;    0.000
470.692; 9039.450;    0.000;    0.000
470.829; 9032.450;    0.000;    0.000
470.966; 9088.450;    0.000;    0.000
471.103; 9113.450;    0.000;    0.000
471.240; 9123.450;    0.000;    0.000
471.377; 9033.450;    0.000;    0.000
471.514; 8912.450;    0.000;    0.000
471.651; 8882.450;    0.000;    0.000
471.789; 8816.450;    0.000;    0.000
471.926; 8899.450;    0.000;    0.000
472.063; 8878.450;    0.000;    0.000
472.200; 8894.450;    0.000;    0.000
472.337; 8803.450;    0.000;    0.000
472.474; 8786.450;    0.000;    0.000
472.611; 8739.450;    0.000;    0.000
472.748; 8769.450;    0.000;    0.000
472.884; 8809.450;    0.000;    0.000
473.021; 8681.450;    0.000;    0.000
473.158; 8763.450;    0.000;    0.000
473.295; 8719.450;    0.000;    0.000
473.432; 8854.450;    0.000;    0.000
473.569; 8728.450;    0.000;    0.000
473.706; 8672.450;    0.000;    0.000
473.843; 8593.450;    0.000;    0.000
473.980; 8661.450;    0.000;    0.000
474.117; 8753.450;    0.000;    0.000
474.253; 8808.450;    0.000;    0.000
474.390; 8646.450;    0.000;    0.000
474.527; 8710.450;    0.000;    0.000
474.664; 8762.450;    0.000;    0.000
474.801; 8822.450;    0.000;    0.000
474.937; 8820.450;    0.000;    0.000
475.074; 8791.450;    0.000;    0.000
475.211; 8825.450;    0.000;    0.000
475.348; 8807.450;    0.000;    0.000
475.484; 8951.450;    0.000;    0.000
475.621; 8778.450;    0.000;    0.000
475.758; 8857.450;    0.000;    0.000
475.894; 8836.450;    0.000;    0.000
476.031; 8869.450;    0.000;    0.000
476.168; 8873.450;    0.000;    0.000
476.304; 8933.450;    0.000;    0.000
476.441; 9016.450;    0.000;    0.000
476.578; 8920.450;    0.000;    0.000
476.714; 9084.450;    0.000;    0.000
476.851; 9076.450;    0.000;    0.000
476.987; 9206.450;    0.000;    0.000
477.124; 9262.450;    0.000;    0.000
477.261; 9274.450;    0.000;    0.000
477.397; 9128.450;    0.000;    0.000
477.534; 9256.450;    0.000;    0.000
477.670; 9365.450;    0.000;    0.000
477.807; 9423.450;    0.000;    0.000
477.943; 9465.450;    0.000;    0.000
478.080; 9622.450;    0.000;    0.000
478.216; 9616.450;    0.000;    0.000
478.353; 9596.450;    0.000;    0.000
478.489; 9571.450;    0.000;    0.000
478.626; 9780.450;    0.000;    0.000
478.762; 9793.450;    0.000;    0.000
478.898; 9812.450;    0.000;    0.000
479.035; 9916.450;    0.000;    0.000
479.171; 9747.450;    0.000;    0.000
479.308; 9738.450;    0.000;    0.000
479.444; 9890.450;    0.000;    0.000
479.580; 9618.450;    0.000;    0.000
479.717; 9986.450;    0.000;    0.000
479.853; 9763.450;    0.000;    0.000
479.989; 9913.450;    0.000;    0.000
480.126;10045.450;    0.000;    0.000
480.262;10081.450;    0.000;    0.000
480.398;10033.450;    0.000;    0.000
480.535; 9997.450;    0.000;    0.000
480.671; 9972.450;    0.000;    0.000
480.807; 9904.450;    0.000;    0.000
480.943; 9906.450;    0.000;    0.000
481.080; 9868.450;    0.000;    0.000
481.216; 9740.450;    0.000;    0.000
481.352; 9882.450;    0.000;    0.000
481.488; 9718.450;    0.000;    0.000
481.624; 9859.450;    0.000;    0.000
481.760; 9746.450;    0.000;    0.000
481.897; 9728.450;    0.000;    0.000
482.033; 9703.450;    0.000;    0.000
482.169; 9765.450;    0.000;    0.000
482.305; 9733.450;    0.000;    0.000
482.441; 9681.450;    0.000;    0.000
482.577; 9650.450;    0.000;    0.000
482.713; 9699.450;    0.000;    0.000
482.849; 9578.450;    0.000;    0.000
482.985; 9600.450;    0.000;    0.000
483.121; 9644.450;    0.000;    0.000
483.258; 9805.450;    0.000;    0.000
483.394; 9687.450;    0.000;    0.000
483.530; 9659.450;    0.000;    0.000
483.665; 9594.450;    0.000;    0.000
483.801; 9638.450;    0.000;    0.000
483.937; 9572.450;    0.000;    0.000
484.073; 9683.450;    0.000;    0.000
484.209; 9775.450;    0.000;    0.000
484.345;10023.450;    0.000;    0.000
484.481; 9809.450;    0.000;    0.000
484.617; 9872.450;    0.000;    0.000
484.753; 9835.450;    0.000;    0.000
484.889; 9773.450;    0.000;    0.000
485.025; 9699.450;    0.000;    0.000
485.161; 9828.450;    0.000;    0.000
485.296; 9806.450;    0.000;    0.000
485.432; 9785.450;    0.000;    0.000
485.568; 9656.450;    0.000;    0.000
485.704; 9881.450;    0.000;    0.000
485.840; 9852.450;    0.000;    0.000
485.975;10069.450;    0.000;    0.000
486.111; 9860.450;    0.000;    0.000
486.247;10004.450;    0.000;    0.000
486.383; 9744.450;    0.000;    0.000
486.518;10040.450;    0.000;    0.000
486.654; 9796.450;    0.000;    0.000
486.790; 9886.450;    0.000;    0.000
486.926; 9784.450;    0.000;    0.000
487.061; 9774.450;    0.000;    0.000
487.197; 9858.450;    0.000;    0.000
487.333; 9776.450;    0.000;    0.000
487.468; 9769.450;    0.000;    0.000
487.604; 9880.450;    0.000;    0.000
487.740;10043.450;    0.000;    0.000
487.875; 9783.450;    0.000;    0.000
488.011; 9800.450;    0.000;    0.000
488.146; 9784.450;    0.000;    0.000
488.282; 9916.450;    0.000;    0.000
488.417; 9861.450;    0.000;    0.000
488.553; 9683.450;    0.000;    0.000
488.688; 9928.450;    0.000;    0.000
488.824; 9882.450;    0.000;    0.000
488.960;10026.450;    0.000;    0.000
489.095; 9930.450;    0.000;    0.000
489.230; 9987.450;    0.000;    0.000
489.366;10094.450;    0.000;    0.000
489.501; 9839.450;    0.000;    0.000
489.637; 9971.450;    0.000;    0.000
489.772; 9977.450;    0.000;    0.000
489.908; 9843.450;    0.000;    0.000
490.043;10017.450;    0.000;    0.000
490.178;10035.450;    0.000;    0.000
490.314; 9967.450;    0.000;    0.000
490.449;10032.450;    0.000;    0.000
490.585; 9985.450;    0.000;    0.000
490.720; 9888.450;    0.000;    0.000
490.855;10109.450;    0.000;    0.000
490.991; 9911.450;    0.000;    0.000
491.126; 9928.450;    0.000;    0.000
491.261;10088.450;    0.000;    0.000
491.396; 9990.450;    0.000;    0.000
491.532;10040.450;    0.000;    0.000
491.667; 9983.450;    0.000;    0.000
491.802;10080.450;    0.000;    0.000
491.937;10038.450;    0.000;    0.000
492.073;10085.450;    0.000;    0.000
492.208;10090.450;    0.000;    0.000
492.343;10099.450;    0.000;    0.000
492.478;10130.450;    0.000;    0.000
492.613;10183.450;    0.000;    0.000
492.749;10084.450;    0.000;    0.000
492.884;10167.450;    0.000;    0.000
493.019;10201.450;    0.000;    0.000
493.154;10273.450;    0.000;    0.000
493.289;10235.450;    0.000;    0.000
493.424;10086.450;    0.000;    0.000
493.559;10077.450;    0.000;    0.000
493.694;10156.450;    0.000;    0.000
493.829;10118.450;    0.000;    0.000
493.964;10005.450;    0.000;    0.000
494.099;10127.450;    0.000;    0.000
494.234; 9986.450;    0.000;    0.000
494.369;10218.450;    0.000;    0.000
494.504; 9863.450;    0.000;    0.000
494.639;10248.450;    0.000;    0.000
494.774;10149.450;    0.000;    0.000
494.909;10365.450;    0.000;    0.000
495.044;10137.450;    0.000;    0.000
495.179;10057.450;    0.000;    0.000
495.314;10158.450;    0.000;    0.000
495.449;10300.450;    0.000;    0.000
495.584;10030.450;    0.000;    0.000
495.719;10244.450;    0.000;    0.000
495.854;10358.450;    0.000;    0.000
495.988;10189.450;    0.000;    0.000
496.123;10338.450;    0.000;    0.000
496.258;10403.450;    0.000;    0.000
496.393;10380.450;    0.000;    0.000
496.528;10523.450;    0.000;    0.000
496.663;10536.450;    0.000;    0.000
496.797;10627.450;    0.000;    0.000
496.932;10767.450;    0.000;    0.000
497.067;10816.450;    0.000;    0.000
497.202;10747.450;    0.000;    0.000
497.336;10984.450;    0.000;    0.000
497.471;11039.450;    0.000;    0.000
497.606;11353.450;    0.000;    0.000
497.740;11512.450;    0.000;    0.000
497.875;11665.450;    0.000;    0.000
498.010;11738.450;    0.000;    0.000
498.144;11979.450;    0.000;    0.000
498.279;12144.450;    0.000;    0.000
498.414;12406.450;    0.000;    0.000
498.548;12428.450;    0.000;    0.000
498.683;12561.450;    0.000;    0.000
498.817;12805.450;    0.000;    0.000
498.952;13112.450;    0.000;    0.000
499.087;13301.450;    0.000;    0.000
499.221;13734.450;    0.000;    0.000
499.356;13946.450;    0.000;    0.000
499.490;14198.450;    0.000;    0.000
499.625;14604.450;    0.000;    0.000
499.759;14904.450;    0.000;    0.000
499.894;15375.450;    0.000;    0.000
500.028;15719.450;    0.000;    0.000
500.162;16119.450;    0.000;    0.000
500.297;16244.450;    0.000;    0.000
500.431;16144.450;    0.000;    0.000
500.566;16229.450;    0.000;    0.000
500.700;15951.450;    0.000;    0.000
500.835;16137.450;    0.000;    0.000
500.969;15368.450;    0.000;    0.000
501.103;15156.450;    0.000;    0.000
501.238;14818.450;    0.000;    0.000
501.372;14487.450;    0.000;    0.000
501.506;13864.450;    0.000;    0.000
501.641;13506.450;    0.000;    0.000
501.775;13260.450;    0.000;    0.000
501.909;12611.450;    0.000;    0.000
502.043;12651.450;    0.000;    0.000
502.178;12652.450;    0.000;    0.000
502.312;12257.450;    0.000;    0.000
502.446;11872.450;    0.000;    0.000
502.580;11849.450;    0.000;    0.000
502.715;11669.450;    0.000;    0.000
502.849;11394.450;    0.000;    0.000
502.983;11268.450;    0.000;    0.000
503.117;11264.450;    0.000;    0.000
503.251;11040.450;    0.000;    0.000
503.385;10804.450;    0.000;    0.000
503.520;10661.450;    0.000;    0.000
503.654;10532.450;    0.000;    0.000
503.788;10730.450;    0.000;    0.000
503.922;10346.450;    0.000;    0.000
504.056;10192.450;    0.000;    0.000
504.190;10248.450;    0.000;    0.000
504.324;10288.450;    0.000;    0.000
504.458;10111.450;    0.000;    0.000
504.592;10031.450;    0.000;    0.000
504.726; 9956.450;    0.000;    0.000
504.860; 9708.450;    0.000;    0.000
504.994; 9606.450;    0.000;    0.000
505.128; 9575.450;    0.000;    0.000
505.262; 9313.450;    0.000;    0.000
505.396; 9196.450;    0.000;    0.000
505.530; 9086.450;    0.000;    0.000
505.664; 8915.450;    0.000;    0.000
505.798; 8913.450;    0.000;    0.000
505.932; 8938.450;    0.000;    0.000
506.066; 8790.450;    0.000;    0.000
506.199; 8645.450;    0.000;    0.000
506.333; 8623.450;    0.000;    0.000
506.467; 8630.450;    0.000;    0.000
506.601; 8487.450;    0.000;    0.000
506.735; 8429.450;    0.000;    0.000
506.869; 8424.450;    0.000;    0.000
507.002; 8387.450;    0.000;    0.000
507.136; 8325.450;    0.000;    0.000
507.270; 8265.450;    0.000;    0.000
507.404; 8292.450;    0.000;    0.000
507.537; 8184.450;    0.000;    0.000
507.671; 8311.450;    0.000;    0.000
507.805; 8228.450;    0.000;    0.000
507.939; 8002.450;    0.000;    0.000
508.072; 7984.450;    0.000;    0.000
508.206; 7994.450;    0.000;    0.000
508.340; 7885.450;    0.000;    0.000
508.473; 7958.450;    0.000;    0.000
508.607; 7953.450;    0.000;    0.000
508.740; 7946.450;    0.000;    0.000
508.874; 7847.450;    0.000;    0.000
509.008; 7862.450;    0.000;    0.000
509.141; 7867.450;    0.000;    0.000
509.275; 7834.450;    0.000;    0.000
509.408; 7831.450;    0.000;    0.000
509.542; 7693.450;    0.000;    0.000
509.675; 7849.450;    0.000;    0.000
509.809; 7701.450;    0.000;    0.000
509.942; 7843.450;    0.000;    0.000
510.076; 7655.450;    0.000;    0.000
510.209; 7666.450;    0.000;    0.000
510.343; 7788.450;    0.000;    0.000
510.476; 7834.450;    0.000;    0.000
510.610; 7605.450;    0.000;    0.000
510.743; 7559.450;    0.000;    0.000
510.877; 7517.450;    0.000;    0.000
511.010; 7448.450;    0.000;    0.000
511.143; 7501.450;    0.000;    0.000
511.277; 7452.450;    0.000;    0.000
511.410; 7349.450;    0.000;    0.000
511.543; 7584.450;    0.000;    0.000
511.677; 7464.450;    0.000;    0.000
511.810; 7494.450;    0.000;    0.000
511.943; 7448.450;    0.000;    0.000
512.077; 7342.450;    0.000;    0.000
512.210; 7410.450;    0.000;    0.000
512.343; 7482.450;    0.000;    0.000
512.476; 7553.450;    0.000;    0.000
512.610; 7396.450;    0.000;    0.000
512.743; 7557.450;    0.000;    0.000
512.876; 7457.450;    0.000;    0.000
513.009; 7425.450;    0.000;    0.000
513.142; 7476.450;    0.000;    0.000
513.276; 7344.450;    0.000;    0.000
513.409; 7334.450;    0.000;    0.000
513.542; 7328.450;    0.000;    0.000
513.675; 7500.450;    0.000;    0.000
513.808; 7404.450;    0.000;    0.000
513.941; 7414.450;    0.000;    0.000
514.074; 7413.450;    0.000;    0.000
514.207; 7426.450;    0.000;    0.000
514.340; 7450.450;    0.000;    0.000
514.474; 7430.450;    0.000;    0.000
514.607; 7415.450;    0.000;    0.000
514.740; 7528.450;    0.000;    0.000
514.873; 7543.450;    0.000;    0.000
515.006; 7605.450;    0.000;    0.000
515.139; 7627.450;    0.000;    0.000
515.272; 7789.450;    0.000;    0.000
515.404; 7772.450;    0.000;    0.000
515.537; 7873.450;    0.000;    0.000
515.670; 7688.450;    0.000;    0.000
515.803; 7843.450;    0.000;    0.000
515.936; 7878.450;    0.000;    0.000
516.069; 7838.450;    0.000;    0.000
516.202; 8094.450;    0.000;    0.000
516.335; 8188.450;    0.000;    0.000
516.468; 8459.450;    0.000;    0.000
516.600; 9827.450;    0.000;    0.000
516.733;11593.450;    0.000;    0.000
516.866;11541.450;    0.000;    0.000
516.999;10902.450;    0.000;    0.000
517.132;13077.450;    0.000;    0.000
517.264;16687.449;    0.000;    0.000
517.397;16164.450;    0.000;    0.000
517.530;12926.450;    0.000;    0.000
517.663;11573.450;    0.000;    0.000
517.795;10906.450;    0.000;    0.000
517.928;10705.450;    0.000;    0.000
518.061;10764.450;    0.000;    0.000
518.193;13373.450;    0.000;    0.000
518.326;19302.449;    0.000;    0.000
518.459;20145.449;    0.000;    0.000
518.591;15722.450;    0.000;    0.000
518.724;12780.450;    0.000;    0.000
518.857;11396.450;    0.000;    0.000
518.989;10585.450;    0.000;    0.000
519.122;10022.450;    0.000;    0.000
519.254; 9621.450;    0.000;    0.000
519.387; 9254.450;    0.000;    0.000
519.519; 8814.450;    0.000;    0.000
519.652; 8586.450;    0.000;    0.000
519.784; 8313.450;    0.000;    0.000
519.917; 8082.450;    0.000;    0.000
520.049; 7999.450;    0.000;    0.000
520.182; 7773.450;    0.000;    0.000
520.314; 7765.450;    0.000;    0.000
520.447; 8028.450;    0.000;    0.000
520.579; 8101.450;    0.000;    0.000
520.712; 7997.450;    0.000;    0.000
520.844; 7840.450;    0.000;    0.000
520.976; 7558.450;    0.000;    0.000
521.109; 7236.450;    0.000;    0.000
521.241; 7300.450;    0.000;    0.000
521.373; 7194.450;    0.000;    0.000
521.506; 7152.450;    0.000;    0.000
521.638; 7009.450;    0.000;    0.000
521.770; 7170.450;    0.000;    0.000
521.903; 7100.450;    0.000;    0.000
522.035; 6865.450;    0.000;    0.000
522.167; 6750.450;    0.000;    0.000
522.300; 6680.450;    0.000;    0.000
522.432; 6727.450;    0.000;    0.000
522.564; 6704.450;    0.000;    0.000
522.696; 6748.450;    0.000;    0.000
522.828; 6759.450;    0.000;    0.000
522.961; 6594.450;    0.000;    0.000
523.093; 6487.450;    0.000;    0.000
523.225; 6688.450;    0.000;    0.000
523.357; 6696.450;    0.000;    0.000
523.489; 6487.450;    0.000;    0.000
523.621; 6491.450;    0.000;    0.000
523.753; 6523.450;    0.000;    0.000
523.885; 6452.450;    0.000;    0.000
524.018; 6346.450;    0.000;    0.000
524.150; 6519.450;    0.000;    0.000
524.282; 6423.450;    0.000;    0.000
524.414; 6351.450;    0.000;    0.000
524.546; 6330.450;    0.000;    0.000
524.678; 6299.450;    0.000;    0.000
524.810; 6307.450;    0.000;    0.000
524.942; 6335.450;    0.000;    0.000
525.074; 6255.450;    0.000;    0.000
525.206; 6219.450;    0.000;    0.000
525.338; 6173.450;    0.000;    0.000
525.469; 6221.450;    0.000;    0.000
525.601; 6191.450;    0.000;    0.000
525.733; 6095.450;    0.000;    0.000
525.865; 6197.450;    0.000;    0.000
525.997; 5960.450;    0.000;    0.000
526.129; 6132.450;    0.000;    0.000
526.261; 6337.450;    0.000;    0.000
526.393; 6083.450;    0.000;    0.000
526.524; 6092.450;    0.000;    0.000
526.656; 6016.450;    0.000;    0.000
526.788; 6176.450;    0.000;    0.000
526.920; 6022.450;    0.000;    0.000
527.052; 6111.450;    0.000;    0.000
527.183; 5984.450;    0.000;    0.000
527.315; 6010.450;    0.000;    0.000
527.447; 6042.450;    0.000;    0.000
527.578; 5999.450;    0.000;    0.000
527.710; 6075.450;    0.000;    0.000
527.842; 5986.450;    0.000;    0.000
527.973; 6011.450;    0.000;    0.000
528.105; 5919.450;    0.000;    0.000
528.237; 5853.450;    0.000;    0.000
528.368; 5865.450;    0.000;    0.000
528.500; 5887.450;    0.000;    0.000
528.632; 5917.450;    0.000;    0.000
528.763; 5883.450;    0.000;    0.000
528.895; 5904.450;    0.000;    0.000
529.026; 5760.450;    0.000;    0.000
529.158; 5879.450;    0.000;    0.000
529.289; 5932.450;    0.000;    0.000
529.421; 5971.450;    0.000;    0.000
529.552; 5942.450;    0.000;    0.000
529.684; 6048.450;    0.000;    0.000
529.815; 6049.450;    0.000;    0.000
529.947; 5896.450;    0.000;    0.000
530.078; 5907.450;    0.000;    0.000
530.210; 5959.450;    0.000;    0.000
530.341; 5754.450;    0.000;    0.000
530.472; 5880.450;    0.000;    0.000
530.604; 6010.450;    0.000;    0.000
530.735; 5915.450;    0.000;    0.000
530.867; 5823.450;    0.000;    0.000
530.998; 5807.450;    0.000;    0.000
531.129; 5932.450;    0.000;    0.000
531.260; 5929.450;    0.000;    0.000
531.392; 5991.450;    0.000;    0.000
531.523; 6043.450;    0.000;    0.000
531.654; 6073.450;    0.000;    0.000
531.786; 6008.450;    0.000;    0.000
531.917; 6122.450;    0.000;    0.000
532.048; 6055.450;    0.000;    0.000
532.179; 6103.450;    0.000;    0.000
532.311; 6060.450;    0.000;    0.000
532.442; 6110.450;    0.000;    0.000
532.573; 5963.450;    0.000;    0.000
532.704; 6037.450;    0.000;    0.000
532.835; 5921.450;    0.000;    0.000
532.966; 6008.450;    0.000;    0.000
533.097; 5913.450;    0.000;    0.000
533.229; 5949.450;    0.000;    0.000
533.360; 5928.450;    0.000;    0.000
533.491; 5814.450;    0.000;    0.000
533.622; 5966.450;    0.000;    0.000
533.753; 5980.450;    0.000;    0.000
533.884; 6010.450;    0.000;    0.000
534.015; 5956.450;    0.000;    0.000
534.146; 5981.450;    0.000;    0.000
534.277; 5971.450;    0.000;    0.000
534.408; 5904.450;    0.000;    0.000
534.539; 6139.450;    0.000;    0.000
534.670; 5916.450;    0.000;    0.000
534.801; 5978.450;    0.000;    0.000
534.932; 5921.450;    0.000;    0.000
535.063; 5912.450;    0.000;    0.000
535.194; 5865.450;    0.000;    0.000
535.324; 5842.450;    0.000;    0.000
535.455; 5839.450;    0.000;    0.000
535.586; 5898.450;    0.000;    0.000
535.717; 5784.450;    0.000;    0.000
535.848; 5712.450;    0.000;    0.000
535.979; 5791.450;    0.000;    0.000
536.109; 5895.450;    0.000;    0.000
536.240; 5771.450;    0.000;    0.000
536.371; 5752.450;    0.000;    0.000
536.502; 5824.450;    0.000;    0.000
536.632; 5775.450;    0.000;    0.000
536.763; 5803.450;    0.000;    0.000
536.894; 5801.450;    0.000;    0.000
537.025; 5786.450;    0.000;    0.000
537.155; 5834.450;    0.000;    0.000
537.286; 5771.450;    0.000;    0.000
537.417; 5797.450;    0.000;    0.000
537.547; 5656.450;    0.000;    0.000
537.678; 5673.450;    0.000;    0.000
537.808; 5709.450;    0.000;    0.000
537.939; 5751.450;    0.000;    0.000
538.070; 5692.450;    0.000;    0.000
538.200; 5708.450;    0.000;    0.000
538.331; 5712.450;    0.000;    0.000
538.461; 5724.450;    0.000;    0.000
538.592; 5785.450;    0.000;    0.000
538.722; 5768.450;    0.000;    0.000
538.853; 5510.450;    0.000;    0.000
538.983; 5748.450;    0.000;    0.000
539.114; 5708.450;    0.000;    0.000
539.244; 5688.450;    0.000;    0.000
539.375; 5684.450;    0.000;    0.000
539.505; 5727.450;    0.000;    0.000
539.636; 5652.450;    0.000;    0.000
539.766; 5602.450;    0.000;    0.000
539.896; 5774.450;    0.000;    0.000
540.027; 5710.450;    0.000;    0.000
540.157; 5809.450;    0.000;    0.000
540.287; 5736.450;    0.000;    0.000
540.418; 5725.450;    0.000;    0.000
540.548; 5821.450;    0.000;    0.000
540.678; 5859.450;    0.000;    0.000
540.809; 5868.450;    0.000;    0.000
540.939; 5866.450;    0.000;    0.000
541.069; 5998.450;    0.000;    0.000
541.200; 5792.450;    0.000;    0.000
541.330; 5675.450;    0.000;    0.000
541.460; 5938.450;    0.000;    0.000
541.590; 5827.450;    0.000;    0.000
541.720; 5857.450;    0.000;    0.000
541.851; 5754.450;    0.000;    0.000
541.981; 5823.450;    0.000;    0.000
542.111; 5961.450;    0.000;    0.000
542.241; 5935.450;    0.000;    0.000
542.371; 5924.450;    0.000;    0.000
542.501; 5999.450;    0.000;    0.000
542.631; 6001.450;    0.000;    0.000
542.761; 5930.450;    0.000;    0.000
542.891; 6069.450;    0.000;    0.000
543.021; 6128.450;    0.000;    0.000
543.151; 6161.450;    0.000;    0.000
543.281; 6048.450;    0.000;    0.000
543.411; 6015.450;    0.000;    0.000
543.542; 5904.450;    0.000;    0.000
543.671; 6070.450;    0.000;    0.000
543.801; 5992.450;    0.000;    0.000
543.931; 6014.450;    0.000;    0.000
544.061; 5951.450;    0.000;    0.000
544.191; 6058.450;    0.000;    0.000
544.321; 5947.450;    0.000;    0.000
544.451; 6024.450;    0.000;    0.000
544.581; 5961.450;    0.000;    0.000
544.711; 6275.450;    0.000;    0.000
544.841; 6099.450;    0.000;    0.000
544.970; 5975.450;    0.000;    0.000
545.100; 6226.450;    0.000;    0.000
545.230; 6232.450;    0.000;    0.000
545.360; 6177.450;    0.000;    0.000
545.490; 6209.450;    0.000;    0.000
545.619; 6229.450;    0.000;    0.000
545.749; 6113.450;    0.000;    0.000
545.879; 6174.450;    0.000;    0.000
546.009; 6116.450;    0.000;    0.000
546.138; 6042.450;    0.000;    0.000
546.268; 6032.450;    0.000;    0.000
546.398; 5990.450;    0.000;    0.000
546.527; 6069.450;    0.000;    0.000
546.657; 5940.450;    0.000;    0.000
546.786; 6093.450;    0.000;    0.000
546.916; 5990.450;    0.000;    0.000
547.046; 6021.450;    0.000;    0.000
547.175; 5962.450;    0.000;    0.000
547.305; 6256.450;    0.000;    0.000
547.434; 6004.450;    0.000;    0.000
547.564; 6147.450;    0.000;    0.000
547.693; 6136.450;    0.000;    0.000
547.823; 6117.450;    0.000;    0.000
547.953; 5938.450;    0.000;    0.000
548.082; 6096.450;    0.000;    0.000
548.211; 6065.450;    0.000;    0.000
548.341; 5936.450;    0.000;    0.000
548.470; 6134.450;    0.000;    0.000
548.600; 6123.450;    0.000;    0.000
548.729; 6044.450;    0.000;    0.000
548.859; 6010.450;    0.000;    0.000
548.988; 6104.450;    0.000;    0.000
549.117; 6001.450;    0.000;    0.000
549.247; 6173.450;    0.000;    0.000
549.376; 6052.450;    0.000;    0.000
549.505; 6263.450;    0.000;    0.000
549.635; 6148.450;    0.000;    0.000
549.764; 6064.450;    0.000;    0.000
549.893; 6262.450;    0.000;    0.000
550.023; 6164.450;    0.000;    0.000
550.152; 6165.450;    0.000;    0.000
550.281; 6210.450;    0.000;    0.000
550.410; 6234.450;    0.000;    0.000
550.539; 6383.450;    0.000;    0.000
550.669; 6170.450;    0.000;    0.000
550.798; 6210.450;    0.000;    0.000
550.927; 6371.450;    0.000;    0.000
551.056; 6167.450;    0.000;    0.000
551.185; 6273.450;    0.000;    0.000
551.314; 6241.450;    0.000;    0.000
551.443; 6333.450;    0.000;    0.000
551.573; 6239.450;    0.000;    0.000
551.702; 6175.450;    0.000;    0.000
551.831; 6368.450;    0.000;    0.000
551.960; 6306.450;    0.000;    0.000
552.089; 6276.450;    0.000;    0.000
552.218; 6379.450;    0.000;    0.000
552.347; 6325.450;    0.000;    0.000
552.476; 6494.450;    0.000;    0.000
552.605; 6467.450;    0.000;    0.000
552.734; 6598.450;    0.000;    0.000
552.863; 6739.450;    0.000;    0.000
552.992; 6854.450;    0.000;    0.000
553.121; 6835.450;    0.000;    0.000
553.249; 6605.450;    0.000;    0.000
553.378; 6593.450;    0.000;    0.000
553.507; 6579.450;    0.000;    0.000
553.636; 6555.450;    0.000;    0.000
553.765; 6495.450;    0.000;    0.000
553.894; 6442.450;    0.000;    0.000
554.023; 6420.450;    0.000;    0.000
554.151; 6457.450;    0.000;    0.000
554.280; 6485.450;    0.000;    0.000
554.409; 6309.450;    0.000;    0.000
554.538; 6253.450;    0.000;    0.000
554.666; 6386.450;    0.000;    0.000
554.795; 6334.450;    0.000;    0.000
554.924; 6332.450;    0.000;    0.000
555.052; 6232.450;    0.000;    0.000
555.181; 6300.450;    0.000;    0.000
555.310; 6449.450;    0.000;    0.000
555.439; 6251.450;    0.000;    0.000
555.567; 6284.450;    0.000;    0.000
555.696; 6310.450;    0.000;    0.000
555.824; 6198.450;    0.000;    0.000
555.953; 6294.450;    0.000;    0.000
556.082; 6337.450;    0.000;    0.000
556.210; 6120.450;    0.000;    0.000
556.339; 6235.450;    0.000;    0.000
556.467; 6245.450;    0.000;    0.000
556.596; 6209.450;    0.000;    0.000
556.724; 6154.450;    0.000;    0.000
556.853; 6056.450;    0.000;    0.000
556.981; 6145.450;    0.000;    0.000
557.110; 6048.450;    0.000;    0.000
557.238; 6006.450;    0.000;    0.000
557.367; 6091.450;    0.000;    0.000
557.495; 6124.450;    0.000;    0.000
557.623; 6108.450;    0.000;    0.000
557.752; 6158.450;    0.000;    0.000
557.880; 6121.450;    0.000;    0.000
558.008; 6025.450;    0.000;    0.000
558.137; 6214.450;    0.000;    0.000
558.265; 6216.450;    0.000;    0.000
558.393; 6267.450;    0.000;    0.000
558.522; 6124.450;    0.000;    0.000
558.650; 6234.450;    0.000;    0.000
558.778; 6213.450;    0.000;    0.000
558.906; 6188.450;    0.000;    0.000
559.035; 6137.450;    0.000;    0.000
559.163; 6182.450;    0.000;    0.000
559.291; 6223.450;    0.000;    0.000
559.419; 6178.450;    0.000;    0.000
559.548; 6182.450;    0.000;    0.000
559.676; 6290.450;    0.000;    0.000
559.804; 6211.450;    0.000;    0.000
559.932; 6333.450;    0.000;    0.000
560.060; 6253.450;    0.000;    0.000
560.188; 6201.450;    0.000;    0.000
560.316; 6339.450;    0.000;    0.000
560.444; 6309.450;    0.000;    0.000
560.572; 6486.450;    0.000;    0.000
560.700; 6414.450;    0.000;    0.000
560.828; 6370.450;    0.000;    0.000
560.956; 6415.450;    0.000;    0.000
561.085; 6482.450;    0.000;    0.000
561.212; 6577.450;    0.000;    0.000
561.340; 6405.450;    0.000;    0.000
561.468; 6613.450;    0.000;    0.000
561.596; 6381.450;    0.000;    0.000
561.724; 6455.450;    0.000;    0.000
561.852; 6404.450;    0.000;    0.000
561.980; 6488.450;    0.000;    0.000
562.108; 6648.450;    0.000;    0.000
562.236; 6496.450;    0.000;    0.000
562.364; 6671.450;    0.000;    0.000
562.492; 6722.450;    0.000;    0.000
562.619; 6670.450;    0.000;    0.000
562.747; 6572.450;    0.000;    0.000
562.875; 6708.450;    0.000;    0.000
563.003; 6657.450;    0.000;    0.000
563.130; 6837.450;    0.000;    0.000
563.258; 6855.450;    0.000;    0.000
563.386; 6876.450;    0.000;    0.000
563.514; 6950.450;    0.000;    0.000
563.641; 6996.450;    0.000;    0.000
563.769; 7006.450;    0.000;    0.000
563.897; 7091.450;    0.000;    0.000
564.024; 7212.450;    0.000;    0.000
564.152; 7329.450;    0.000;    0.000
564.280; 7144.450;    0.000;    0.000
564.407; 7255.450;    0.000;    0.000
564.535; 7321.450;    0.000;    0.000
564.662; 7298.450;    0.000;    0.000
564.790; 7482.450;    0.000;    0.000
564.917; 7604.450;    0.000;    0.000
565.045; 7487.450;    0.000;    0.000
565.173; 7572.450;    0.000;    0.000
565.300; 7781.450;    0.000;    0.000
565.428; 7665.450;    0.000;    0.000
565.555; 7856.450;    0.000;    0.000
565.682; 7941.450;    0.000;    0.000
565.810; 8100.450;    0.000;    0.000
565.937; 8270.450;    0.000;    0.000
566.065; 8352.450;    0.000;    0.000
566.192; 8358.450;    0.000;    0.000
566.320; 8508.450;    0.000;    0.000
566.447; 8868.450;    0.000;    0.000
566.574; 8769.450;    0.000;    0.000
566.702; 8974.450;    0.000;    0.000
566.829; 9255.450;    0.000;    0.000
566.956; 9160.450;    0.000;    0.000
567.083; 9168.450;    0.000;    0.000
567.211; 9376.450;    0.000;    0.000
567.338; 9303.450;    0.000;    0.000
567.465; 9329.450;    0.000;    0.000
567.593; 9310.450;    0.000;    0.000
567.720; 9454.450;    0.000;    0.000
567.847; 9362.450;    0.000;    0.000
567.974; 9365.450;    0.000;    0.000
568.101; 9398.450;    0.000;    0.000
568.228;10137.450;    0.000;    0.000
568.356;10319.450;    0.000;    0.000
568.483; 9887.450;    0.000;    0.000
568.610; 9778.450;    0.000;    0.000
568.737;10733.450;    0.000;    0.000
568.864;11178.450;    0.000;    0.000
568.991;10645.450;    0.000;    0.000
569.118; 9761.450;    0.000;    0.000
569.245; 9247.450;    0.000;    0.000
569.372; 8900.450;    0.000;    0.000
569.499; 8621.450;    0.000;    0.000
569.626; 8592.450;    0.000;    0.000
569.753; 8326.450;    0.000;    0.000
569.880; 8309.450;    0.000;    0.000
570.007; 8148.450;    0.000;    0.000
570.134; 8008.450;    0.000;    0.000
570.261; 7918.450;    0.000;    0.000
570.388; 8029.450;    0.000;    0.000
570.515; 7886.450;    0.000;    0.000
570.642; 7804.450;    0.000;    0.000
570.768; 7828.450;    0.000;    0.000
570.895; 7619.450;    0.000;    0.000
571.022; 7564.450;    0.000;    0.000
571.149; 7753.450;    0.000;    0.000
571.276; 7562.450;    0.000;    0.000
571.402; 7560.450;    0.000;    0.000
571.529; 7465.450;    0.000;    0.000
571.656; 7458.450;    0.000;    0.000
571.783; 7312.450;    0.000;    0.000
571.909; 7283.450;    0.000;    0.000
572.036; 7158.450;    0.000;    0.000
572.163; 7250.450;    0.000;    0.000
572.289; 7199.450;    0.000;    0.000
572.416; 7144.450;    0.000;    0.000
572.543; 7365.450;    0.000;    0.000
572.669; 7123.450;    0.000;    0.000
572.796; 7023.450;    0.000;    0.000
572.922; 7121.450;    0.000;    0.000
573.049; 7228.450;    0.000;    0.000
573.176; 7154.450;    0.000;    0.000
573.302; 7069.450;    0.000;    0.000
573.429; 7117.450;    0.000;    0.000
573.555; 6990.450;    0.000;    0.000
573.682; 7050.450;    0.000;    0.000
573.808; 6907.450;    0.000;    0.000
573.935; 6914.450;    0.000;    0.000
574.061; 7006.450;    0.000;    0.000
574.188; 7055.450;    0.000;    0.000
574.314; 6875.450;    0.000;    0.000
574.440; 7119.450;    0.000;    0.000
574.567; 6859.450;    0.000;    0.000
574.693; 6937.450;    0.000;    0.000
574.820; 6959.450;    0.000;    0.000
574.946; 6989.450;    0.000;    0.000
575.072; 6963.450;    0.000;    0.000
575.198; 6881.450;    0.000;    0.000
575.325; 6912.450;    0.000;    0.000
575.451; 7143.450;    0.000;    0.000
575.577; 6884.450;    0.000;    0.000
575.704; 6915.450;    0.000;    0.000
575.830; 6980.450;    0.000;    0.000
575.956; 6862.450;    0.000;    0.000
576.082; 6815.450;    0.000;    0.000
576.208; 6926.450;    0.000;    0.000
576.335; 6875.450;    0.000;    0.000
576.461; 6776.450;    0.000;    0.000
576.587; 6741.450;    0.000;    0.000
576.713; 6795.450;    0.000;    0.000
576.839; 6795.450;    0.000;    0.000
576.965; 6827.450;    0.000;    0.000
577.091; 6754.450;    0.000;    0.000
577.217; 6970.450;    0.000;    0.000
577.343; 6903.450;    0.000;    0.000
577.469; 6789.450;    0.000;    0.000
577.596; 6959.450;    0.000;    0.000
577.722; 6845.450;    0.000;    0.000
577.848; 6853.450;    0.000;    0.000
577.974; 6841.450;    0.000;    0.000
578.099; 6850.450;    0.000;    0.000
578.225; 6971.450;    0.000;    0.000
578.351; 6786.450;    0.000;    0.000
578.477; 6808.450;    0.000;    0.000
578.603; 6928.450;    0.000;    0.000
578.729; 6853.450;    0.000;    0.000
578.855; 6855.450;    0.000;    0.000
578.981; 6905.450;    0.000;    0.000
579.107; 6822.450;    0.000;    0.000
579.232; 6956.450;    0.000;    0.000
579.358; 6944.450;    0.000;    0.000
579.484; 6967.450;    0.000;    0.000
579.610; 6900.450;    0.000;    0.000
579.735; 6893.450;    0.000;    0.000
579.861; 6930.450;    0.000;    0.000
579.987; 6878.450;    0.000;    0.000
580.113; 6911.450;    0.000;    0.000
580.238; 6932.450;    0.000;    0.000
580.364; 7054.450;    0.000;    0.000
580.490; 6969.450;    0.000;    0.000
580.615; 7091.450;    0.000;    0.000
580.741; 7001.450;    0.000;    0.000
580.867; 7176.450;    0.000;    0.000
580.992; 7213.450;    0.000;    0.000
581.118; 7108.450;    0.000;    0.000
581.243; 7189.450;    0.000;    0.000
581.369; 7208.450;    0.000;    0.000
581.494; 7160.450;    0.000;    0.000
581.620; 7236.450;    0.000;    0.000
581.745; 7294.450;    0.000;    0.000
581.871; 7328.450;    0.000;    0.000
581.996; 7300.450;    0.000;    0.000
582.122; 7318.450;    0.000;    0.000
582.247; 7262.450;    0.000;    0.000
582.373; 7431.450;    0.000;    0.000
582.498; 7474.450;    0.000;    0.000
582.624; 7554.450;    0.000;    0.000
582.749; 7621.450;    0.000;    0.000
582.874; 7521.450;    0.000;    0.000
583.000; 7561.450;    0.000;    0.000
583.125; 7683.450;    0.000;    0.000
583.250; 7773.450;    0.000;    0.000
583.376; 7772.450;    0.000;    0.000
583.501; 7768.450;    0.000;    0.000
583.626; 7982.450;    0.000;    0.000
583.751; 7873.450;    0.000;    0.000
583.877; 8058.450;    0.000;    0.000
584.002; 8186.450;    0.000;    0.000
584.127; 8150.450;    0.000;    0.000
584.252; 8247.450;    0.000;    0.000
584.377; 8342.450;    0.000;    0.000
584.503; 8265.450;    0.000;    0.000
584.628; 8599.450;    0.000;    0.000
584.753; 8651.450;    0.000;    0.000
584.878; 8859.450;    0.000;    0.000
585.003; 8729.450;    0.000;    0.000
585.128; 9212.450;    0.000;    0.000
585.253; 9479.450;    0.000;    0.000
585.378; 9431.450;    0.000;    0.000
585.503; 9329.450;    0.000;    0.000
585.628; 9444.450;    0.000;    0.000
585.753; 9620.450;    0.000;    0.000
585.878; 9625.450;    0.000;    0.000
586.003; 9891.450;    0.000;    0.000
586.128;10370.450;    0.000;    0.000
586.253;10280.450;    0.000;    0.000
586.378;10628.450;    0.000;    0.000
586.503;10742.450;    0.000;    0.000
586.628;11017.450;    0.000;    0.000
586.753;11399.450;    0.000;    0.000
586.878;11752.450;    0.000;    0.000
587.003;11982.450;    0.000;    0.000
587.127;12423.450;    0.000;    0.000
587.252;13132.450;    0.000;    0.000
587.377;13755.450;    0.000;    0.000
587.502;14402.450;    0.000;    0.000
587.627;15053.450;    0.000;    0.000
587.751;15969.450;    0.000;    0.000
587.876;17100.449;    0.000;    0.000
588.001;18263.449;    0.000;    0.000
588.125;19733.449;    0.000;    0.000
588.250;21758.449;    0.000;    0.000
588.375;24304.449;    0.000;    0.000
588.499;27244.449;    0.000;    0.000
588.624;31775.449;    0.000;    0.000
588.749;38940.449;    0.000;    0.000
588.873;49061.449;    0.000;    0.000
588.998;58034.449;    0.000;    0.000
589.122;57684.449;    0.000;    0.000
589.247;51079.449;    0.000;    0.000
589.372;46650.449;    0.000;    0.000
589.496;50284.449;    0.000;    0.000
589.621;54025.449;    0.000;    0.000
589.745;49576.449;    0.000;    0.000
589.870;41171.449;    0.000;    0.000
589.994;34327.449;    0.000;    0.000
590.118;29802.449;    0.000;    0.000
590.243;26590.449;    0.000;    0.000
590.367;23954.449;    0.000;    0.000
590.492;21981.449;    0.000;    0.000
590.616;20209.449;    0.000;    0.000
590.740;18813.449;    0.000;    0.000
590.865;17683.449;    0.000;    0.000
590.989;16833.449;    0.000;    0.000
591.114;15852.450;    0.000;    0.000
591.238;15126.450;    0.000;    0.000
591.362;14538.450;    0.000;    0.000
591.486;14151.450;    0.000;    0.000
591.611;13758.450;    0.000;    0.000
591.735;13270.450;    0.000;    0.000
591.859;12707.450;    0.000;    0.000
591.983;12445.450;    0.000;    0.000
592.107;12119.450;    0.000;    0.000
592.232;11855.450;    0.000;    0.000
592.356;11745.450;    0.000;    0.000
592.480;11225.450;    0.000;    0.000
592.604;11264.450;    0.000;    0.000
592.728;10917.450;    0.000;    0.000
592.852;10801.450;    0.000;    0.000
592.976;10774.450;    0.000;    0.000
593.100;10326.450;    0.000;    0.000
593.224;10520.450;    0.000;    0.000
593.349;10272.450;    0.000;    0.000
593.473;10124.450;    0.000;    0.000
593.597;10089.450;    0.000;    0.000
593.721; 9791.450;    0.000;    0.000
593.844; 9826.450;    0.000;    0.000
593.968; 9758.450;    0.000;    0.000
594.092; 9652.450;    0.000;    0.000
594.216; 9404.450;    0.000;    0.000
594.340; 9339.450;    0.000;    0.000
594.464; 9191.450;    0.000;    0.000
594.588; 9135.450;    0.000;    0.000
594.712; 9092.450;    0.000;    0.000
594.836; 8942.450;    0.000;    0.000
594.959; 8887.450;    0.000;    0.000
595.083; 8807.450;    0.000;    0.000
595.207; 8761.450;    0.000;    0.000
595.331; 8420.450;    0.000;    0.000
595.455; 8275.450;    0.000;    0.000
595.578; 8315.450;    0.000;    0.000
595.702; 8433.450;    0.000;    0.000
595.826; 8256.450;    0.000;    0.000
595.949; 8106.450;    0.000;    0.000
596.073; 8021.450;    0.000;    0.000
596.197; 7957.450;    0.000;    0.000
596.320; 7982.450;    0.000;    0.000
596.444; 7780.450;    0.000;    0.000
596.568; 7813.450;    0.000;    0.000
596.691; 7800.450;    0.000;    0.000
596.815; 7636.450;    0.000;    0.000
596.938; 7677.450;    0.000;    0.000
597.062; 7502.450;    0.000;    0.000
597.186; 7544.450;    0.000;    0.000
597.309; 7544.450;    0.000;    0.000
597.433; 7476.450;    0.000;    0.000
597.556; 7406.450;    0.000;    0.000
597.680; 7335.450;    0.000;    0.000
597.803; 7120.450;    0.000;    0.000
597.926; 7352.450;    0.000;    0.000
598.050; 7300.450;    0.000;    0.000
598.173; 7227.450;    0.000;    0.000
598.297; 7161.450;    0.000;    0.000
598.420; 7254.450;    0.000;    0.000
598.543; 7184.450;    0.000;    0.000
598.667; 7086.450;    0.000;    0.000
598.790; 7099.450;    0.000;    0.000
598.913; 7078.450;    0.000;    0.000
599.037; 7023.450;    0.000;    0.000
599.160; 6902.450;    0.000;    0.000
599.283; 6975.450;    0.000;    0.000
599.406; 6857.450;    0.000;    0.000
599.530; 6875.450;    0.000;    0.000
599.653; 6891.450;    0.000;    0.000
599.776; 6801.450;    0.000;    0.000
599.899; 6699.450;    0.000;    0.000
600.022; 6774.450;    0.000;    0.000
600.145; 6665.450;    0.000;    0.000
600.269; 6769.450;    0.000;    0.000
600.392; 6700.450;    0.000;    0.000
600.515; 6691.450;    0.000;    0.000
600.638; 6797.450;    0.000;    0.000
600.761; 6768.450;    0.000;    0.000
600.884; 6668.450;    0.000;    0.000
601.007; 6806.450;    0.000;    0.000
601.130; 6629.450;    0.000;    0.000
601.253; 6756.450;    0.000;    0.000
601.376; 6564.450;    0.000;    0.000
601.499; 6482.450;    0.000;    0.000
601.622; 6657.450;    0.000;    0.000
601.745; 6562.450;    0.000;    0.000
601.868; 6514.450;    0.000;    0.000
601.991; 6522.450;    0.000;    0.000
602.113; 6461.450;    0.000;    0.000
602.236; 6494.450;    0.000;    0.000
602.359; 6263.450;    0.000;    0.000
602.482; 6519.450;    0.000;    0.000
602.605; 6395.450;    0.000;    0.000
602.728; 6486.450;    0.000;    0.000
602.850; 6519.450;    0.000;    0.000
602.973; 6461.450;    0.000;    0.000
603.096; 6421.450;    0.000;    0.000
603.219; 6465.450;    0.000;    0.000
603.341; 6283.450;    0.000;    0.000
603.464; 6351.450;    0.000;    0.000
603.587; 6428.450;    0.000;    0.000
603.709; 6136.450;    0.000;    0.000
603.832; 6350.450;    0.000;    0.000
603.955; 6295.450;    0.000;    0.000
604.077; 6209.450;    0.000;    0.000
604.200; 6208.450;    0.000;    0.000
604.323; 6310.450;    0.000;    0.000
604.445; 6193.450;    0.000;    0.000
604.568; 6327.450;    0.000;    0.000
604.690; 6244.450;    0.000;    0.000
604.813; 6092.450;    0.000;    0.000
604.935; 6223.450;    0.000;    0.000
605.058; 6238.450;    0.000;    0.000
605.180; 6169.450;    0.000;    0.000
605.303; 6218.450;    0.000;    0.000
605.425; 6278.450;    0.000;    0.000
605.547; 6175.450;    0.000;    0.000
605.670; 6129.450;    0.000;    0.000
605.792; 6144.450;    0.000;    0.000
605.915; 5981.450;    0.000;    0.000
606.037; 6181.450;    0.000;    0.000
606.159; 6129.450;    0.000;    0.000
606.282; 6014.450;    0.000;    0.000
606.404; 5932.450;    0.000;    0.000
606.526; 6182.450;    0.000;    0.000
606.648; 6040.450;    0.000;    0.000
606.771; 6114.450;    0.000;    0.000
606.893; 6081.450;    0.000;    0.000
607.015; 6006.450;    0.000;    0.000
607.137; 6047.450;    0.000;    0.000
607.260; 5960.450;    0.000;    0.000
607.382; 6065.450;    0.000;    0.000
607.504; 6082.450;    0.000;    0.000
607.626; 6031.450;    0.000;    0.000
607.748; 6185.450;    0.000;    0.000
607.870; 5954.450;    0.000;    0.000
607.992; 5934.450;    0.000;    0.000
608.114; 6115.450;    0.000;    0.000
608.237; 6141.450;    0.000;    0.000
608.359; 5828.450;    0.000;    0.000
608.481; 6057.450;    0.000;    0.000
608.603; 5965.450;    0.000;    0.000
608.725; 5943.450;    0.000;    0.000
608.847; 5958.450;    0.000;    0.000
608.969; 6060.450;    0.000;    0.000
609.090; 5922.450;    0.000;    0.000
609.212; 6112.450;    0.000;    0.000
609.334; 6021.450;    0.000;    0.000
609.456; 5945.450;    0.000;    0.000
609.578; 6012.450;    0.000;    0.000
609.700; 5837.450;    0.000;    0.000
609.822; 5910.450;    0.000;    0.000
609.944; 5954.450;    0.000;    0.000
610.065; 6000.450;    0.000;    0.000
610.187; 5922.450;    0.000;    0.000
610.309; 5940.450;    0.000;    0.000
610.431; 5871.450;    0.000;    0.000
610.552; 5899.450;    0.000;    0.000
610.674; 5902.450;    0.000;    0.000
610.796; 5893.450;    0.000;    0.000
610.918; 5920.450;    0.000;    0.000
611.039; 5909.450;    0.000;    0.000
611.161; 5841.450;    0.000;    0.000
611.282; 5939.450;    0.000;    0.000
611.404; 5848.450;    0.000;    0.000
611.526; 5916.450;    0.000;    0.000
611.647; 5902.450;    0.000;    0.000
611.769; 5918.450;    0.000;    0.000
611.890; 5993.450;    0.000;    0.000
612.012; 5934.450;    0.000;    0.000
612.133; 5864.450;    0.000;    0.000
612.255; 5915.450;    0.000;    0.000
612.377; 5879.450;    0.000;    0.000
612.498; 5852.450;    0.000;    0.000
612.619; 5833.450;    0.000;    0.000
612.741; 5834.450;    0.000;    0.000
612.862; 5855.450;    0.000;    0.000
612.984; 5813.450;    0.000;    0.000
613.105; 5848.450;    0.000;    0.000
613.226; 5802.450;    0.000;    0.000
613.348; 5925.450;    0.000;    0.000
613.469; 5901.450;    0.000;    0.000
613.590; 5880.450;    0.000;    0.000
613.712; 5844.450;    0.000;    0.000
613.833; 5899.450;    0.000;    0.000
613.954; 5960.450;    0.000;    0.000
614.076; 5914.450;    0.000;    0.000
614.197; 5850.450;    0.000;    0.000
614.318; 5898.450;    0.000;    0.000
614.439; 6009.450;    0.000;    0.000
614.560; 5858.450;    0.000;    0.000
614.682; 5867.450;    0.000;    0.000
614.803; 5937.450;    0.000;    0.000
614.924; 5817.450;    0.000;    0.000
615.045; 5858.450;    0.000;    0.000
615.166; 5999.450;    0.000;    0.000
615.287; 5961.450;    0.000;    0.000
615.408; 6230.450;    0.000;    0.000
615.529; 6400.450;    0.000;    0.000
615.650; 6143.450;    0.000;    0.000
615.771; 6081.450;    0.000;    0.000
615.892; 6098.450;    0.000;    0.000
616.013; 6651.450;    0.000;    0.000
616.134; 6902.450;    0.000;    0.000
616.255; 6689.450;    0.000;    0.000
616.376; 6146.450;    0.000;    0.000
616.497; 6129.450;    0.000;    0.000
616.618; 6023.450;    0.000;    0.000
616.739; 5845.450;    0.000;    0.000
616.860; 5926.450;    0.000;    0.000
616.981; 5765.450;    0.000;    0.000
617.102; 5804.450;    0.000;    0.000
617.222; 5827.450;    0.000;    0.000
617.343; 5698.450;    0.000;    0.000
617.464; 5827.450;    0.000;    0.000
617.585; 5812.450;    0.000;    0.000
617.705; 5890.450;    0.000;    0.000
617.826; 5721.450;    0.000;    0.000
617.947; 5775.450;    0.000;    0.000
618.068; 5815.450;    0.000;    0.000
618.188; 5720.450;    0.000;    0.000
618.309; 5745.450;    0.000;    0.000
618.430; 5720.450;    0.000;    0.000
618.550; 5701.450;    0.000;    0.000
618.671; 5687.450;    0.000;    0.000
618.791; 5656.450;    0.000;    0.000
618.912; 5780.450;    0.000;    0.000
619.033; 5662.450;    0.000;    0.000
619.153; 5616.450;    0.000;    0.000
619.274; 5573.450;    0.000;    0.000
619.394; 5652.450;    0.000;    0.000
619.515; 5572.450;    0.000;    0.000
619.635; 5633.450;    0.000;    0.000
619.756; 5570.450;    0.000;    0.000
619.876; 5506.450;    0.000;    0.000
619.996; 5624.450;    0.000;    0.000
620.117; 5540.450;    0.000;    0.000
620.237; 5548.450;    0.000;    0.000
620.358; 5691.450;    0.000;    0.000
620.478; 5545.450;    0.000;    0.000
620.598; 5584.450;    0.000;    0.000
620.719; 5578.450;    0.000;    0.000
620.839; 5602.450;    0.000;    0.000
620.959; 5509.450;    0.000;    0.000
621.079; 5680.450;    0.000;    0.000
621.200; 5566.450;    0.000;    0.000
621.320; 5557.450;    0.000;    0.000
621.440; 5599.450;    0.000;    0.000
621.560; 5586.450;    0.000;    0.000
621.681; 5594.450;    0.000;    0.000
621.801; 5547.450;    0.000;    0.000
621.921; 5494.450;    0.000;    0.000
622.041; 5649.450;    0.000;    0.000
622.161; 5711.450;    0.000;    0.000
622.281; 5599.450;    0.000;    0.000
622.401; 5625.450;    0.000;    0.000
622.521; 5621.450;    0.000;    0.000
622.641; 5602.450;    0.000;    0.000
622.761; 5569.450;    0.000;    0.000
622.882; 5569.450;    0.000;    0.000
623.002; 5528.450;    0.000;    0.000
623.121; 5454.450;    0.000;    0.000
623.241; 5463.450;    0.000;    0.000
623.361; 5478.450;    0.000;    0.000
623.481; 5592.450;    0.000;    0.000
623.601; 5562.450;    0.000;    0.000
623.721; 5501.450;    0.000;    0.000
623.841; 5411.450;    0.000;    0.000
623.961; 5543.450;    0.000;    0.000
624.081; 5428.450;    0.000;    0.000
624.201; 5423.450;    0.000;    0.000
624.320; 5388.450;    0.000;    0.000
624.440; 5451.450;    0.000;    0.000
624.560; 5631.450;    0.000;    0.000
624.680; 5488.450;    0.000;    0.000
624.799; 5463.450;    0.000;    0.000
624.919; 5430.450;    0.000;    0.000
625.039; 5303.450;    0.000;    0.000
625.159; 5417.450;    0.000;    0.000
625.278; 5474.450;    0.000;    0.000
625.398; 5351.450;    0.000;    0.000
625.518; 5347.450;    0.000;    0.000
625.637; 5425.450;    0.000;    0.000
625.757; 5352.450;    0.000;    0.000
625.876; 5329.450;    0.000;    0.000
625.996; 5337.450;    0.000;    0.000
626.115; 5453.450;    0.000;    0.000
626.235; 5338.450;    0.000;    0.000
626.354; 5348.450;    0.000;    0.000
626.474; 5432.450;    0.000;    0.000
626.594; 5294.450;    0.000;    0.000
626.713; 5390.450;    0.000;    0.000
626.832; 5283.450;    0.000;    0.000
626.952; 5268.450;    0.000;    0.000
627.071; 5352.450;    0.000;    0.000
627.191; 5327.450;    0.000;    0.000
627.310; 5343.450;    0.000;    0.000
627.429; 5327.450;    0.000;    0.000
627.549; 5410.450;    0.000;    0.000
627.668; 5388.450;    0.000;    0.000
627.787; 5393.450;    0.000;    0.000
627.907; 5351.450;    0.000;    0.000
628.026; 5307.450;    0.000;    0.000
628.145; 5225.450;    0.000;    0.000
628.264; 5316.450;    0.000;    0.000
628.384; 5220.450;    0.000;    0.000
628.503; 5301.450;    0.000;    0.000
628.622; 5367.450;    0.000;    0.000
628.741; 5270.450;    0.000;    0.000
628.860; 5340.450;    0.000;    0.000
628.980; 5318.450;    0.000;    0.000
629.099; 5238.450;    0.000;    0.000
629.218; 5263.450;    0.000;    0.000
629.337; 5297.450;    0.000;    0.000
629.456; 5296.450;    0.000;    0.000
629.575; 5249.450;    0.000;    0.000
629.694; 5269.450;    0.000;    0.000
629.813; 5239.450;    0.000;    0.000
629.932; 5208.450;    0.000;    0.000
630.051; 5328.450;    0.000;    0.000
630.170; 5186.450;    0.000;    0.000
630.289; 5140.450;    0.000;    0.000
630.408; 5109.450;    0.000;    0.000
630.527; 5162.450;    0.000;    0.000
630.646; 5084.450;    0.000;    0.000
630.764; 5187.450;    0.000;    0.000
630.883; 5208.450;    0.000;    0.000
631.002; 5288.450;    0.000;    0.000
631.121; 5083.450;    0.000;    0.000
631.240; 5268.450;    0.000;    0.000
631.359; 5125.450;    0.000;    0.000
631.477; 5266.450;    0.000;    0.000
631.596; 5150.450;    0.000;    0.000
631.715; 5147.450;    0.000;    0.000
631.834; 5164.450;    0.000;    0.000
631.952; 5132.450;    0.000;    0.000
632.071; 5125.450;    0.000;    0.000
632.190; 5193.450;    0.000;    0.000
632.308; 5199.450;    0.000;    0.000
632.427; 5160.450;    0.000;    0.000
632.546; 5178.450;    0.000;    0.000
632.664; 5174.450;    0.000;    0.000
632.783; 5058.450;    0.000;    0.000
632.901; 5055.450;    0.000;    0.000
633.020; 5198.450;    0.000;    0.000
633.138; 5199.450;    0.000;    0.000
633.257; 5159.450;    0.000;    0.000
633.375; 5109.450;    0.000;    0.000
633.494; 5149.450;    0.000;    0.000
633.612; 5207.450;    0.000;    0.000
633.731; 5103.450;    0.000;    0.000
633.849; 5083.450;    0.000;    0.000
633.968; 5226.450;    0.000;    0.000
634.086; 5154.450;    0.000;    0.000
634.204; 5173.450;    0.000;    0.000
634.323; 5121.450;    0.000;    0.000
634.441; 5109.450;    0.000;    0.000
634.559; 5113.450;    0.000;    0.000
634.678; 4997.450;    0.000;    0.000
634.796; 5082.450;    0.000;    0.000
634.914; 5116.450;    0.000;    0.000
635.032; 5102.450;    0.000;    0.000
635.151; 4980.450;    0.000;    0.000
635.269; 5022.450;    0.000;    0.000
635.387; 5013.450;    0.000;    0.000
635.505; 5010.450;    0.000;    0.000
635.623; 5115.450;    0.000;    0.000
635.742; 5026.450;    0.000;    0.000
635.860; 5191.450;    0.000;    0.000
635.978; 5088.450;    0.000;    0.000
636.096; 5089.450;    0.000;    0.000
636.214; 5143.450;    0.000;    0.000
636.332; 5093.450;    0.000;    0.000
636.450; 5069.450;    0.000;    0.000
636.568; 5074.450;    0.000;    0.000
636.686; 5070.450;    0.000;    0.000
636.804; 5193.450;    0.000;    0.000
636.922; 5072.450;    0.000;    0.000
637.040; 5060.450;    0.000;    0.000
637.158; 5123.450;    0.000;    0.000
637.276; 5155.450;    0.000;    0.000
637.394; 4960.450;    0.000;    0.000
637.512; 5094.450;    0.000;    0.000
637.629; 5072.450;    0.000;    0.000
637.747; 4937.450;    0.000;    0.000
637.865; 4989.450;    0.000;    0.000
637.983; 5012.450;    0.000;    0.000
638.101; 4933.450;    0.000;    0.000
638.218; 4946.450;    0.000;    0.000
638.336; 5084.450;    0.000;    0.000
638.454; 5010.450;    0.000;    0.000
638.572; 5184.450;    0.000;    0.000
638.689; 5108.450;    0.000;    0.000
638.807; 5047.450;    0.000;    0.000
638.925; 4978.450;    0.000;    0.000
639.042; 5035.450;    0.000;    0.000
639.160; 5054.450;    0.000;    0.000
639.278; 5104.450;    0.000;    0.000
639.395; 5011.450;    0.000;    0.000
639.513; 5065.450;    0.000;    0.000
639.630; 5045.450;    0.000;    0.000
639.748; 5021.450;    0.000;    0.000
639.865; 5008.450;    0.000;    0.000
639.983; 5007.450;    0.000;    0.000
640.100; 4894.450;    0.000;    0.000
640.218; 5004.450;    0.000;    0.000
640.335; 5074.450;    0.000;    0.000
640.453; 5140.450;    0.000;    0.000
640.570; 4975.450;    0.000;    0.000
640.688; 5047.450;    0.000;    0.000
640.805; 5032.450;    0.000;    0.000
640.922; 5167.450;    0.000;    0.000
641.040; 5064.450;    0.000;    0.000
641.157; 4945.450;    0.000;    0.000
641.274; 5019.450;    0.000;    0.000
641.391; 5026.450;    0.000;    0.000
641.509; 5009.450;    0.000;    0.000
641.626; 4976.450;    0.000;    0.000
641.743; 4982.450;    0.000;    0.000
641.860; 5145.450;    0.000;    0.000
641.978; 4951.450;    0.000;    0.000
642.095; 4928.450;    0.000;    0.000
642.212; 4986.450;    0.000;    0.000
642.329; 5097.450;    0.000;    0.000
642.446; 4942.450;    0.000;    0.000
642.563; 5049.450;    0.000;    0.000
642.681; 5080.450;    0.000;    0.000
642.798; 5047.450;    0.000;    0.000
642.915; 5046.450;    0.000;    0.000
643.032; 5065.450;    0.000;    0.000
643.149; 5124.450;    0.000;    0.000
643.266; 5058.450;    0.000;    0.000
643.383; 4987.450;    0.000;    0.000
643.500; 4955.450;    0.000;    0.000
643.617; 5096.450;    0.000;    0.000
643.734; 5126.450;    0.000;    0.000
643.850; 5115.450;    0.000;    0.000
643.967; 5153.450;    0.000;    0.000
644.084; 5103.450;    0.000;    0.000
644.201; 5048.450;    0.000;    0.000
644.318; 5099.450;    0.000;    0.000
644.435; 5103.450;    0.000;    0.000
644.552; 5092.450;    0.000;    0.000
644.668; 5113.450;    0.000;    0.000
644.785; 5212.450;    0.000;    0.000
644.902; 5249.450;    0.000;    0.000
645.019; 5145.450;    0.000;    0.000
645.135; 5144.450;    0.000;    0.000
645.252; 5170.450;    0.000;    0.000
645.369; 5138.450;    0.000;    0.000
645.485; 5260.450;    0.000;    0.000
645.602; 5254.450;    0.000;    0.000
645.719; 5280.450;    0.000;    0.000
645.835; 5279.450;    0.000;    0.000
645.952; 5317.450;    0.000;    0.000
646.068; 5324.450;    0.000;    0.000
646.185; 5281.450;    0.000;    0.000
646.302; 5314.450;    0.000;    0.000
646.418; 5399.450;    0.000;    0.000
646.535; 5378.450;    0.000;    0.000
646.651; 5286.450;    0.000;    0.000
646.768; 5500.450;    0.000;    0.000
646.884; 5409.450;    0.000;    0.000
647.000; 5587.450;    0.000;    0.000
647.117; 5455.450;    0.000;    0.000
647.233; 5477.450;    0.000;    0.000
647.350; 5460.450;    0.000;    0.000
647.466; 5426.450;    0.000;    0.000
647.582; 5575.450;    0.000;    0.000
647.699; 5491.450;    0.000;    0.000
647.815; 5464.450;    0.000;    0.000
647.931; 5560.450;    0.000;    0.000
648.047; 5527.450;    0.000;    0.000
648.164; 5663.450;    0.000;    0.000
648.280; 5525.450;    0.000;    0.000
648.396; 5636.450;    0.000;    0.000
648.512; 5736.450;    0.000;    0.000
648.629; 5795.450;    0.000;    0.000
648.745; 5649.450;    0.000;    0.000
648.861; 5668.450;    0.000;    0.000
648.977; 5744.450;    0.000;    0.000
649.093; 5740.450;    0.000;    0.000
649.209; 5835.450;    0.000;    0.000
649.325; 5724.450;    0.000;    0.000
649.441; 5764.450;    0.000;    0.000
649.557; 5778.450;    0.000;    0.000
649.673; 5852.450;    0.000;    0.000
649.789; 5923.450;    0.000;    0.000
649.905; 5724.450;    0.000;    0.000
650.021; 5902.450;    0.000;    0.000
650.137; 5849.450;    0.000;    0.000
650.253; 5860.450;    0.000;    0.000
650.369; 5901.450;    0.000;    0.000
650.485; 6028.450;    0.000;    0.000
650.601; 5867.450;    0.000;    0.000
650.717; 5952.450;    0.000;    0.000
650.833; 5918.450;    0.000;    0.000
650.948; 5996.450;    0.000;    0.000
651.064; 6012.450;    0.000;    0.000
651.180; 5925.450;    0.000;    0.000
651.296; 6122.450;    0.000;    0.000
651.411; 6083.450;    0.000;    0.000
651.527; 6120.450;    0.000;    0.000
651.643; 6122.450;    0.000;    0.000
651.759; 6344.450;    0.000;    0.000
651.874; 6311.450;    0.000;    0.000
651.990; 6343.450;    0.000;    0.000
652.105; 6314.450;    0.000;    0.000
652.221; 6351.450;    0.000;    0.000
652.337; 6420.450;    0.000;    0.000
652.452; 6521.450;    0.000;    0.000
652.568; 6529.450;    0.000;    0.000
652.683; 6589.450;    0.000;    0.000
652.799; 6583.450;    0.000;    0.000
652.914; 6676.450;    0.000;    0.000
653.030; 6662.450;    0.000;    0.000
653.145; 6732.450;    0.000;    0.000
653.261; 6794.450;    0.000;    0.000
653.376; 6861.450;    0.000;    0.000
653.492; 7016.450;    0.000;    0.000
653.607; 7067.450;    0.000;    0.000
653.722; 7204.450;    0.000;    0.000
653.838; 7197.450;    0.000;    0.000
653.953; 7444.450;    0.000;    0.000
654.068; 7430.450;    0.000;    0.000
654.184; 7527.450;    0.000;    0.000
654.299; 7700.450;    0.000;    0.000
654.414; 7664.450;    0.000;    0.000
654.530; 7854.450;    0.000;    0.000
654.645; 8045.450;    0.000;    0.000
654.760; 7967.450;    0.000;    0.000
654.875; 8252.450;    0.000;    0.000
654.990; 8408.450;    0.000;    0.000
655.106; 8737.450;    0.000;    0.000
655.221; 8682.450;    0.000;    0.000
655.336; 9061.450;    0.000;    0.000
655.451; 9250.450;    0.000;    0.000
655.566; 9488.450;    0.000;    0.000
655.681; 9540.450;    0.000;    0.000
655.796; 9933.450;    0.000;    0.000
655.911;10276.450;    0.000;    0.000
656.026;10591.450;    0.000;    0.000
656.141;10946.450;    0.000;    0.000
656.256;11230.450;    0.000;    0.000
656.371;11334.450;    0.000;    0.000
656.486;11352.450;    0.000;    0.000
656.601;11165.450;    0.000;    0.000
656.716;11013.450;    0.000;    0.000
656.831;10931.450;    0.000;    0.000
656.946;10509.450;    0.000;    0.000
657.060;10602.450;    0.000;    0.000
657.175;10250.450;    0.000;    0.000
657.290;10168.450;    0.000;    0.000
657.405; 9885.450;    0.000;    0.000
657.520; 9622.450;    0.000;    0.000
657.634; 9609.450;    0.000;    0.000
657.749; 9441.450;    0.000;    0.000
657.864; 9178.450;    0.000;    0.000
657.979; 9148.450;    0.000;    0.000
658.093; 9009.450;    0.000;    0.000
658.208; 8906.450;    0.000;    0.000
658.323; 8720.450;    0.000;    0.000
658.437; 8559.450;    0.000;    0.000
658.552; 8440.450;    0.000;    0.000
658.666; 8384.450;    0.000;    0.000
658.781; 8197.450;    0.000;    0.000
658.895; 8222.450;    0.000;    0.000
659.010; 8109.450;    0.000;    0.000
659.125; 7896.450;    0.000;    0.000
659.239; 7804.450;    0.000;    0.000
659.353; 7796.450;    0.000;    0.000
659.468; 7691.450;    0.000;    0.000
659.582; 7632.450;    0.000;    0.000
659.697; 7590.450;    0.000;    0.000
659.811; 7398.450;    0.000;    0.000
659.926; 7220.450;    0.000;    0.000
660.040; 7315.450;    0.000;    0.000
660.154; 7330.450;    0.000;    0.000
660.269; 7011.450;    0.000;    0.000
660.383; 7131.450;    0.000;    0.000
660.497; 7142.450;    0.000;    0.000
660.612; 7051.450;    0.000;    0.000
660.726; 7027.450;    0.000;    0.000
660.840; 6755.450;    0.000;    0.000
660.954; 6769.450;    0.000;    0.000
661.068; 6701.450;    0.000;    0.000
661.183; 6759.450;    0.000;    0.000
661.297; 6521.450;    0.000;    0.000
661.411; 6501.450;    0.000;    0.000
661.525; 6438.450;    0.000;    0.000
661.639; 6386.450;    0.000;    0.000
661.753; 6369.450;    0.000;    0.000
661.867; 6366.450;    0.000;    0.000
661.981; 6184.450;    0.000;    0.000
662.095; 6303.450;    0.000;    0.000
662.209; 6169.450;    0.000;    0.000
662.323; 6074.450;    0.000;    0.000
662.437; 6131.450;    0.000;    0.000
662.551; 6042.450;    0.000;    0.000
662.665; 6083.450;    0.000;    0.000
662.779; 6000.450;    0.000;    0.000
662.893; 5923.450;    0.000;    0.000
663.007; 5895.450;    0.000;    0.000
663.121; 5859.450;    0.000;    0.000
663.235; 5835.450;    0.000;    0.000
663.349; 5734.450;    0.000;    0.000
663.462; 5709.450;    0.000;    0.000
663.576; 5529.450;    0.000;    0.000
663.690; 5615.450;    0.000;    0.000
663.804; 5543.450;    0.000;    0.000
663.917; 5487.450;    0.000;    0.000
664.031; 5486.450;    0.000;    0.000
664.145; 5504.450;    0.000;    0.000
664.258; 5403.450;    0.000;    0.000
664.372; 5451.450;    0.000;    0.000
664.486; 5373.450;    0.000;    0.000
664.599; 5401.450;    0.000;    0.000
664.713; 5356.450;    0.000;    0.000
664.827; 5277.450;    0.000;    0.000
664.940; 5271.450;    0.000;    0.000
665.054; 5268.450;    0.000;    0.000
665.167; 5218.450;    0.000;    0.000
665.281; 5196.450;    0.000;    0.000
665.394; 5206.450;    0.000;    0.000
665.508; 5031.450;    0.000;    0.000
665.621; 5112.450;    0.000;    0.000
665.735; 5271.450;    0.000;    0.000
665.848; 5082.450;    0.000;    0.000
665.961; 5093.450;    0.000;    0.000
666.075; 5089.450;    0.000;    0.000
666.188; 5098.450;    0.000;    0.000
666.301; 5013.450;    0.000;    0.000
666.415; 5093.450;    0.000;    0.000
666.528; 4950.450;    0.000;    0.000
666.641; 4892.450;    0.000;    0.000
666.755; 4931.450;    0.000;    0.000
666.868; 4962.450;    0.000;    0.000
666.981; 5002.450;    0.000;    0.000
667.094; 4901.450;    0.000;    0.000
667.207; 4856.450;    0.000;    0.000
667.321; 4827.450;    0.000;    0.000
667.434; 4789.450;    0.000;    0.000
667.547; 4867.450;    0.000;    0.000
667.660; 4792.450;    0.000;    0.000
667.773; 4668.450;    0.000;    0.000
667.886; 4653.450;    0.000;    0.000
667.999; 4826.450;    0.000;    0.000
668.112; 4763.450;    0.000;    0.000
668.225; 4746.450;    0.000;    0.000
668.338; 4642.450;    0.000;    0.000
668.451; 4698.450;    0.000;    0.000
668.564; 4725.450;    0.000;    0.000
668.677; 4607.450;    0.000;    0.000
668.790; 4599.450;    0.000;    0.000
668.903; 4587.450;    0.000;    0.000
669.016; 4663.450;    0.000;    0.000
669.129; 4622.450;    0.000;    0.000
669.242; 4541.450;    0.000;    0.000
669.354; 4535.450;    0.000;    0.000
669.467; 4433.450;    0.000;    0.000
669.580; 4557.450;    0.000;    0.000
669.693; 4533.450;    0.000;    0.000
669.806; 4578.450;    0.000;    0.000
669.918; 4419.450;    0.000;    0.000
670.031; 4476.450;    0.000;    0.000
670.144; 4560.450;    0.000;    0.000
670.256; 4438.450;    0.000;    0.000
670.369; 4505.450;    0.000;    0.000
670.482; 4509.450;    0.000;    0.000
670.594; 4572.450;    0.000;    0.000
670.707; 4504.450;    0.000;    0.000
670.820; 4367.450;    0.000;    0.000
670.932; 4346.450;    0.000;    0.000
671.045; 4448.450;    0.000;    0.000
671.157; 4390.450;    0.000;    0.000
671.270; 4310.450;    0.000;    0.000
671.382; 4381.450;    0.000;    0.000
671.495; 4367.450;    0.000;    0.000
671.607; 4298.450;    0.000;    0.000
671.720; 4333.450;    0.000;    0.000
671.832; 4295.450;    0.000;    0.000
671.944; 4444.450;    0.000;    0.000
672.057; 4347.450;    0.000;    0.000
672.169; 4261.450;    0.000;    0.000
672.281; 4296.450;    0.000;    0.000
672.394; 4353.450;    0.000;    0.000
672.506; 4302.450;    0.000;    0.000
672.618; 4369.450;    0.000;    0.000
672.731; 4374.450;    0.000;    0.000
672.843; 4370.450;    0.000;    0.000
672.955; 4206.450;    0.000;    0.000
673.067; 4273.450;    0.000;    0.000
673.180; 4262.450;    0.000;    0.000
673.292; 4189.450;    0.000;    0.000
673.404; 4149.450;    0.000;    0.000
673.516; 4219.450;    0.000;    0.000
673.628; 4302.450;    0.000;    0.000
673.740; 4179.450;    0.000;    0.000
673.852; 4250.450;    0.000;    0.000
673.964; 4146.450;    0.000;    0.000
674.076; 4227.450;    0.000;    0.000
674.188; 4199.450;    0.000;    0.000
674.300; 4135.450;    0.000;    0.000
674.412; 4217.450;    0.000;    0.000
674.524; 4249.450;    0.000;    0.000
674.636; 4121.450;    0.000;    0.000
674.748; 4155.450;    0.000;    0.000
674.860; 4149.450;    0.000;    0.000
674.972; 4136.450;    0.000;    0.000
675.084; 4110.450;    0.000;    0.000
675.196; 4208.450;    0.000;    0.000
675.307; 4143.450;    0.000;    0.000
675.419; 4180.450;    0.000;    0.000
675.531; 4144.450;    0.000;    0.000
675.643; 4055.450;    0.000;    0.000
675.755; 4200.450;    0.000;    0.000
675.866; 4083.450;    0.000;    0.000
675.978; 4154.450;    0.000;    0.000
676.090; 4132.450;    0.000;    0.000
676.201; 4105.450;    0.000;    0.000
676.313; 4126.450;    0.000;    0.000
676.425; 4059.450;    0.000;    0.000
676.536; 4055.450;    0.000;    0.000
676.648; 4058.450;    0.000;    0.000
676.759; 3986.450;    0.000;    0.000
676.871; 4057.450;    0.000;    0.000
676.983; 4085.450;    0.000;    0.000
677.094; 4005.450;    0.000;    0.000
677.206; 3989.450;    0.000;    0.000
677.317; 4063.450;    0.000;    0.000
677.429; 3926.450;    0.000;    0.000
677.540; 4006.450;    0.000;    0.000
677.651; 3978.450;    0.000;    0.000
677.763; 3948.450;    0.000;    0.000
677.874; 4001.450;    0.000;    0.000
677.986; 4003.450;    0.000;    0.000
678.097; 3943.450;    0.000;    0.000
678.208; 3903.450;    0.000;    0.000
678.320; 3976.450;    0.000;    0.000
678.431; 4014.450;    0.000;    0.000
678.542; 3827.450;    0.000;    0.000
678.653; 3941.450;    0.000;    0.000
678.765; 3991.450;    0.000;    0.000
678.876; 3888.450;    0.000;    0.000
678.987; 3873.450;    0.000;    0.000
679.098; 3971.450;    0.000;    0.000
679.209; 3958.450;    0.000;    0.000
679.320; 3825.450;    0.000;    0.000
679.432; 3928.450;    0.000;    0.000
679.543; 3808.450;    0.000;    0.000
679.654; 4031.450;    0.000;    0.000
679.765; 3913.450;    0.000;    0.000
679.876; 3912.450;    0.000;    0.000
679.987; 3780.450;    0.000;    0.000
680.098; 3918.450;    0.000;    0.000
680.209; 3889.450;    0.000;    0.000
680.320; 3896.450;    0.000;    0.000
680.431; 3794.450;    0.000;    0.000
680.542; 3828.450;    0.000;    0.000
680.653; 3845.450;    0.000;    0.000
680.763; 3852.450;    0.000;    0.000
680.874; 3790.450;    0.000;    0.000
680.985; 3755.450;    0.000;    0.000
681.096; 3806.450;    0.000;    0.000
681.207; 3754.450;    0.000;    0.000
681.318; 3808.450;    0.000;    0.000
681.428; 3863.450;    0.000;    0.000
681.539; 3811.450;    0.000;    0.000
681.650; 3817.450;    0.000;    0.000
681.760; 3827.450;    0.000;    0.000
681.871; 3824.450;    0.000;    0.000
681.982; 3857.450;    0.000;    0.000
682.093; 3645.450;    0.000;    0.000
682.203; 3726.450;    0.000;    0.000
682.314; 3879.450;    0.000;    0.000
682.424; 3808.450;    0.000;    0.000
682.535; 3756.450;    0.000;    0.000
682.646; 3790.450;    0.000;    0.000
682.756; 3779.450;    0.000;    0.000
682.867; 3867.450;    0.000;    0.000
682.977; 3878.450;    0.000;    0.000
683.088; 3794.450;    0.000;    0.000
683.198; 3757.450;    0.000;    0.000
683.308; 3817.450;    0.000;    0.000
683.419; 3829.450;    0.000;    0.000
683.529; 3737.450;    0.000;    0.000
683.640; 3783.450;    0.000;    0.000
683.750; 3688.450;    0.000;    0.000
683.860; 3734.450;    0.000;    0.000
683.971; 3822.450;    0.000;    0.000
684.081; 3762.450;    0.000;    0.000
684.191; 3883.450;    0.000;    0.000
684.301; 3632.450;    0.000;    0.000
684.412; 3739.450;    0.000;    0.000
684.522; 3665.450;    0.000;    0.000
684.632; 3749.450;    0.000;    0.000
684.742; 3725.450;    0.000;    0.000
684.852; 3734.450;    0.000;    0.000
684.963; 3793.450;    0.000;    0.000
685.073; 3674.450;    0.000;    0.000
685.183; 3780.450;    0.000;    0.000
685.293; 3728.450;    0.000;    0.000
685.403; 3819.450;    0.000;    0.000
685.513; 3826.450;    0.000;    0.000
685.623; 3669.450;    0.000;    0.000
685.733; 3784.450;    0.000;    0.000
685.843; 3784.450;    0.000;    0.000
685.953; 3703.450;    0.000;    0.000
686.063; 3713.450;    0.000;    0.000
686.173; 3714.450;    0.000;    0.000
686.283; 3728.450;    0.000;    0.000
686.393; 3782.450;    0.000;    0.000
686.503; 3785.450;    0.000;    0.000
686.612; 3806.450;    0.000;    0.000
686.722; 3693.450;    0.000;    0.000
686.832; 3634.450;    0.000;    0.000
686.942; 3689.450;    0.000;    0.000
687.052; 3710.450;    0.000;    0.000
687.161; 3733.450;    0.000;    0.000
687.271; 3688.450;    0.000;    0.000
687.381; 3619.450;    0.000;    0.000
687.491; 3664.450;    0.000;    0.000
687.600; 3697.450;    0.000;    0.000
687.710; 3694.450;    0.000;    0.000
687.820; 3726.450;    0.000;    0.000
687.929; 3661.450;    0.000;    0.000
688.039; 3726.450;    0.000;    0.000
688.148; 3740.450;    0.000;    0.000
688.258; 3637.450;    0.000;    0.000
688.367; 3685.450;    0.000;    0.000
688.477; 3750.450;    0.000;    0.000
688.586; 3565.450;    0.000;    0.000
688.696; 3724.450;    0.000;    0.000
688.805; 3736.450;    0.000;    0.000
688.915; 3708.450;    0.000;    0.000
689.024; 3665.450;    0.000;    0.000
689.134; 3600.450;    0.000;    0.000
689.243; 3604.450;    0.000;    0.000
689.352; 3744.450;    0.000;    0.000
689.462; 3656.450;    0.000;    0.000
689.571; 3668.450;    0.000;    0.000
689.680; 3722.450;    0.000;    0.000
689.790; 3658.450;    0.000;    0.000
689.899; 3702.450;    0.000;    0.000
690.008; 3650.450;    0.000;    0.000
690.117; 3754.450;    0.000;    0.000
690.227; 3729.450;    0.000;    0.000
690.336; 3671.450;    0.000;    0.000
690.445; 3555.450;    0.000;    0.000
690.554; 3641.450;    0.000;    0.000
690.663; 3623.450;    0.000;    0.000
690.772; 3664.450;    0.000;    0.000
690.881; 3605.450;    0.000;    0.000
690.990; 3683.450;    0.000;    0.000
691.099; 3634.450;    0.000;    0.000
691.209; 3609.450;    0.000;    0.000
691.318; 3582.450;    0.000;    0.000
691.427; 3542.450;    0.000;    0.000
691.536; 3635.450;    0.000;    0.000
691.644; 3663.450;    0.000;    0.000
691.753; 3542.450;    0.000;    0.000
691.862; 3623.450;    0.000;    0.000
691.971; 3659.450;    0.000;    0.000
692.080; 3637.450;    0.000;    0.000
692.189; 3669.450;    0.000;    0.000
692.298; 3741.450;    0.000;    0.000
692.406; 3635.450;    0.000;    0.000
692.515; 3735.450;    0.000;    0.000
692.624; 3664.450;    0.000;    0.000
692.733; 3590.450;    0.000;    0.000
692.842; 3666.450;    0.000;    0.000
692.950; 3743.450;    0.000;    0.000
693.059; 3567.450;    0.000;    0.000
693.168; 3640.450;    0.000;    0.000
693.276; 3651.450;    0.000;    0.000
693.385; 3511.450;    0.000;    0.000
693.494; 3669.450;    0.000;    0.000
693.602; 3615.450;    0.000;    0.000
693.711; 3698.450;    0.000;    0.000
693.819; 3707.450;    0.000;    0.000
693.928; 3617.450;    0.000;    0.000
694.036; 3542.450;    0.000;    0.000
694.145; 3631.450;    0.000;    0.000
694.253; 3703.450;    0.000;    0.000
694.362; 3615.450;    0.000;    0.000
694.470; 3708.450;    0.000;    0.000
694.579; 3601.450;    0.000;    0.000
694.687; 3669.450;    0.000;    0.000
694.795; 3733.450;    0.000;    0.000
694.904; 3601.450;    0.000;    0.000
695.012; 3686.450;    0.000;    0.000
695.120; 3658.450;    0.000;    0.000
695.229; 3702.450;    0.000;    0.000
695.337; 3624.450;    0.000;    0.000
695.445; 3710.450;    0.000;    0.000
695.553; 3645.450;    0.000;    0.000
695.662; 3643.450;    0.000;    0.000
695.770; 3695.450;    0.000;    0.000
695.878; 3670.450;    0.000;    0.000
695.986; 3667.450;    0.000;    0.000
696.094; 3546.450;    0.000;    0.000
696.202; 3565.450;    0.000;    0.000
696.310; 3545.450;    0.000;    0.000
696.419; 3687.450;    0.000;    0.000
696.527; 3607.450;    0.000;    0.000
696.635; 3589.450;    0.000;    0.000
696.743; 3570.450;    0.000;    0.000
696.851; 3580.450;    0.000;    0.000
696.959; 3705.450;    0.000;    0.000
697.067; 3585.450;    0.000;    0.000
697.174; 3570.450;    0.000;    0.000
697.282; 3687.450;    0.000;    0.000
697.390; 3620.450;    0.000;    0.000
697.498; 3680.450;    0.000;    0.000
697.606; 3596.450;    0.000;    0.000
697.714; 3629.450;    0.000;    0.000
697.822; 3631.450;    0.000;    0.000
697.929; 3556.450;    0.000;    0.000
698.037; 3592.450;    0.000;    0.000
698.145; 3602.450;    0.000;    0.000
698.253; 3580.450;    0.000;    0.000
698.360; 3639.450;    0.000;    0.000
698.468; 3646.450;    0.000;    0.000
698.576; 3636.450;    0.000;    0.000
698.683; 3625.450;    0.000;    0.000
698.791; 3778.450;    0.000;    0.000
698.899; 3597.450;    0.000;    0.000
699.006; 3615.450;    0.000;    0.000
699.114; 3686.450;    0.000;    0.000
699.221; 3720.450;    0.000;    0.000
699.329; 3623.450;    0.000;    0.000
699.436; 3600.450;    0.000;    0.000
699.544; 3617.450;    0.000;    0.000
699.651; 3669.450;    0.000;    0.000
699.759; 3698.450;    0.000;    0.000
699.866; 3645.450;    0.000;    0.000
699.974; 3608.450;    0.000;    0.000
700.081; 3630.450;    0.000;    0.000
700.188; 3668.450;    0.000;    0.000
700.296; 3603.450;    0.000;    0.000
700.403; 3698.450;    0.000;    0.000
700.510; 3598.450;    0.000;    0.000
700.618; 3679.450;    0.000;    0.000
700.725; 3648.450;    0.000;    0.000
700.832; 3559.450;    0.000;    0.000
700.940; 3655.450;    0.000;    0.000
701.047; 3645.450;    0.000;    0.000
701.154; 3587.450;    0.000;    0.000
701.261; 3682.450;    0.000;    0.000
701.368; 3709.450;    0.000;    0.000
701.475; 3535.450;    0.000;    0.000
701.582; 3702.450;    0.000;    0.000
701.690; 3655.450;    0.000;    0.000
701.797; 3673.450;    0.000;    0.000
701.904; 3678.450;    0.000;    0.000
702.011; 3637.450;    0.000;    0.000
702.118; 3709.450;    0.000;    0.000
702.225; 3671.450;    0.000;    0.000
702.332; 3682.450;    0.000;    0.000
702.439; 3639.450;    0.000;    0.000
702.546; 3750.450;    0.000;    0.000
702.652; 3532.450;    0.000;    0.000
702.759; 3627.450;    0.000;    0.000
702.866; 3689.450;    0.000;    0.000
702.973; 3591.450;    0.000;    0.000
703.080; 3653.450;    0.000;    0.000
703.187; 3594.450;    0.000;    0.000
703.294; 3655.450;    0.000;    0.000
703.400; 3458.450;    0.000;    0.000
703.507;  679.450;    0.000;    0.000
703.614;  310.450;    0.000;    0.000
703.720;  315.450;    0.000;    0.000
703.827;  323.450;    0.000;    0.000
703.934;  335.450;    0.000;    0.000
704.040;  285.450;    0.000;    0.000
704.147;  337.450;    0.000;    0.000
704.254;  371.450;    0.000;    0.000
704.360;  309.450;    0.000;    0.000
704.467;  339.450;    0.000;    0.000
704.573;  306.450;    0.000;    0.000
704.680;  320.450;    0.000;    0.000
704.786;  313.450;    0.000;    0.000
704.893;  282.450;    0.000;    0.000
704.999;  293.450;    0.000;    0.000
705.106;  347.450;    0.000;    0.000

