
Integration time [ms]:   1.000
Averaging Nr. [scans]: 1
Smoothing Nr. [pixels]: 0
Data measured with spectrometer [name]: NIR
Wave   ;Sample   ;Dark     ;Reference
[nm]   ;[counts] ;[counts] ;[counts] 

691.496; -110.175;  163.125;    0.000
691.696;  -95.175;  208.125;    0.000
691.896; -121.175;  111.125;    0.000
692.096;  -79.175;  178.125;    0.000
692.296; -150.175;   93.125;    0.000
692.496;  -82.175;  161.125;    0.000
692.695; -122.175;  135.125;    0.000
692.895;  -69.175;  179.125;    0.000
693.095; -118.175;  158.125;    0.000
693.295;  -88.175;  168.125;    0.000
693.495; -118.175;  170.125;    0.000
693.695; -106.175;  155.125;    0.000
693.894;  -83.175;  151.125;    0.000
694.094; -104.175;  164.125;    0.000
694.294; -123.175;  129.125;    0.000
694.494;   23.825;  170.125;    0.000
694.693; 1199.825;  137.125;    0.000
694.893; 1289.825;  163.125;    0.000
695.093; 1350.825;  121.125;    0.000
695.293; 1391.825;  144.125;    0.000
695.492; 1310.825;   88.125;    0.000
695.692; 1342.825;  148.125;    0.000
695.891; 1315.825;  125.125;    0.000
696.091; 1402.825;  184.125;    0.000
696.291; 1386.825;  153.125;    0.000
696.490; 1372.825;  131.125;    0.000
696.690; 1428.825;  123.125;    0.000
696.889; 1466.825;  180.125;    0.000
697.089; 1384.825;  147.125;    0.000
697.288; 1406.825;  164.125;    0.000
697.488; 1369.825;  133.125;    0.000
697.687; 1383.825;  153.125;    0.000
697.887; 1334.825;  119.125;    0.000
698.086; 1405.825;  143.125;    0.000
698.286; 1342.825;  125.125;    0.000
698.485; 1427.825;  120.125;    0.000
698.684; 1372.825;  116.125;    0.000
698.884; 1414.825;  131.125;    0.000
699.083; 1389.825;  115.125;    0.000
699.282; 1428.825;  144.125;    0.000
699.482; 1396.825;  109.125;    0.000
699.681; 1405.825;  115.125;    0.000
699.880; 1454.825;  125.125;    0.000
700.080; 1433.825;  139.125;    0.000
700.279; 1373.825;  111.125;    0.000
700.478; 1481.825;  146.125;    0.000
700.677; 1385.825;  131.125;    0.000
700.877; 1470.825;  156.125;    0.000
701.076; 1463.825;  153.125;    0.000
701.275; 1365.825;  123.125;    0.000
701.474; 1469.825;  150.125;    0.000
701.673; 1367.825;   97.125;    0.000
701.872; 1446.825;  139.125;    0.000
702.071; 1478.825;  108.125;    0.000
702.271; 1469.825;  125.125;    0.000
702.470; 1505.825;  108.125;    0.000
702.669; 1444.825;  102.125;    0.000
702.868; 1328.825;  153.125;    0.000
703.067; 1400.825;  145.125;    0.000
703.266; 1493.825;   96.125;    0.000
703.465; 1527.825;  165.125;    0.000
703.664; 1441.825;  106.125;    0.000
703.863; 1451.825;  144.125;    0.000
704.062; 1401.825;   86.125;    0.000
704.260; 1447.825;   99.125;    0.000
704.459; 1532.825;  112.125;    0.000
704.658; 1417.825;  106.125;    0.000
704.857; 1462.825;  129.125;    0.000
705.056; 1413.825;   98.125;    0.000
705.255; 1446.825;   97.125;    0.000
705.454; 1495.825;  101.125;    0.000
705.652; 1517.825;  142.125;    0.000
705.851; 1506.825;  100.125;    0.000
706.050; 1509.825;  162.125;    0.000
706.249; 1422.825;  146.125;    0.000
706.447; 1498.825;  120.125;    0.000
706.646; 1475.825;  114.125;    0.000
706.845; 1498.825;  117.125;    0.000
707.043; 1455.825;  136.125;    0.000
707.242; 1508.825;   90.125;    0.000
707.441; 1556.825;  131.125;    0.000
707.639; 1476.825;  120.125;    0.000
707.838; 1514.825;  122.125;    0.000
708.037; 1452.825;  109.125;    0.000
708.235; 1479.825;  122.125;    0.000
708.434; 1523.825;  109.125;    0.000
708.632; 1443.825;   47.125;    0.000
708.831; 1494.825;  122.125;    0.000
709.029; 1545.825;  130.125;    0.000
709.228; 1456.825;  112.125;    0.000
709.426; 1520.825;  128.125;    0.000
709.625; 1534.825;  129.125;    0.000
709.823; 1524.825;  130.125;    0.000
710.022; 1477.825;   90.125;    0.000
710.220; 1497.825;  131.125;    0.000
710.418; 1587.825;  133.125;    0.000
710.617; 1506.825;   82.125;    0.000
710.815; 1521.825;   90.125;    0.000
711.013; 1531.825;   86.125;    0.000
711.212; 1609.825;  117.125;    0.000
711.410; 1564.825;  106.125;    0.000
711.608; 1554.825;  138.125;    0.000
711.807; 1575.825;  116.125;    0.000
712.005; 1598.825;   82.125;    0.000
712.203; 1619.825;   90.125;    0.000
712.401; 1581.825;  124.125;    0.000
712.599; 1542.825;   64.125;    0.000
712.798; 1588.825;  113.125;    0.000
712.996; 1590.825;  100.125;    0.000
713.194; 1556.825;  130.125;    0.000
713.392; 1527.825;   89.125;    0.000
713.590; 1606.825;  105.125;    0.000
713.788; 1655.825;  100.125;    0.000
713.986; 1602.825;  117.125;    0.000
714.184; 1521.825;   72.125;    0.000
714.382; 1616.825;   88.125;    0.000
714.580; 1618.825;   88.125;    0.000
714.778; 1622.825;  129.125;    0.000
714.976; 1614.825;   90.125;    0.000
715.174; 1657.825;  119.125;    0.000
715.372; 1773.825;  117.125;    0.000
715.570; 1718.825;  101.125;    0.000
715.768; 1824.825;  122.125;    0.000
715.966; 1880.825;  114.125;    0.000
716.164; 1847.825;  135.125;    0.000
716.362; 1811.825;  126.125;    0.000
716.560; 1776.825;  126.125;    0.000
716.758; 1807.825;   98.125;    0.000
716.955; 1761.825;   76.125;    0.000
717.153; 1790.825;   45.125;    0.000
717.351; 1778.825;  106.125;    0.000
717.549; 1795.825;  108.125;    0.000
717.746; 1670.825;   66.125;    0.000
717.944; 1733.825;  127.125;    0.000
718.142; 1734.825;  148.125;    0.000
718.340; 1680.825;   94.125;    0.000
718.537; 1738.825;  107.125;    0.000
718.735; 1714.825;  130.125;    0.000
718.933; 1717.825;  111.125;    0.000
719.130; 1706.825;  107.125;    0.000
719.328; 1755.825;  128.125;    0.000
719.525; 1714.825;  141.125;    0.000
719.723; 1638.825;  122.125;    0.000
719.920; 1649.825;   85.125;    0.000
720.118; 1760.825;  115.125;    0.000
720.316; 1712.825;  153.125;    0.000
720.513; 1660.825;  120.125;    0.000
720.711; 1662.825;  134.125;    0.000
720.908; 1781.825;  126.125;    0.000
721.105; 1769.825;  119.125;    0.000
721.303; 1743.825;  112.125;    0.000
721.500; 1735.825;  125.125;    0.000
721.698; 1712.825;   94.125;    0.000
721.895; 1735.825;  118.125;    0.000
722.092; 1681.825;   77.125;    0.000
722.290; 1774.825;  135.125;    0.000
722.487; 1732.825;  154.125;    0.000
722.684; 1735.825;  122.125;    0.000
722.882; 1678.825;   90.125;    0.000
723.079; 1785.825;  132.125;    0.000
723.276; 1672.825;   95.125;    0.000
723.473; 1689.825;  106.125;    0.000
723.671; 1744.825;   80.125;    0.000
723.868; 1806.825;  112.125;    0.000
724.065; 1741.825;  107.125;    0.000
724.262; 1779.825;  119.125;    0.000
724.459; 1803.825;   80.125;    0.000
724.656; 1755.825;  109.125;    0.000
724.854; 1820.825;  107.125;    0.000
725.051; 1735.825;  103.125;    0.000
725.248; 1732.825;  101.125;    0.000
725.445; 1768.825;   93.125;    0.000
725.642; 1732.825;   92.125;    0.000
725.839; 1791.825;  157.125;    0.000
726.036; 1788.825;   71.125;    0.000
726.233; 1825.825;   80.125;    0.000
726.430; 1803.825;  146.125;    0.000
726.627; 1823.825;  103.125;    0.000
726.824; 1778.825;   46.125;    0.000
727.021; 1863.825;  149.125;    0.000
727.218; 1749.825;   87.125;    0.000
727.414; 1892.825;  112.125;    0.000
727.611; 1786.825;  111.125;    0.000
727.808; 1774.825;  122.125;    0.000
728.005; 1804.825;   58.125;    0.000
728.202; 1839.825;  129.125;    0.000
728.399; 1829.825;  111.125;    0.000
728.595; 1774.825;   93.125;    0.000
728.792; 1768.825;   78.125;    0.000
728.989; 1771.825;  104.125;    0.000
729.186; 1810.825;  110.125;    0.000
729.382; 1805.825;   93.125;    0.000
729.579; 1818.825;  102.125;    0.000
729.776; 1849.825;  112.125;    0.000
729.972; 1798.825;  101.125;    0.000
730.169; 1858.825;  150.125;    0.000
730.366; 1861.825;   92.125;    0.000
730.562; 1804.825;   74.125;    0.000
730.759; 1833.825;   97.125;    0.000
730.955; 1802.825;   86.125;    0.000
731.152; 1874.825;   88.125;    0.000
731.348; 1845.825;  117.125;    0.000
731.545; 1839.825;   62.125;    0.000
731.741; 1815.825;   84.125;    0.000
731.938; 1848.825;  108.125;    0.000
732.134; 1810.825;  115.125;    0.000
732.331; 1789.825;   88.125;    0.000
732.527; 1824.825;   96.125;    0.000
732.724; 1854.825;  103.125;    0.000
732.920; 1863.825;   93.125;    0.000
733.116; 1786.825;  109.125;    0.000
733.313; 1815.825;   77.125;    0.000
733.509; 1861.825;   81.125;    0.000
733.705; 1844.825;  141.125;    0.000
733.902; 1956.825;   88.125;    0.000
734.098; 1770.825;   56.125;    0.000
734.294; 1786.825;  122.125;    0.000
734.490; 1913.825;  102.125;    0.000
734.687; 1873.825;   70.125;    0.000
734.883; 1879.825;   73.125;    0.000
735.079; 1798.825;   65.125;    0.000
735.275; 1874.825;  112.125;    0.000
735.471; 1863.825;  124.125;    0.000
735.667; 1917.825;   94.125;    0.000
735.863; 1856.825;  106.125;    0.000
736.060; 1940.825;  106.125;    0.000
736.256; 1904.825;   95.125;    0.000
736.452; 1956.825;  103.125;    0.000
736.648; 1855.825;  106.125;    0.000
736.844; 1977.825;   98.125;    0.000
737.040; 1877.825;  118.125;    0.000
737.236; 1955.825;   95.125;    0.000
737.432; 1895.825;   59.125;    0.000
737.628; 1912.825;  120.125;    0.000
737.824; 1935.825;   78.125;    0.000
738.019; 1931.825;   98.125;    0.000
738.215; 1894.825;  127.125;    0.000
738.411; 1962.825;  111.125;    0.000
738.607; 1855.825;   69.125;    0.000
738.803; 1860.825;   40.125;    0.000
738.999; 1914.825;  128.125;    0.000
739.195; 1940.825;   81.125;    0.000
739.390; 1974.825;   97.125;    0.000
739.586; 1978.825;  100.125;    0.000
739.782; 2049.825;  135.125;    0.000
739.978; 1894.825;  121.125;    0.000
740.173; 1935.825;   92.125;    0.000
740.369; 2066.825;   92.125;    0.000
740.565; 2008.825;  119.125;    0.000
740.760; 1989.825;  139.125;    0.000
740.956; 2018.825;  134.125;    0.000
741.152; 2064.825;  107.125;    0.000
741.347; 2028.825;   63.125;    0.000
741.543; 2069.825;   99.125;    0.000
741.738; 2111.825;  119.125;    0.000
741.934; 2240.825;  156.125;    0.000
742.129; 2225.825;   87.125;    0.000
742.325; 2361.825;  143.125;    0.000
742.520; 2587.825;  109.125;    0.000
742.716; 2336.825;  135.125;    0.000
742.911; 2301.825;   77.125;    0.000
743.107; 2363.825;  117.125;    0.000
743.302; 2229.825;   93.125;    0.000
743.498; 2358.825;  118.125;    0.000
743.693; 2379.825;   95.125;    0.000
743.888; 2429.825;  122.125;    0.000
744.084; 2612.825;  104.125;    0.000
744.279; 2873.825;   94.125;    0.000
744.474; 3016.825;  138.125;    0.000
744.670; 2858.825;  113.125;    0.000
744.865; 2747.825;  116.125;    0.000
745.060; 2651.825;   89.125;    0.000
745.255; 2693.825;  144.125;    0.000
745.451; 2577.825;   98.125;    0.000
745.646; 2524.825;  110.125;    0.000
745.841; 2542.825;   87.125;    0.000
746.036; 2594.825;   98.125;    0.000
746.231; 2565.825;  153.125;    0.000
746.426; 2701.825;   90.125;    0.000
746.622; 3027.825;  154.125;    0.000
746.817; 3398.825;  111.125;    0.000
747.012; 3632.825;  110.125;    0.000
747.207; 3441.825;   76.125;    0.000
747.402; 3253.825;   94.125;    0.000
747.597; 3076.825;   68.125;    0.000
747.792; 2982.825;  125.125;    0.000
747.987; 2997.825;   92.125;    0.000
748.182; 2833.825;  113.125;    0.000
748.377; 2863.825;   72.125;    0.000
748.572; 2695.825;  135.125;    0.000
748.767; 2588.825;   98.125;    0.000
748.961; 2551.825;  123.125;    0.000
749.156; 2523.825;   96.125;    0.000
749.351; 2494.825;  121.125;    0.000
749.546; 2530.825;   95.125;    0.000
749.741; 2475.825;  144.125;    0.000
749.936; 2410.825;  105.125;    0.000
750.130; 2382.825;  101.125;    0.000
750.325; 2346.825;  126.125;    0.000
750.520; 2404.825;  113.125;    0.000
750.715; 2262.825;  135.125;    0.000
750.909; 2308.825;  138.125;    0.000
751.104; 2334.825;   96.125;    0.000
751.299; 2284.825;  118.125;    0.000
751.493; 2275.825;  124.125;    0.000
751.688; 2214.825;  131.125;    0.000
751.882; 2181.825;   96.125;    0.000
752.077; 2138.825;  123.125;    0.000
752.272; 2205.825;  112.125;    0.000
752.466; 2212.825;  143.125;    0.000
752.661; 2220.825;  107.125;    0.000
752.855; 2207.825;   97.125;    0.000
753.050; 2240.825;  125.125;    0.000
753.244; 2173.825;  161.125;    0.000
753.439; 2157.825;  101.125;    0.000
753.633; 2143.825;  129.125;    0.000
753.828; 2108.825;  114.125;    0.000
754.022; 2185.825;  118.125;    0.000
754.216; 2157.825;  126.125;    0.000
754.411; 2141.825;  148.125;    0.000
754.605; 2188.825;  100.125;    0.000
754.799; 2099.825;  146.125;    0.000
754.994; 2229.825;  116.125;    0.000
755.188; 2151.825;  146.125;    0.000
755.382; 2151.825;  103.125;    0.000
755.576; 2063.825;  119.125;    0.000
755.771; 2078.825;  100.125;    0.000
755.965; 2065.825;  129.125;    0.000
756.159; 2084.825;  100.125;    0.000
756.353; 2104.825;  153.125;    0.000
756.547; 1966.825;  113.125;    0.000
756.742; 2156.825;  129.125;    0.000
756.936; 2123.825;   70.125;    0.000
757.130; 2167.825;   91.125;    0.000
757.324; 2093.825;   92.125;    0.000
757.518; 2164.825;  128.125;    0.000
757.712; 2135.825;  146.125;    0.000
757.906; 2126.825;  114.125;    0.000
758.100; 2088.825;  153.125;    0.000
758.294; 2193.825;  133.125;    0.000
758.488; 2067.825;  149.125;    0.000
758.682; 2088.825;  132.125;    0.000
758.876; 2056.825;  128.125;    0.000
759.070; 2083.825;  178.125;    0.000
759.264; 2149.825;   98.125;    0.000
759.458; 2050.825;  168.125;    0.000
759.651; 2105.825;  131.125;    0.000
759.845; 2115.825;  133.125;    0.000
760.039; 2032.825;  120.125;    0.000
760.233; 2115.825;  116.125;    0.000
760.427; 2094.825;  121.125;    0.000
760.620; 2079.825;  163.125;    0.000
760.814; 2106.825;  106.125;    0.000
761.008; 2169.825;  119.125;    0.000
761.202; 2026.825;  121.125;    0.000
761.395; 2104.825;  136.125;    0.000
761.589; 2196.825;  111.125;    0.000
761.783; 2090.825;  116.125;    0.000
761.976; 2113.825;  139.125;    0.000
762.170; 2090.825;  140.125;    0.000
762.363; 2093.825;  115.125;    0.000
762.557; 2143.825;  129.125;    0.000
762.750; 2200.825;   85.125;    0.000
762.944; 2109.825;  107.125;    0.000
763.138; 2136.825;   99.125;    0.000
763.331; 2053.825;   97.125;    0.000
763.524; 2160.825;  100.125;    0.000
763.718; 2223.825;  130.125;    0.000
763.911; 2131.825;  127.125;    0.000
764.105; 2079.825;   69.125;    0.000
764.298; 2171.825;   94.125;    0.000
764.492; 2123.825;  129.125;    0.000
764.685; 2080.825;  114.125;    0.000
764.878; 2230.825;  145.125;    0.000
765.072; 2052.825;  124.125;    0.000
765.265; 2122.825;  124.125;    0.000
765.458; 2140.825;  108.125;    0.000
765.651; 2163.825;  132.125;    0.000
765.845; 2160.825;  106.125;    0.000
766.038; 2321.825;  155.125;    0.000
766.231; 2588.825;  153.125;    0.000
766.424; 4151.825;  165.125;    0.000
766.617; 4194.825;   85.125;    0.000
766.811; 2503.825;  140.125;    0.000
767.004; 2307.825;  151.125;    0.000
767.197; 2213.825;  178.125;    0.000
767.390; 2202.825;  112.125;    0.000
767.583; 2156.825;  134.125;    0.000
767.776; 2136.825;  101.125;    0.000
767.969; 2214.825;   99.125;    0.000
768.162; 2263.825;  152.125;    0.000
768.355; 2146.825;  115.125;    0.000
768.548; 2205.825;  154.125;    0.000
768.741; 2277.825;  124.125;    0.000
768.934; 2318.825;  129.125;    0.000
769.127; 2324.825;  137.125;    0.000
769.320; 2226.825;  115.125;    0.000
769.513; 2435.825;  144.125;    0.000
769.706; 2703.825;  107.125;    0.000
769.898; 4098.825;  134.125;    0.000
770.091; 3075.825;  128.125;    0.000
770.284; 2408.825;   97.125;    0.000
770.477; 2382.825;  135.125;    0.000
770.670; 2370.825;  137.125;    0.000
770.862; 2382.825;  112.125;    0.000
771.055; 2322.825;  127.125;    0.000
771.248; 2329.825;  116.125;    0.000
771.441; 2342.825;  101.125;    0.000
771.633; 2412.825;  130.125;    0.000
771.826; 2414.825;  147.125;    0.000
772.018; 2412.825;  117.125;    0.000
772.211; 2517.825;  141.125;    0.000
772.404; 2482.825;  104.125;    0.000
772.596; 2479.825;  128.125;    0.000
772.789; 2486.825;  131.125;    0.000
772.981; 2479.825;  134.125;    0.000
773.174; 2597.825;  108.125;    0.000
773.366; 2596.825;  153.125;    0.000
773.559; 2538.825;  137.125;    0.000
773.751; 2652.825;  119.125;    0.000
773.944; 2710.825;  148.125;    0.000
774.136; 2701.825;  155.125;    0.000
774.329; 2793.825;  126.125;    0.000
774.521; 2838.825;  116.125;    0.000
774.713; 2965.825;  119.125;    0.000
774.906; 2936.825;  179.125;    0.000
775.098; 3059.825;  127.125;    0.000
775.290; 3133.825;  146.125;    0.000
775.483; 3266.825;  123.125;    0.000
775.675; 3321.825;  119.125;    0.000
775.867; 3551.825;  119.125;    0.000
776.059; 3966.825;  137.125;    0.000
776.251; 4123.825;  154.125;    0.000
776.444; 4624.825;  101.125;    0.000
776.636; 5145.825;  153.125;    0.000
776.828; 6094.825;  127.125;    0.000
777.020; 8126.825;  140.125;    0.000
777.212;11524.825;  160.125;    0.000
777.404;12923.825;  170.125;    0.000
777.596;12231.825;  136.125;    0.000
777.788; 9364.825;  137.125;    0.000
777.980; 7560.825;  129.125;    0.000
778.172; 6531.825;  139.125;    0.000
778.364; 5682.825;  124.125;    0.000
778.556; 5204.825;  163.125;    0.000
778.748; 4701.825;  142.125;    0.000
778.940; 4329.825;  178.125;    0.000
779.132; 4020.825;  159.125;    0.000
779.324; 3792.825;  109.125;    0.000
779.516; 3641.825;  143.125;    0.000
779.708; 3607.825;  158.125;    0.000
779.900; 3311.825;  142.125;    0.000
780.091; 3175.825;  131.125;    0.000
780.283; 3185.825;  176.125;    0.000
780.475; 3099.825;  151.125;    0.000
780.667; 2970.825;  120.125;    0.000
780.859; 2854.825;  134.125;    0.000
781.050; 2820.825;  183.125;    0.000
781.242; 2795.825;   95.125;    0.000
781.434; 2720.825;  127.125;    0.000
781.625; 2644.825;  163.125;    0.000
781.817; 2632.825;  170.125;    0.000
782.008; 2565.825;  123.125;    0.000
782.200; 2534.825;  141.125;    0.000
782.392; 2593.825;  149.125;    0.000
782.583; 2547.825;  155.125;    0.000
782.775; 2481.825;  140.125;    0.000
782.966; 2423.825;  167.125;    0.000
783.158; 2474.825;  164.125;    0.000
783.349; 2369.825;  174.125;    0.000
783.541; 2348.825;  141.125;    0.000
783.732; 2329.825;  115.125;    0.000
783.924; 2334.825;  135.125;    0.000
784.115; 2306.825;  157.125;    0.000
784.306; 2347.825;  102.125;    0.000
784.498; 2359.825;  124.125;    0.000
784.689; 2381.825;  171.125;    0.000
784.880; 2204.825;  165.125;    0.000
785.072; 2278.825;  152.125;    0.000
785.263; 2218.825;  146.125;    0.000
785.454; 2236.825;  145.125;    0.000
785.645; 2195.825;  127.125;    0.000
785.837; 2181.825;  138.125;    0.000
786.028; 2190.825;  151.125;    0.000
786.219; 2248.825;  142.125;    0.000
786.410; 2167.825;  140.125;    0.000
786.601; 2196.825;  137.125;    0.000
786.792; 2263.825;  158.125;    0.000
786.984; 2226.825;  139.125;    0.000
787.175; 2187.825;  140.125;    0.000
787.366; 2132.825;  145.125;    0.000
787.557; 2233.825;  156.125;    0.000
787.748; 2098.825;  148.125;    0.000
787.939; 2142.825;  157.125;    0.000
788.130; 2194.825;  179.125;    0.000
788.321; 2159.825;  142.125;    0.000
788.512; 2267.825;  167.125;    0.000
788.703; 2196.825;  145.125;    0.000
788.894; 2186.825;  132.125;    0.000
789.084; 2102.825;  113.125;    0.000
789.275; 2140.825;  134.125;    0.000
789.466; 2290.825;  151.125;    0.000
789.657; 2137.825;  138.125;    0.000
789.848; 2236.825;  145.125;    0.000
790.039; 2198.825;  130.125;    0.000
790.229; 2187.825;  140.125;    0.000
790.420; 2150.825;  135.125;    0.000
790.611; 2215.825;  156.125;    0.000
790.801; 2203.825;   64.125;    0.000
790.992; 2286.825;  150.125;    0.000
791.183; 2164.825;  177.125;    0.000
791.373; 2206.825;   91.125;    0.000
791.564; 2238.825;   85.125;    0.000
791.755; 2186.825;  125.125;    0.000
791.945; 2180.825;   94.125;    0.000
792.136; 2179.825;   98.125;    0.000
792.326; 2146.825;  105.125;    0.000
792.517; 2160.825;  136.125;    0.000
792.707; 2176.825;  140.125;    0.000
792.898; 2263.825;  164.125;    0.000
793.088; 2132.825;  116.125;    0.000
793.279; 2204.825;  112.125;    0.000
793.469; 2145.825;  105.125;    0.000
793.660; 2209.825;  161.125;    0.000
793.850; 2250.825;  133.125;    0.000
794.040; 2381.825;  121.125;    0.000
794.231; 2341.825;  115.125;    0.000
794.421; 2519.825;  152.125;    0.000
794.611; 2755.825;  132.125;    0.000
794.802; 3020.825;  144.125;    0.000
794.992; 3073.825;  142.125;    0.000
795.182; 3137.825;  179.125;    0.000
795.372; 2938.825;  167.125;    0.000
795.563; 2868.825;  149.125;    0.000
795.753; 2661.825;  117.125;    0.000
795.943; 2643.825;  146.125;    0.000
796.133; 2479.825;  119.125;    0.000
796.323; 2412.825;  141.125;    0.000
796.513; 2337.825;  134.125;    0.000
796.703; 2385.825;  116.125;    0.000
796.893; 2286.825;  120.125;    0.000
797.083; 2316.825;  131.125;    0.000
797.273; 2273.825;  118.125;    0.000
797.463; 2277.825;  130.125;    0.000
797.653; 2135.825;   87.125;    0.000
797.843; 2204.825;  123.125;    0.000
798.033; 2159.825;  115.125;    0.000
798.223; 2121.825;  142.125;    0.000
798.413; 2109.825;  148.125;    0.000
798.603; 2088.825;  147.125;    0.000
798.793; 2099.825;  107.125;    0.000
798.983; 1884.825;  121.125;    0.000
799.172; 1923.825;  120.125;    0.000
799.362; 2023.825;  145.125;    0.000
799.552; 1991.825;  101.125;    0.000
799.742; 1960.825;  149.125;    0.000
799.932; 1893.825;  104.125;    0.000
800.121; 2008.825;  175.125;    0.000
800.311; 1878.825;  132.125;    0.000
800.501; 1888.825;  118.125;    0.000
800.690; 1959.825;  162.125;    0.000
800.880; 1911.825;  141.125;    0.000
801.070; 1891.825;  151.125;    0.000
801.259; 1868.825;  167.125;    0.000
801.449; 1861.825;  108.125;    0.000
801.638; 1846.825;  176.125;    0.000
801.828; 1874.825;  118.125;    0.000
802.017; 1904.825;  179.125;    0.000
802.207; 1899.825;  127.125;    0.000
802.396; 1871.825;  167.125;    0.000
802.586; 1828.825;  129.125;    0.000
802.775; 1910.825;  142.125;    0.000
802.965; 1839.825;  147.125;    0.000
803.154; 1824.825;  179.125;    0.000
803.343; 1834.825;  117.125;    0.000
803.533; 1873.825;  120.125;    0.000
803.722; 1754.825;  122.125;    0.000
803.911; 1802.825;  155.125;    0.000
804.101; 1699.825;  147.125;    0.000
804.290; 1818.825;  160.125;    0.000
804.479; 1787.825;  139.125;    0.000
804.668; 1848.825;  180.125;    0.000
804.857; 1778.825;  131.125;    0.000
805.047; 1796.825;  119.125;    0.000
805.236; 1786.825;  139.125;    0.000
805.425; 1802.825;  163.125;    0.000
805.614; 1747.825;  103.125;    0.000
805.803; 1824.825;  133.125;    0.000
805.992; 1763.825;  147.125;    0.000
806.181; 1736.825;  109.125;    0.000
806.370; 1824.825;  133.125;    0.000
806.559; 1796.825;  119.125;    0.000
806.748; 1773.825;  144.125;    0.000
806.937; 1732.825;  147.125;    0.000
807.126; 1769.825;  134.125;    0.000
807.315; 1705.825;  132.125;    0.000
807.504; 1765.825;  141.125;    0.000
807.693; 1711.825;  145.125;    0.000
807.882; 1731.825;   91.125;    0.000
808.071; 1761.825;  116.125;    0.000
808.260; 1707.825;  105.125;    0.000
808.448; 1689.825;  184.125;    0.000
808.637; 1716.825;  146.125;    0.000
808.826; 1754.825;  153.125;    0.000
809.015; 1749.825;  113.125;    0.000
809.203; 1766.825;  166.125;    0.000
809.392; 1651.825;  117.125;    0.000
809.581; 1797.825;  186.125;    0.000
809.770; 1718.825;  122.125;    0.000
809.958; 1647.825;  140.125;    0.000
810.147; 1780.825;  130.125;    0.000
810.335; 1682.825;  112.125;    0.000
810.524; 1733.825;  106.125;    0.000
810.713; 1854.825;  154.125;    0.000
810.901; 1724.825;  131.125;    0.000
811.090; 1769.825;  164.125;    0.000
811.278; 1772.825;  159.125;    0.000
811.467; 1797.825;  194.125;    0.000
811.655; 1812.825;  164.125;    0.000
811.844; 1815.825;  149.125;    0.000
812.032; 1807.825;  169.125;    0.000
812.220; 1777.825;  163.125;    0.000
812.409; 1753.825;  134.125;    0.000
812.597; 1759.825;  165.125;    0.000
812.785; 1836.825;  180.125;    0.000
812.974; 1816.825;  166.125;    0.000
813.162; 1745.825;  171.125;    0.000
813.350; 1787.825;  142.125;    0.000
813.539; 1760.825;  126.125;    0.000
813.727; 1801.825;  153.125;    0.000
813.915; 1789.825;  138.125;    0.000
814.103; 1797.825;  191.125;    0.000
814.291; 1712.825;  142.125;    0.000
814.479; 1777.825;  156.125;    0.000
814.668; 1747.825;  152.125;    0.000
814.856; 1791.825;  150.125;    0.000
815.044; 1783.825;  165.125;    0.000
815.232; 1889.825;  172.125;    0.000
815.420; 1923.825;  147.125;    0.000
815.608; 1816.825;  143.125;    0.000
815.796; 1776.825;  126.125;    0.000
815.984; 1862.825;  152.125;    0.000
816.172; 1755.825;  129.125;    0.000
816.360; 1924.825;  177.125;    0.000
816.548; 1807.825;  141.125;    0.000
816.736; 1933.825;  142.125;    0.000
816.924; 1840.825;  161.125;    0.000
817.111; 1968.825;  138.125;    0.000
817.299; 1883.825;  112.125;    0.000
817.487; 2046.825;  180.125;    0.000
817.675; 2037.825;  138.125;    0.000
817.863; 2109.825;  172.125;    0.000
818.050; 2127.825;  142.125;    0.000
818.238; 2340.825;  151.125;    0.000
818.426; 2820.825;  129.125;    0.000
818.613; 3057.825;  124.125;    0.000
818.801; 3231.825;  209.125;    0.000
818.989; 3362.825;  178.125;    0.000
819.176; 3023.825;  155.125;    0.000
819.364; 2831.825;  174.125;    0.000
819.552; 2877.825;  131.125;    0.000
819.739; 2654.825;  184.125;    0.000
819.927; 2560.825;  132.125;    0.000
820.114; 2664.825;  173.125;    0.000
820.302; 2626.825;  140.125;    0.000
820.489; 2593.825;  133.125;    0.000
820.677; 2584.825;  167.125;    0.000
820.864; 2699.825;  161.125;    0.000
821.052; 2825.825;  134.125;    0.000
821.239; 3066.825;  149.125;    0.000
821.426; 3383.825;  160.125;    0.000
821.614; 4083.825;  143.125;    0.000
821.801; 4332.825;  118.125;    0.000
821.988; 4151.825;  154.125;    0.000
822.176; 3928.825;  112.125;    0.000
822.363; 4072.825;  131.125;    0.000
822.550; 3812.825;  131.125;    0.000
822.737; 3467.825;  104.125;    0.000
822.924; 3370.825;  160.125;    0.000
823.112; 3207.825;  161.125;    0.000
823.299; 3007.825;  169.125;    0.000
823.486; 2961.825;  129.125;    0.000
823.673; 2754.825;  135.125;    0.000
823.860; 2756.825;  169.125;    0.000
824.047; 2790.825;  124.125;    0.000
824.234; 3020.825;  160.125;    0.000
824.421; 2933.825;  114.125;    0.000
824.608; 2864.825;  191.125;    0.000
824.795; 2617.825;  160.125;    0.000
824.982; 2456.825;  139.125;    0.000
825.169; 2405.825;  121.125;    0.000
825.356; 2351.825;  148.125;    0.000
825.543; 2173.825;  167.125;    0.000
825.730; 2135.825;  103.125;    0.000
825.917; 2031.825;  113.125;    0.000
826.104; 2025.825;  188.125;    0.000
826.290; 2066.825;  193.125;    0.000
826.477; 1973.825;  175.125;    0.000
826.664; 2042.825;  151.125;    0.000
826.851; 1946.825;  122.125;    0.000
827.038; 1907.825;  121.125;    0.000
827.224; 1814.825;  124.125;    0.000
827.411; 1945.825;  155.125;    0.000
827.598; 1802.825;  127.125;    0.000
827.784; 1816.825;  140.125;    0.000
827.971; 1754.825;  114.125;    0.000
828.157; 1802.825;  135.125;    0.000
828.344; 1743.825;  173.125;    0.000
828.531; 1832.825;  113.125;    0.000
828.717; 1687.825;  137.125;    0.000
828.904; 1712.825;  158.125;    0.000
829.090; 1756.825;  199.125;    0.000
829.277; 1720.825;  156.125;    0.000
829.463; 1647.825;  154.125;    0.000
829.650; 1700.825;  174.125;    0.000
829.836; 1619.825;  136.125;    0.000
830.022; 1621.825;  143.125;    0.000
830.209; 1561.825;  157.125;    0.000
830.395; 1632.825;  156.125;    0.000
830.581; 1655.825;  148.125;    0.000
830.768; 1578.825;  169.125;    0.000
830.954; 1541.825;  169.125;    0.000
831.140; 1583.825;  124.125;    0.000
831.327; 1577.825;  157.125;    0.000
831.513; 1610.825;  163.125;    0.000
831.699; 1576.825;  176.125;    0.000
831.885; 1483.825;  154.125;    0.000
832.071; 1590.825;  159.125;    0.000
832.257; 1553.825;  142.125;    0.000
832.444; 1566.825;  159.125;    0.000
832.630; 1535.825;  129.125;    0.000
832.816; 1488.825;  132.125;    0.000
833.002; 1442.825;  125.125;    0.000
833.188; 1529.825;  144.125;    0.000
833.374; 1562.825;  131.125;    0.000
833.560; 1570.825;  154.125;    0.000
833.746; 1405.825;  171.125;    0.000
833.932; 1498.825;  162.125;    0.000
834.118; 1495.825;  131.125;    0.000
834.303; 1440.825;  113.125;    0.000
834.489; 1530.825;  170.125;    0.000
834.675; 1491.825;  177.125;    0.000
834.861; 1502.825;  154.125;    0.000
835.047; 1476.825;  171.125;    0.000
835.233; 1417.825;   98.125;    0.000
835.418; 1530.825;  138.125;    0.000
835.604; 1518.825;  140.125;    0.000
835.790; 1486.825;  130.125;    0.000
835.976; 1511.825;  129.125;    0.000
836.161; 1469.825;  142.125;    0.000
836.347; 1412.825;  128.125;    0.000
836.533; 1412.825;  143.125;    0.000
836.718; 1468.825;  164.125;    0.000
836.904; 1480.825;  172.125;    0.000
837.089; 1517.825;  152.125;    0.000
837.275; 1467.825;  143.125;    0.000
837.460; 1515.825;  125.125;    0.000
837.646; 1469.825;  137.125;    0.000
837.831; 1541.825;  153.125;    0.000
838.017; 1469.825;  171.125;    0.000
838.202; 1408.825;  111.125;    0.000
838.388; 1552.825;  140.125;    0.000
838.573; 1553.825;  158.125;    0.000
838.759; 1525.825;  188.125;    0.000
838.944; 1451.825;  125.125;    0.000
839.129; 1495.825;  123.125;    0.000
839.315; 1487.825;  181.125;    0.000
839.500; 1537.825;  150.125;    0.000
839.685; 1403.825;  109.125;    0.000
839.870; 1526.825;  202.125;    0.000
840.056; 1536.825;  101.125;    0.000
840.241; 1510.825;  184.125;    0.000
840.426; 1543.825;  192.125;    0.000
840.611; 1542.825;  180.125;    0.000
840.796; 1528.825;  156.125;    0.000
840.981; 1517.825;  142.125;    0.000
841.166; 1536.825;  161.125;    0.000
841.352; 1582.825;  185.125;    0.000
841.537; 1654.825;  139.125;    0.000
841.722; 1513.825;  143.125;    0.000
841.907; 1631.825;  140.125;    0.000
842.092; 1575.825;  176.125;    0.000
842.277; 1652.825;  136.125;    0.000
842.461; 1652.825;  155.125;    0.000
842.646; 1689.825;  163.125;    0.000
842.831; 1656.825;  153.125;    0.000
843.016; 1638.825;  187.125;    0.000
843.201; 1739.825;  179.125;    0.000
843.386; 1799.825;  167.125;    0.000
843.571; 1883.825;  129.125;    0.000
843.755; 1921.825;  136.125;    0.000
843.940; 2024.825;  121.125;    0.000
844.125; 2120.825;  157.125;    0.000
844.310; 2428.825;  175.125;    0.000
844.494; 3008.825;  164.125;    0.000
844.679; 3723.825;  167.125;    0.000
844.864; 3715.825;  166.125;    0.000
845.048; 3167.825;  132.125;    0.000
845.233; 2907.825;  175.125;    0.000
845.418; 2563.825;  159.125;    0.000
845.602; 2298.825;  147.125;    0.000
845.787; 2288.825;  132.125;    0.000
845.971; 2100.825;  187.125;    0.000
846.156; 2004.825;  141.125;    0.000
846.340; 2016.825;  153.125;    0.000
846.525; 1994.825;  157.125;    0.000
846.709; 1823.825;  117.125;    0.000
846.893; 1773.825;  147.125;    0.000
847.078; 1767.825;  170.125;    0.000
847.262; 1695.825;  150.125;    0.000
847.447; 1594.825;  132.125;    0.000
847.631; 1660.825;  144.125;    0.000
847.815; 1687.825;  157.125;    0.000
848.000; 1650.825;  164.125;    0.000
848.184; 1562.825;  174.125;    0.000
848.368; 1540.825;  149.125;    0.000
848.552; 1589.825;  143.125;    0.000
848.736; 1558.825;  132.125;    0.000
848.921; 1542.825;  147.125;    0.000
849.105; 1550.825;  150.125;    0.000
849.289; 1489.825;  146.125;    0.000
849.473; 1509.825;  167.125;    0.000
849.657; 1468.825;  149.125;    0.000
849.841; 1434.825;  181.125;    0.000
850.025; 1438.825;  154.125;    0.000
850.209; 1459.825;  152.125;    0.000
850.393; 1437.825;  139.125;    0.000
850.577; 1439.825;  128.125;    0.000
850.761; 1478.825;  194.125;    0.000
850.945; 1452.825;  152.125;    0.000
851.129; 1412.825;  157.125;    0.000
851.313; 1437.825;  181.125;    0.000
851.497; 1426.825;  145.125;    0.000
851.680; 1482.825;  168.125;    0.000
851.864; 1437.825;  185.125;    0.000
852.048; 1437.825;  170.125;    0.000
852.232; 1407.825;  192.125;    0.000
852.416; 1466.825;  182.125;    0.000
852.599; 1410.825;  169.125;    0.000
852.783; 1445.825;  168.125;    0.000
852.967; 1431.825;  184.125;    0.000
853.150; 1450.825;  163.125;    0.000
853.334; 1382.825;  164.125;    0.000
853.518; 1418.825;  190.125;    0.000
853.701; 1315.825;  137.125;    0.000
853.885; 1386.825;  177.125;    0.000
854.068; 1330.825;  163.125;    0.000
854.252; 1358.825;  139.125;    0.000
854.435; 1350.825;  152.125;    0.000
854.619; 1344.825;  148.125;    0.000
854.802; 1340.825;  168.125;    0.000
854.986; 1368.825;  157.125;    0.000
855.169; 1446.825;  147.125;    0.000
855.353; 1438.825;  173.125;    0.000
855.536; 1399.825;  127.125;    0.000
855.719; 1403.825;  191.125;    0.000
855.903; 1421.825;  186.125;    0.000
856.086; 1358.825;  145.125;    0.000
856.269; 1476.825;  130.125;    0.000
856.452; 1370.825;  153.125;    0.000
856.636; 1454.825;  129.125;    0.000
856.819; 1475.825;  134.125;    0.000
857.002; 1564.825;  152.125;    0.000
857.185; 1461.825;  140.125;    0.000
857.368; 1462.825;  170.125;    0.000
857.552; 1424.825;  132.125;    0.000
857.735; 1484.825;  160.125;    0.000
857.918; 1493.825;  139.125;    0.000
858.101; 1433.825;  159.125;    0.000
858.284; 1412.825;  136.125;    0.000
858.467; 1481.825;  147.125;    0.000
858.650; 1471.825;  153.125;    0.000
858.833; 1479.825;  113.125;    0.000
859.016; 1551.825;  167.125;    0.000
859.199; 1479.825;  141.125;    0.000
859.382; 1551.825;  155.125;    0.000
859.564; 1642.825;  136.125;    0.000
859.747; 1716.825;  142.125;    0.000
859.930; 1638.825;  141.125;    0.000
860.113; 1480.825;  156.125;    0.000
860.296; 1622.825;  167.125;    0.000
860.478; 1558.825;  121.125;    0.000
860.661; 1565.825;  230.125;    0.000
860.844; 1526.825;  186.125;    0.000
861.027; 1535.825;  155.125;    0.000
861.209; 1574.825;  151.125;    0.000
861.392; 1548.825;  162.125;    0.000
861.575; 1565.825;  150.125;    0.000
861.757; 1588.825;  162.125;    0.000
861.940; 1678.825;  207.125;    0.000
862.122; 1548.825;  113.125;    0.000
862.305; 1589.825;  114.125;    0.000
862.487; 1705.825;  162.125;    0.000
862.670; 1735.825;  148.125;    0.000
862.852; 1870.825;  131.125;    0.000
863.035; 1983.825;  174.125;    0.000
863.217; 1973.825;  170.125;    0.000
863.400; 1981.825;  148.125;    0.000
863.582; 1912.825;  129.125;    0.000
863.764; 1906.825;  181.125;    0.000
863.947; 1732.825;  152.125;    0.000
864.129; 1847.825;  178.125;    0.000
864.311; 1695.825;  139.125;    0.000
864.493; 1761.825;  166.125;    0.000
864.676; 1784.825;  148.125;    0.000
864.858; 1677.825;  123.125;    0.000
865.040; 1764.825;  180.125;    0.000
865.222; 1738.825;  131.125;    0.000
865.404; 1743.825;  146.125;    0.000
865.587; 1779.825;  175.125;    0.000
865.769; 1847.825;  183.125;    0.000
865.951; 1871.825;  171.125;    0.000
866.133; 1896.825;  165.125;    0.000
866.315; 1884.825;  138.125;    0.000
866.497; 1838.825;  139.125;    0.000
866.679; 1958.825;  167.125;    0.000
866.861; 2026.825;  151.125;    0.000
867.043; 2067.825;  190.125;    0.000
867.225; 2139.825;  140.125;    0.000
867.407; 2246.825;  125.125;    0.000
867.589; 2450.825;  141.125;    0.000
867.770; 2738.825;  149.125;    0.000
867.952; 3420.825;  138.125;    0.000
868.134; 4062.825;  153.125;    0.000
868.316; 4176.825;  148.125;    0.000
868.498; 4060.825;  180.125;    0.000
868.679; 3806.825;  152.125;    0.000
868.861; 3383.825;  174.125;    0.000
869.043; 2992.825;  152.125;    0.000
869.224; 2751.825;  177.125;    0.000
869.406; 2707.825;  171.125;    0.000
869.588; 2522.825;  177.125;    0.000
869.769; 2424.825;  174.125;    0.000
869.951; 2361.825;  167.125;    0.000
870.132; 2370.825;  144.125;    0.000
870.314; 2402.825;  143.125;    0.000
870.495; 2504.825;  162.125;    0.000
870.677; 2371.825;  136.125;    0.000
870.858; 2255.825;  155.125;    0.000
871.040; 2300.825;  179.125;    0.000
871.221; 2524.825;  177.125;    0.000
871.403; 2429.825;  180.125;    0.000
871.584; 2388.825;  157.125;    0.000
871.765; 2532.825;  183.125;    0.000
871.947; 2619.825;  169.125;    0.000
872.128; 2253.825;  162.125;    0.000
872.309; 2171.825;  159.125;    0.000
872.491; 2041.825;  148.125;    0.000
872.672; 1893.825;  163.125;    0.000
872.853; 1934.825;  152.125;    0.000
873.034; 1885.825;  166.125;    0.000
873.215; 1740.825;  155.125;    0.000
873.396; 1769.825;  147.125;    0.000
873.578; 1635.825;  147.125;    0.000
873.759; 1718.825;  153.125;    0.000
873.940; 1675.825;  194.125;    0.000
874.121; 1637.825;  179.125;    0.000
874.302; 1611.825;  155.125;    0.000
874.483; 1588.825;  131.125;    0.000
874.664; 1516.825;  106.125;    0.000
874.845; 1552.825;  122.125;    0.000
875.026; 1485.825;  127.125;    0.000
875.207; 1474.825;  151.125;    0.000
875.388; 1511.825;  149.125;    0.000
875.568; 1513.825;  164.125;    0.000
875.749; 1469.825;  176.125;    0.000
875.930; 1471.825;  207.125;    0.000
876.111; 1552.825;  177.125;    0.000
876.292; 1478.825;  178.125;    0.000
876.472; 1479.825;  163.125;    0.000
876.653; 1441.825;  159.125;    0.000
876.834; 1440.825;  177.125;    0.000
877.015; 1493.825;  212.125;    0.000
877.195; 1444.825;  166.125;    0.000
877.376; 1390.825;  157.125;    0.000
877.556; 1403.825;  175.125;    0.000
877.737; 1467.825;  220.125;    0.000
877.918; 1391.825;  163.125;    0.000
878.098; 1407.825;  166.125;    0.000
878.279; 1304.825;  136.125;    0.000
878.459; 1354.825;  167.125;    0.000
878.640; 1376.825;  167.125;    0.000
878.820; 1414.825;  155.125;    0.000
879.000; 1340.825;  158.125;    0.000
879.181; 1351.825;  155.125;    0.000
879.361; 1386.825;  181.125;    0.000
879.542; 1333.825;  181.125;    0.000
879.722; 1362.825;  117.125;    0.000
879.902; 1417.825;  180.125;    0.000
880.083; 1364.825;  139.125;    0.000
880.263; 1406.825;  168.125;    0.000
880.443; 1521.825;  206.125;    0.000
880.623; 1744.825;  132.125;    0.000
880.803; 1951.825;  149.125;    0.000
880.984; 1551.825;  189.125;    0.000
881.164; 1580.825;  171.125;    0.000
881.344; 1423.825;  150.125;    0.000
881.524; 1471.825;  185.125;    0.000
881.704; 1438.825;  152.125;    0.000
881.884; 1396.825;  188.125;    0.000
882.064; 1489.825;  155.125;    0.000
882.244; 1534.825;  182.125;    0.000
882.424; 1456.825;  154.125;    0.000
882.604; 1470.825;  175.125;    0.000
882.784; 1383.825;  137.125;    0.000
882.964; 1391.825;  135.125;    0.000
883.144; 1362.825;  142.125;    0.000
883.324; 1401.825;  192.125;    0.000
883.504; 1492.825;  193.125;    0.000
883.683; 1388.825;  208.125;    0.000
883.863; 1382.825;  127.125;    0.000
884.043; 1424.825;  140.125;    0.000
884.223; 1261.825;  167.125;    0.000
884.402; 1381.825;  156.125;    0.000
884.582; 1337.825;  185.125;    0.000
884.762; 1368.825;  187.125;    0.000
884.941; 1311.825;  201.125;    0.000
885.121; 1345.825;  157.125;    0.000
885.301; 1389.825;  173.125;    0.000
885.480; 1329.825;  158.125;    0.000
885.660; 1323.825;  153.125;    0.000
885.839; 1334.825;  144.125;    0.000
886.019; 1347.825;  184.125;    0.000
886.198; 1305.825;  132.125;    0.000
886.378; 1317.825;  124.125;    0.000
886.557; 1326.825;  146.125;    0.000
886.737; 1272.825;  157.125;    0.000
886.916; 1258.825;  203.125;    0.000
887.095; 1325.825;  151.125;    0.000
887.275; 1359.825;  143.125;    0.000
887.454; 1354.825;  140.125;    0.000
887.633; 1279.825;  196.125;    0.000
887.813; 1334.825;  161.125;    0.000
887.992; 1317.825;  183.125;    0.000
888.171; 1292.825;  153.125;    0.000
888.350; 1274.825;  185.125;    0.000
888.530; 1328.825;  163.125;    0.000
888.709; 1352.825;  174.125;    0.000
888.888; 1291.825;  179.125;    0.000
889.067; 1345.825;  178.125;    0.000
889.246; 1420.825;  184.125;    0.000
889.425; 1211.825;  169.125;    0.000
889.604; 1403.825;  210.125;    0.000
889.783; 1394.825;  183.125;    0.000
889.962; 1175.825;  116.125;    0.000
890.141; 1271.825;  179.125;    0.000
890.320; 1358.825;  182.125;    0.000
890.499; 1352.825;  188.125;    0.000
890.678; 1292.825;  167.125;    0.000
890.857; 1282.825;  141.125;    0.000
891.036; 1330.825;  179.125;    0.000
891.214; 1290.825;  156.125;    0.000
891.393; 1289.825;  209.125;    0.000
891.572; 1295.825;  181.125;    0.000
891.751; 1328.825;  172.125;    0.000
891.930; 1250.825;  169.125;    0.000
892.108; 1302.825;  131.125;    0.000
892.287; 1281.825;  162.125;    0.000
892.466; 1300.825;  178.125;    0.000
892.644; 1297.825;  161.125;    0.000
892.823; 1212.825;  180.125;    0.000
893.001; 1324.825;  179.125;    0.000
893.180; 1329.825;  152.125;    0.000
893.359; 1249.825;  184.125;    0.000
893.537; 1263.825;  178.125;    0.000
893.716; 1299.825;  169.125;    0.000
893.894; 1317.825;  159.125;    0.000
894.073; 1273.825;  179.125;    0.000
894.251; 1221.825;  167.125;    0.000
894.429; 1290.825;  142.125;    0.000
894.608; 1322.825;  166.125;    0.000
894.786; 1321.825;  153.125;    0.000
894.964; 1323.825;  181.125;    0.000
895.143; 1323.825;  161.125;    0.000
895.321; 1306.825;  198.125;    0.000
895.499; 1328.825;  184.125;    0.000
895.677; 1335.825;  178.125;    0.000
895.856; 1330.825;  226.125;    0.000
896.034; 1368.825;  180.125;    0.000
896.212; 1372.825;  200.125;    0.000
896.390; 1267.825;  161.125;    0.000
896.568; 1342.825;  204.125;    0.000
896.746; 1348.825;  136.125;    0.000
896.924; 1309.825;  171.125;    0.000
897.102; 1393.825;  203.125;    0.000
897.280; 1336.825;  142.125;    0.000
897.458; 1290.825;  159.125;    0.000
897.636; 1387.825;  163.125;    0.000
897.814; 1285.825;  137.125;    0.000
897.992; 1359.825;  199.125;    0.000
898.170; 1339.825;  176.125;    0.000
898.348; 1378.825;  195.125;    0.000
898.526; 1334.825;  199.125;    0.000
898.704; 1353.825;  260.125;    0.000
898.882; 1356.825;  185.125;    0.000
899.059; 1296.825;  169.125;    0.000
899.237; 1402.825;  197.125;    0.000
899.415; 1434.825;  207.125;    0.000
899.593; 1325.825;  169.125;    0.000
899.770; 1305.825;  182.125;    0.000
899.948; 1373.825;  198.125;    0.000
900.125; 1366.825;  200.125;    0.000
900.303; 1396.825;  165.125;    0.000
900.481; 1371.825;  182.125;    0.000
900.658; 1421.825;  206.125;    0.000
900.836; 1495.825;  188.125;    0.000
901.013; 1318.825;  169.125;    0.000
901.191; 1353.825;  172.125;    0.000
901.368; 1358.825;  170.125;    0.000
901.546; 1467.825;  234.125;    0.000
901.723; 1444.825;  173.125;    0.000
901.901; 1432.825;  190.125;    0.000
902.078; 1485.825;  145.125;    0.000
902.255; 1374.825;  204.125;    0.000
902.433; 1480.825;  198.125;    0.000
902.610; 1547.825;  190.125;    0.000
902.787; 1427.825;  204.125;    0.000
902.964; 1507.825;  208.125;    0.000
903.142; 1522.825;  187.125;    0.000
903.319; 1587.825;  216.125;    0.000
903.496; 1560.825;  186.125;    0.000
903.673; 1562.825;  201.125;    0.000
903.850; 1566.825;  195.125;    0.000
904.027; 1538.825;  211.125;    0.000
904.204; 1532.825;  197.125;    0.000
904.381; 1635.825;  198.125;    0.000
904.558; 1782.825;  188.125;    0.000
904.735; 1822.825;  207.125;    0.000
904.912; 1956.825;  217.125;    0.000
905.089; 1849.825;  188.125;    0.000
905.266; 1816.825;  160.125;    0.000
905.443; 1788.825;  221.125;    0.000
905.620; 1728.825;  163.125;    0.000
905.797; 1639.825;  186.125;    0.000
905.974; 1683.825;  205.125;    0.000
906.151; 1639.825;  159.125;    0.000
906.327; 1721.825;  206.125;    0.000
906.504; 1723.825;  201.125;    0.000
906.681; 1600.825;  202.125;    0.000
906.858; 1610.825;  188.125;    0.000
907.034; 1588.825;  207.125;    0.000
907.211; 1581.825;  182.125;    0.000
907.388; 1570.825;  184.125;    0.000
907.564; 1609.825;  148.125;    0.000
907.741; 1544.825;  181.125;    0.000
907.917; 1471.825;  191.125;    0.000
908.094; 1563.825;  210.125;    0.000
908.271; 1516.825;  171.125;    0.000
908.447; 1585.825;  241.125;    0.000
908.623; 1471.825;  188.125;    0.000
908.800; 1558.825;  205.125;    0.000
908.976; 1478.825;  210.125;    0.000
909.153; 1483.825;  193.125;    0.000
909.329; 1477.825;  206.125;    0.000
909.505; 1432.825;  181.125;    0.000
909.682; 1398.825;  192.125;    0.000
909.858; 1406.825;  134.125;    0.000
910.034; 1490.825;  214.125;    0.000
910.211; 1447.825;  182.125;    0.000
910.387; 1405.825;  194.125;    0.000
910.563; 1470.825;  199.125;    0.000
910.739; 1402.825;  188.125;    0.000
910.915; 1486.825;  192.125;    0.000
911.091; 1452.825;  198.125;    0.000
911.268; 1421.825;  178.125;    0.000
911.444; 1360.825;  201.125;    0.000
911.620; 1392.825;  181.125;    0.000
911.796; 1324.825;  185.125;    0.000
911.972; 1447.825;  176.125;    0.000
912.148; 1421.825;  196.125;    0.000
912.324; 1395.825;  192.125;    0.000
912.500; 1457.825;  204.125;    0.000
912.676; 1443.825;  164.125;    0.000
912.851; 1430.825;  193.125;    0.000
913.027; 1349.825;  175.125;    0.000
913.203; 1418.825;  193.125;    0.000
913.379; 1331.825;  213.125;    0.000
913.555; 1424.825;  211.125;    0.000
913.730; 1346.825;  194.125;    0.000
913.906; 1355.825;  153.125;    0.000
914.082; 1448.825;  212.125;    0.000
914.258; 1474.825;  194.125;    0.000
914.433; 1445.825;  191.125;    0.000
914.609; 1408.825;  208.125;    0.000
914.784; 1402.825;  176.125;    0.000
914.960; 1427.825;  227.125;    0.000
915.136; 1346.825;  152.125;    0.000
915.311; 1339.825;  171.125;    0.000
915.487; 1373.825;  173.125;    0.000
915.662; 1348.825;  189.125;    0.000
915.838; 1510.825;  179.125;    0.000
916.013; 1448.825;  191.125;    0.000
916.189; 1382.825;  207.125;    0.000
916.364; 1435.825;  194.125;    0.000
916.539; 1363.825;  174.125;    0.000
916.715; 1408.825;  207.125;    0.000
916.890; 1401.825;  193.125;    0.000
917.065; 1364.825;  199.125;    0.000
917.240; 1320.825;  214.125;    0.000
917.416; 1452.825;  194.125;    0.000
917.591; 1429.825;  213.125;    0.000
917.766; 1433.825;  194.125;    0.000
917.941; 1397.825;  201.125;    0.000
918.116; 1361.825;  198.125;    0.000
918.292; 1423.825;  176.125;    0.000
918.467; 1401.825;  190.125;    0.000
918.642; 1413.825;  200.125;    0.000
918.817; 1467.825;  186.125;    0.000
918.992; 1403.825;  174.125;    0.000
919.167; 1408.825;  197.125;    0.000
919.342; 1375.825;  188.125;    0.000
919.517; 1463.825;  179.125;    0.000
919.692; 1476.825;  182.125;    0.000
919.867; 1448.825;  216.125;    0.000
920.041; 1523.825;  208.125;    0.000
920.216; 1516.825;  223.125;    0.000
920.391; 1458.825;  203.125;    0.000
920.566; 1535.825;  202.125;    0.000
920.741; 1463.825;  197.125;    0.000
920.915; 1522.825;  223.125;    0.000
921.090; 1509.825;  183.125;    0.000
921.265; 1684.825;  169.125;    0.000
921.439; 1744.825;  212.125;    0.000
921.614; 1684.825;  190.125;    0.000
921.789; 1600.825;  177.125;    0.000
921.963; 1533.825;  233.125;    0.000
922.138; 1531.825;  156.125;    0.000
922.312; 1565.825;  193.125;    0.000
922.487; 1557.825;  208.125;    0.000
922.661; 1617.825;  212.125;    0.000
922.836; 1559.825;  210.125;    0.000
923.010; 1620.825;  183.125;    0.000
923.185; 1661.825;  228.125;    0.000
923.359; 1569.825;  227.125;    0.000
923.534; 1501.825;  189.125;    0.000
923.708; 1646.825;  210.125;    0.000
923.882; 1621.825;  217.125;    0.000
924.057; 1641.825;  195.125;    0.000
924.231; 1567.825;  201.125;    0.000
924.405; 1609.825;  188.125;    0.000
924.579; 1582.825;  188.125;    0.000
924.753; 1605.825;  174.125;    0.000
924.928; 1455.825;  179.125;    0.000
925.102; 1582.825;  186.125;    0.000
925.276; 1499.825;  201.125;    0.000
925.450; 1536.825;  211.125;    0.000
925.624; 1553.825;  238.125;    0.000
925.798; 1592.825;  191.125;    0.000
925.972; 1578.825;  192.125;    0.000
926.146; 1652.825;  198.125;    0.000
926.320; 1641.825;  151.125;    0.000
926.494; 1771.825;  202.125;    0.000
926.668; 1747.825;  197.125;    0.000
926.842; 1844.825;  177.125;    0.000
927.016; 1817.825;  202.125;    0.000
927.190; 1795.825;  207.125;    0.000
927.363; 1756.825;  180.125;    0.000
927.537; 1782.825;  212.125;    0.000
927.711; 1789.825;  148.125;    0.000
927.885; 1705.825;  196.125;    0.000
928.058; 1648.825;  173.125;    0.000
928.232; 1681.825;  219.125;    0.000
928.406; 1666.825;  141.125;    0.000
928.579; 1679.825;  157.125;    0.000
928.753; 1707.825;  205.125;    0.000
928.927; 1625.825;  196.125;    0.000
929.100; 1591.825;  237.125;    0.000
929.274; 1618.825;  166.125;    0.000
929.447; 1634.825;  150.125;    0.000
929.621; 1666.825;  188.125;    0.000
929.794; 1663.825;  169.125;    0.000
929.968; 1624.825;  194.125;    0.000
930.141; 1640.825;  226.125;    0.000
930.315; 1588.825;  196.125;    0.000
930.488; 1586.825;  233.125;    0.000
930.661; 1560.825;  188.125;    0.000
930.835; 1531.825;  170.125;    0.000
931.008; 1573.825;  176.125;    0.000
931.181; 1517.825;  175.125;    0.000
931.354; 1506.825;  212.125;    0.000
931.528; 1519.825;  177.125;    0.000
931.701; 1484.825;  218.125;    0.000
931.874; 1463.825;  175.125;    0.000
932.047; 1425.825;  157.125;    0.000
932.220; 1470.825;  187.125;    0.000
932.393; 1510.825;  166.125;    0.000
932.566; 1527.825;  168.125;    0.000
932.739; 1494.825;  203.125;    0.000
932.912; 1621.825;  202.125;    0.000
933.085; 1556.825;  209.125;    0.000
933.258; 1454.825;  196.125;    0.000
933.431; 1524.825;  207.125;    0.000
933.604; 1484.825;  201.125;    0.000
933.777; 1519.825;  202.125;    0.000
933.950; 1463.825;  184.125;    0.000
934.123; 1486.825;  167.125;    0.000
934.296; 1475.825;  209.125;    0.000
934.468; 1565.825;  216.125;    0.000
934.641; 1426.825;  156.125;    0.000
934.814; 1466.825;  215.125;    0.000
934.987; 1492.825;  201.125;    0.000
935.159; 1492.825;  176.125;    0.000
935.332; 1419.825;  203.125;    0.000
935.505; 1528.825;  163.125;    0.000
935.677; 1376.825;  169.125;    0.000
935.850; 1471.825;  178.125;    0.000
936.022; 1527.825;  187.125;    0.000
936.195; 1500.825;  207.125;    0.000
936.367; 1499.825;  191.125;    0.000
936.540; 1497.825;  214.125;    0.000
936.712; 1630.825;  202.125;    0.000
936.885; 1414.825;  195.125;    0.000
937.057; 1461.825;  173.125;    0.000
937.229; 1500.825;  179.125;    0.000
937.402; 1457.825;  174.125;    0.000
937.574; 1500.825;  140.125;    0.000
937.746; 1550.825;  153.125;    0.000
937.919; 1583.825;  196.125;    0.000
938.091; 1609.825;  173.125;    0.000
938.263; 1627.825;  206.125;    0.000
938.435; 1725.825;  213.125;    0.000
938.608; 1860.825;  204.125;    0.000
938.780; 1944.825;  199.125;    0.000
938.952; 1967.825;  190.125;    0.000
939.124; 1952.825;  182.125;    0.000
939.296; 2101.825;  188.125;    0.000
939.468; 2093.825;  119.125;    0.000
939.640; 2037.825;  171.125;    0.000
939.812; 1970.825;  222.125;    0.000
939.984; 1849.825;  172.125;    0.000
940.156; 1889.825;  171.125;    0.000
940.328; 1811.825;  215.125;    0.000
940.500; 1691.825;  179.125;    0.000
940.672; 1696.825;  178.125;    0.000
940.843; 1629.825;  193.125;    0.000
941.015; 1703.825;  207.125;    0.000
941.187; 1570.825;  179.125;    0.000
941.359; 1648.825;  191.125;    0.000
941.531; 1503.825;  160.125;    0.000
941.702; 1631.825;  208.125;    0.000
941.874; 1576.825;  143.125;    0.000
942.046; 1488.825;  189.125;    0.000
942.217; 1563.825;  167.125;    0.000
942.389; 1572.825;  199.125;    0.000
942.560; 1614.825;  179.125;    0.000
942.732; 1503.825;  209.125;    0.000
942.904; 1517.825;  180.125;    0.000
943.075; 1452.825;  197.125;    0.000
943.247; 1427.825;  207.125;    0.000
943.418; 1484.825;  183.125;    0.000
943.589; 1478.825;  176.125;    0.000
943.761; 1417.825;  165.125;    0.000
943.932; 1553.825;  170.125;    0.000
944.104; 1512.825;  147.125;    0.000
944.275; 1455.825;  149.125;    0.000
944.446; 1496.825;  191.125;    0.000
944.617; 1419.825;  128.125;    0.000
944.789; 1457.825;  166.125;    0.000
944.960; 1483.825;  195.125;    0.000
945.131; 1496.825;  164.125;    0.000
945.302; 1525.825;  229.125;    0.000
945.473; 1444.825;  153.125;    0.000
945.645; 1541.825;  166.125;    0.000
945.816; 1530.825;  187.125;    0.000
945.987; 1581.825;  193.125;    0.000
946.158; 1529.825;  166.125;    0.000
946.329; 1535.825;  196.125;    0.000
946.500; 1473.825;  152.125;    0.000
946.671; 1436.825;  161.125;    0.000
946.842; 1463.825;  176.125;    0.000
947.013; 1501.825;  188.125;    0.000
947.183; 1460.825;  213.125;    0.000
947.354; 1399.825;  163.125;    0.000
947.525; 1459.825;  204.125;    0.000
947.696; 1412.825;  159.125;    0.000
947.867; 1563.825;  197.125;    0.000
948.037; 1415.825;  174.125;    0.000
948.208; 1424.825;  163.125;    0.000
948.379; 1506.825;  189.125;    0.000
948.550; 1467.825;  173.125;    0.000
948.720; 1378.825;  186.125;    0.000
948.891; 1494.825;  166.125;    0.000
949.061; 1405.825;  197.125;    0.000
949.232; 1418.825;  168.125;    0.000
949.403; 1384.825;  188.125;    0.000
949.573; 1398.825;  164.125;    0.000
949.744; 1472.825;  194.125;    0.000
949.914; 1461.825;  154.125;    0.000
950.085; 1472.825;  197.125;    0.000
950.255; 1401.825;  187.125;    0.000
950.425; 1496.825;  193.125;    0.000
950.596; 1417.825;  182.125;    0.000
950.766; 1381.825;  202.125;    0.000
950.936; 1469.825;  230.125;    0.000
951.107; 1437.825;  133.125;    0.000
951.277; 1383.825;  234.125;    0.000
951.447; 1529.825;  200.125;    0.000
951.617; 1453.825;  212.125;    0.000
951.788; 1505.825;  176.125;    0.000
951.958; 1445.825;  218.125;    0.000
952.128; 1456.825;  198.125;    0.000
952.298; 1409.825;  185.125;    0.000
952.468; 1395.825;  231.125;    0.000
952.638; 1445.825;  213.125;    0.000
952.808; 1399.825;  218.125;    0.000
952.978; 1461.825;  252.125;    0.000
953.148; 1427.825;  200.125;    0.000
953.318; 1422.825;  243.125;    0.000
953.488; 1451.825;  140.125;    0.000
953.658; 1432.825;  208.125;    0.000
953.828; 1467.825;  179.125;    0.000
953.998; 1440.825;  211.125;    0.000
954.167; 1372.825;  197.125;    0.000
954.337; 1428.825;  217.125;    0.000
954.507; 1425.825;  219.125;    0.000
954.677; 1428.825;  201.125;    0.000
954.846; 1521.825;  241.125;    0.000
955.016; 1499.825;  222.125;    0.000
955.186; 1469.825;  200.125;    0.000
955.355; 1377.825;  247.125;    0.000
955.525; 1495.825;  212.125;    0.000
955.695; 1461.825;  200.125;    0.000
955.864; 1424.825;  196.125;    0.000
956.034; 1409.825;  195.125;    0.000
956.203; 1447.825;  243.125;    0.000
956.373; 1492.825;  197.125;    0.000
956.542; 1459.825;  237.125;    0.000
956.711; 1483.825;  249.125;    0.000
956.881; 1467.825;  235.125;    0.000
957.050; 1452.825;  259.125;    0.000
957.220; 1455.825;  234.125;    0.000
957.389; 1430.825;  250.125;    0.000
957.558; 1356.825;  214.125;    0.000
957.727; 1418.825;  225.125;    0.000
957.897; 1461.825;  211.125;    0.000
958.066; 1454.825;  200.125;    0.000
958.235; 1420.825;  202.125;    0.000
958.404; 1421.825;  242.125;    0.000
958.573; 1492.825;  222.125;    0.000
958.743; 1331.825;  191.125;    0.000
958.912; 1472.825;  183.125;    0.000
959.081; 1417.825;  212.125;    0.000
959.250; 1337.825;  192.125;    0.000
959.419; 1433.825;  238.125;    0.000
959.588; 1436.825;  205.125;    0.000
959.757; 1371.825;  213.125;    0.000
959.926; 1447.825;  217.125;    0.000
960.094; 1349.825;  215.125;    0.000
960.263; 1395.825;  220.125;    0.000
960.432; 1449.825;  164.125;    0.000
960.601; 1462.825;  228.125;    0.000
960.770; 1406.825;  176.125;    0.000
960.939; 1461.825;  201.125;    0.000
961.107; 1336.825;  183.125;    0.000
961.276; 1361.825;  199.125;    0.000
961.445; 1396.825;  205.125;    0.000
961.613; 1402.825;  183.125;    0.000
961.782; 1471.825;  216.125;    0.000
961.951; 1459.825;  169.125;    0.000
962.119; 1429.825;  211.125;    0.000
962.288; 1403.825;  204.125;    0.000
962.456; 1398.825;  187.125;    0.000
962.625; 1464.825;  223.125;    0.000
962.793; 1384.825;  200.125;    0.000
962.962; 1451.825;  185.125;    0.000
963.130; 1452.825;  195.125;    0.000
963.298; 1376.825;  187.125;    0.000
963.467; 1463.825;  247.125;    0.000
963.635; 1471.825;  165.125;    0.000
963.803; 1448.825;  192.125;    0.000
963.972; 1421.825;  191.125;    0.000
964.140; 1383.825;  163.125;    0.000
964.308; 1374.825;  161.125;    0.000
964.477; 1404.825;  182.125;    0.000
964.645; 1393.825;  195.125;    0.000
964.813; 1427.825;  165.125;    0.000
964.981; 1446.825;  193.125;    0.000
965.149; 1400.825;  174.125;    0.000
965.317; 1415.825;  194.125;    0.000
965.485; 1415.825;  209.125;    0.000
965.653; 1410.825;  210.125;    0.000
965.821; 1418.825;  194.125;    0.000
965.989; 1441.825;  182.125;    0.000
966.157; 1404.825;  180.125;    0.000
966.325; 1456.825;  198.125;    0.000
966.493; 1398.825;  182.125;    0.000
966.661; 1416.825;  200.125;    0.000
966.829; 1385.825;  190.125;    0.000
966.996; 1413.825;  221.125;    0.000
967.164; 1445.825;  176.125;    0.000
967.332; 1458.825;  228.125;    0.000
967.500; 1393.825;  177.125;    0.000
967.667; 1423.825;  202.125;    0.000
967.835; 1417.825;  220.125;    0.000
968.003; 1415.825;  183.125;    0.000
968.170; 1392.825;  163.125;    0.000
968.338; 1391.825;  162.125;    0.000
968.505; 1424.825;  198.125;    0.000
968.673; 1447.825;  213.125;    0.000
968.841; 1376.825;  131.125;    0.000
969.008; 1461.825;  225.125;    0.000
969.175; 1416.825;  202.125;    0.000
969.343; 1415.825;  222.125;    0.000
969.510; 1448.825;  230.125;    0.000
969.678; 1403.825;  161.125;    0.000
969.845; 1427.825;  208.125;    0.000
970.012; 1459.825;  186.125;    0.000
970.180; 1486.825;  226.125;    0.000
970.347; 1469.825;  222.125;    0.000
970.514; 1516.825;  206.125;    0.000
970.681; 1454.825;  173.125;    0.000
970.849; 1488.825;  190.125;    0.000
971.016; 1554.825;  220.125;    0.000
971.183; 1501.825;  202.125;    0.000
971.350; 1543.825;  196.125;    0.000
971.517; 1438.825;  218.125;    0.000
971.684; 1511.825;  228.125;    0.000
971.851; 1538.825;  235.125;    0.000
972.018; 1539.825;  200.125;    0.000
972.185; 1406.825;  183.125;    0.000
972.352; 1474.825;  216.125;    0.000
972.519; 1474.825;  227.125;    0.000
972.686; 1528.825;  209.125;    0.000
972.853; 1578.825;  157.125;    0.000
973.020; 1482.825;  179.125;    0.000
973.186; 1480.825;  173.125;    0.000
973.353; 1478.825;  189.125;    0.000
973.520; 1489.825;  228.125;    0.000
973.687; 1446.825;  190.125;    0.000
973.853; 1548.825;  197.125;    0.000
974.020; 1519.825;  208.125;    0.000
974.187; 1458.825;  158.125;    0.000
974.353; 1481.825;  201.125;    0.000
974.520; 1408.825;  158.125;    0.000
974.687; 1547.825;  192.125;    0.000
974.853; 1542.825;  177.125;    0.000
975.020; 1486.825;  212.125;    0.000
975.186; 1445.825;  200.125;    0.000
975.353; 1523.825;  208.125;    0.000
975.519; 1440.825;  169.125;    0.000
975.685; 1444.825;  176.125;    0.000
975.852; 1460.825;  201.125;    0.000
976.018; 1421.825;  209.125;    0.000
976.184; 1488.825;  197.125;    0.000
976.351; 1515.825;  196.125;    0.000
976.517; 1441.825;  243.125;    0.000
976.683; 1469.825;  210.125;    0.000
976.849; 1521.825;  226.125;    0.000
977.016; 1477.825;  218.125;    0.000
977.182; 1470.825;  213.125;    0.000
977.348; 1431.825;  205.125;    0.000
977.514; 1379.825;  210.125;    0.000
977.680; 1451.825;  226.125;    0.000
977.846; 1381.825;  206.125;    0.000
978.012; 1408.825;  222.125;    0.000
978.178; 1422.825;  216.125;    0.000
978.344; 1432.825;  172.125;    0.000
978.510; 1458.825;  210.125;    0.000
978.676; 1439.825;  184.125;    0.000
978.842; 1471.825;  190.125;    0.000
979.008; 1424.825;  203.125;    0.000
979.174; 1379.825;  211.125;    0.000
979.340; 1404.825;  190.125;    0.000
979.505; 1494.825;  235.125;    0.000
979.671; 1448.825;  182.125;    0.000
979.837; 1485.825;  235.125;    0.000
980.003; 1410.825;  183.125;    0.000
980.168; 1481.825;  220.125;    0.000
980.334; 1444.825;  161.125;    0.000
980.499; 1475.825;  212.125;    0.000
980.665; 1461.825;  219.125;    0.000
980.831; 1470.825;  201.125;    0.000
980.996; 1483.825;  189.125;    0.000
981.162; 1491.825;  222.125;    0.000
981.327; 1424.825;  173.125;    0.000
981.493; 1395.825;  197.125;    0.000
981.658; 1398.825;  178.125;    0.000
981.823; 1436.825;  196.125;    0.000
981.989; 1544.825;  248.125;    0.000
982.154; 1455.825;  222.125;    0.000
982.319; 1508.825;  226.125;    0.000
982.485; 1506.825;  188.125;    0.000
982.650; 1455.825;  203.125;    0.000
982.815; 1509.825;  237.125;    0.000
982.980; 1498.825;  210.125;    0.000
983.146; 1503.825;  202.125;    0.000
983.311; 1522.825;  195.125;    0.000
983.476; 1508.825;  207.125;    0.000
983.641; 1433.825;  198.125;    0.000
983.806; 1424.825;  136.125;    0.000
983.971; 1492.825;  248.125;    0.000
984.136; 1456.825;  213.125;    0.000
984.301; 1389.825;  181.125;    0.000
984.466; 1427.825;  210.125;    0.000
984.631; 1493.825;  219.125;    0.000
984.796; 1475.825;  207.125;    0.000
984.961; 1459.825;  214.125;    0.000
985.126; 1497.825;  218.125;    0.000
985.291; 1476.825;  214.125;    0.000
985.455; 1457.825;  187.125;    0.000
985.620; 1454.825;  191.125;    0.000
985.785; 1452.825;  190.125;    0.000
985.950; 1441.825;  184.125;    0.000
986.114; 1439.825;  242.125;    0.000
986.279; 1469.825;  251.125;    0.000
986.444; 1404.825;  177.125;    0.000
986.608; 1481.825;  216.125;    0.000
986.773; 1449.825;  211.125;    0.000
986.937; 1506.825;  244.125;    0.000
987.102; 1467.825;  187.125;    0.000
987.266; 1427.825;  178.125;    0.000
987.431; 1427.825;  205.125;    0.000
987.595; 1493.825;  221.125;    0.000
987.760; 1460.825;  205.125;    0.000
987.924; 1508.825;  195.125;    0.000
988.088; 1506.825;  184.125;    0.000
988.253; 1516.825;  188.125;    0.000
988.417; 1447.825;  196.125;    0.000
988.581; 1489.825;  218.125;    0.000
988.746; 1537.825;  203.125;    0.000
988.910; 1518.825;  195.125;    0.000
989.074; 1543.825;  187.125;    0.000
989.238; 1566.825;  243.125;    0.000
989.402; 1453.825;  242.125;    0.000
989.566; 1453.825;  205.125;    0.000
989.731; 1524.825;  195.125;    0.000
989.895; 1492.825;  211.125;    0.000
990.059; 1408.825;  175.125;    0.000
990.223; 1487.825;  176.125;    0.000
990.387; 1457.825;  234.125;    0.000
990.551; 1519.825;  231.125;    0.000
990.714; 1587.825;  209.125;    0.000
990.878; 1491.825;  187.125;    0.000
991.042; 1504.825;  183.125;    0.000
991.206; 1539.825;  216.125;    0.000
991.370; 1494.825;  257.125;    0.000
991.534; 1546.825;  188.125;    0.000
991.697; 1558.825;  203.125;    0.000
991.861; 1561.825;  219.125;    0.000
992.025; 1562.825;  221.125;    0.000
992.188; 1514.825;  188.125;    0.000
992.352; 1520.825;  205.125;    0.000
992.516; 1592.825;  189.125;    0.000
992.679; 1547.825;  207.125;    0.000
992.843; 1466.825;  210.125;    0.000
993.006; 1510.825;  191.125;    0.000
993.170; 1559.825;  228.125;    0.000
993.333; 1471.825;  142.125;    0.000
993.497; 1468.825;  175.125;    0.000
993.660; 1620.825;  220.125;    0.000
993.824; 1546.825;  193.125;    0.000
993.987; 1568.825;  219.125;    0.000
994.150; 1570.825;  166.125;    0.000
994.314; 1521.825;  207.125;    0.000
994.477; 1599.825;  227.125;    0.000
994.640; 1534.825;  210.125;    0.000
994.803; 1533.825;  219.125;    0.000
994.967; 1548.825;  192.125;    0.000
995.130; 1547.825;  197.125;    0.000
995.293; 1524.825;  189.125;    0.000
995.456; 1494.825;  180.125;    0.000
995.619; 1489.825;  239.125;    0.000
995.782; 1545.825;  209.125;    0.000
995.945; 1544.825;  216.125;    0.000
996.108; 1531.825;  198.125;    0.000
996.271; 1560.825;  205.125;    0.000
996.434; 1487.825;  205.125;    0.000
996.597; 1531.825;  208.125;    0.000
996.760; 1493.825;  205.125;    0.000
996.923; 1496.825;  174.125;    0.000
997.086; 1503.825;  198.125;    0.000
997.248; 1546.825;  214.125;    0.000
997.411; 1540.825;  237.125;    0.000
997.574; 1561.825;  182.125;    0.000
997.737; 1535.825;  188.125;    0.000
997.899; 1494.825;  216.125;    0.000
998.062; 1566.825;  210.125;    0.000
998.225; 1617.825;  202.125;    0.000
998.387; 1521.825;  202.125;    0.000
998.550; 1490.825;  193.125;    0.000
998.712; 1604.825;  225.125;    0.000
998.875; 1556.825;  228.125;    0.000
999.037; 1503.825;  186.125;    0.000
999.200; 1511.825;  212.125;    0.000
999.362; 1516.825;  234.125;    0.000
999.525; 1571.825;  170.125;    0.000
999.687; 1523.825;  191.125;    0.000
999.849; 1544.825;  218.125;    0.000
1000.012; 1546.825;  187.125;    0.000
1000.174; 1533.825;  216.125;    0.000
1000.336; 1596.825;  194.125;    0.000
1000.499; 1574.825;  209.125;    0.000
1000.661; 1565.825;  208.125;    0.000
1000.823; 1598.825;  197.125;    0.000
1000.985; 1541.825;  201.125;    0.000
1001.147; 1655.825;  234.125;    0.000
1001.309; 1660.825;  180.125;    0.000
1001.471; 1595.825;  223.125;    0.000
1001.633; 1650.825;  198.125;    0.000
1001.796; 1607.825;  200.125;    0.000
1001.958; 1682.825;  204.125;    0.000
1002.119; 1693.825;  193.125;    0.000
1002.281; 1812.825;  205.125;    0.000
1002.443; 1940.825;  236.125;    0.000
1002.605; 1860.825;  197.125;    0.000
1002.767; 2002.825;  223.125;    0.000
1002.929; 2105.825;  220.125;    0.000
1003.091; 2197.825;  214.125;    0.000
1003.252; 2325.825;  233.125;    0.000
1003.414; 2493.825;  230.125;    0.000
1003.576; 2624.825;  203.125;    0.000
1003.738; 2707.825;  201.125;    0.000
1003.899; 2929.825;  222.125;    0.000
1004.061; 2985.825;  208.125;    0.000
1004.222; 3225.825;  194.125;    0.000
1004.384; 3375.825;  205.125;    0.000
1004.546; 3362.825;  162.125;    0.000
1004.707; 3491.825;  232.125;    0.000
1004.869; 3551.825;  223.125;    0.000
1005.030; 3519.825;  204.125;    0.000
1005.191; 3284.825;  214.125;    0.000
1005.353; 3226.825;  226.125;    0.000
1005.514; 3116.825;  201.125;    0.000
1005.675; 2990.825;  205.125;    0.000
1005.837; 2838.825;  235.125;    0.000
1005.998; 2671.825;  210.125;    0.000
1006.159; 2724.825;  214.125;    0.000
1006.321; 2731.825;  236.125;    0.000
1006.482; 2860.825;  214.125;    0.000
1006.643; 2996.825;  213.125;    0.000
1006.804; 2942.825;  204.125;    0.000
1006.965; 3201.825;  212.125;    0.000
1007.126; 3372.825;  251.125;    0.000
1007.287; 3259.825;  238.125;    0.000
1007.448; 3213.825;  198.125;    0.000
1007.609; 3024.825;  241.125;    0.000
1007.770; 3079.825;  213.125;    0.000
1007.931; 2927.825;  225.125;    0.000
1008.092; 2986.825;  204.125;    0.000
1008.253; 3219.825;  220.125;    0.000
1008.414; 3201.825;  180.125;    0.000
1008.575; 3244.825;  224.125;    0.000
1008.736; 3174.825;  164.125;    0.000
1008.896; 3140.825;  247.125;    0.000
1009.057; 3254.825;  263.125;    0.000
1009.218; 3155.825;  233.125;    0.000
1009.379; 3153.825;  207.125;    0.000
1009.539; 3250.825;  221.125;    0.000
1009.700; 3239.825;  209.125;    0.000
1009.860; 3292.825;  217.125;    0.000
1010.021; 3182.825;  182.125;    0.000
1010.182; 3113.825;  233.125;    0.000
1010.342; 3104.825;  210.125;    0.000
1010.503; 3168.825;  232.125;    0.000
1010.663; 3301.825;  228.125;    0.000
1010.823; 3284.825;  212.125;    0.000
1010.984; 3285.825;  244.125;    0.000
1011.144; 3317.825;  200.125;    0.000
1011.305; 3289.825;  237.125;    0.000
1011.465; 3431.825;  225.125;    0.000
1011.625; 3423.825;  215.125;    0.000
1011.785; 3705.825;  235.125;    0.000
1011.946; 3479.825;  231.125;    0.000
1012.106; 3519.825;  206.125;    0.000
1012.266; 3608.825;  218.125;    0.000
1012.426; 3436.825;  249.125;    0.000
1012.586; 3539.825;  217.125;    0.000
1012.746; 3660.825;  231.125;    0.000
1012.906; 3448.825;  230.125;    0.000
1013.066; 3633.825;  260.125;    0.000
1013.226; 3577.825;  206.125;    0.000
1013.386; 3692.825;  220.125;    0.000
1013.546; 3653.825;  233.125;    0.000
1013.706; 3563.825;  194.125;    0.000
1013.866; 3565.825;  209.125;    0.000
1014.026; 3643.825;  204.125;    0.000
1014.186; 3669.825;  203.125;    0.000
1014.346; 3669.825;  244.125;    0.000
1014.505; 3772.825;  206.125;    0.000
1014.665; 3841.825;  210.125;    0.000
1014.825; 3868.825;  235.125;    0.000
1014.985; 3883.825;  227.125;    0.000
1015.144; 3995.825;  237.125;    0.000
1015.304; 4401.825;  196.125;    0.000
1015.464; 4357.825;  228.125;    0.000
1015.623; 4125.825;  235.125;    0.000
1015.783; 4628.825;  187.125;    0.000
1015.942; 5210.825;  184.125;    0.000
1016.102; 5117.825;  245.125;    0.000
1016.261; 4861.825;  203.125;    0.000
1016.420; 5421.825;  209.125;    0.000
1016.580; 6103.825;  235.125;    0.000
1016.739; 5872.825;  175.125;    0.000
1016.899; 5701.825;  220.125;    0.000
1017.058; 5921.825;  219.125;    0.000
1017.217; 6483.825;  238.125;    0.000
1017.376; 6132.825;  235.125;    0.000
1017.536; 5511.825;  195.125;    0.000
1017.695; 5495.825;  215.125;    0.000
1017.854; 5649.825;  231.125;    0.000
1018.013; 5470.825;  184.125;    0.000
1018.172; 5229.825;  179.125;    0.000
1018.331; 5116.825;  205.125;    0.000
1018.490; 5302.825;  203.125;    0.000
1018.649; 5639.825;  261.125;    0.000
1018.808; 6020.825;  253.125;    0.000
1018.967; 6055.825;  201.125;    0.000
1019.126; 6071.825;  216.125;    0.000
1019.285; 5960.825;  169.125;    0.000
1019.444; 6034.825;  226.125;    0.000
1019.603; 5873.825;  252.125;    0.000
1019.762; 5708.825;  206.125;    0.000
1019.921; 5690.825;  235.125;    0.000
1020.079; 5815.825;  192.125;    0.000
1020.238; 6424.825;  226.125;    0.000
1020.397; 6349.825;  231.125;    0.000
1020.555; 5699.825;  218.125;    0.000
1020.714; 5790.825;  235.125;    0.000
1020.873; 6340.825;  229.125;    0.000
1021.031; 6535.825;  234.125;    0.000
1021.190; 6225.825;  223.125;    0.000
1021.348; 5892.825;  186.125;    0.000
1021.507; 6336.825;  201.125;    0.000
1021.665; 7015.825;  222.125;    0.000
1021.824; 6712.825;  208.125;    0.000
1021.982; 6089.825;  209.125;    0.000
1022.141; 6179.825;  224.125;    0.000
1022.299; 6677.825;  214.125;    0.000
1022.457; 7284.825;  176.125;    0.000
1022.616; 6601.825;  211.125;    0.000
1022.774; 6273.825;  218.125;    0.000
1022.932; 6400.825;  205.125;    0.000
1023.090; 7099.825;  246.125;    0.000
1023.249; 7217.825;  249.125;    0.000
1023.407; 6585.825;  235.125;    0.000
1023.565; 6111.825;  202.125;    0.000
1023.723; 6657.825;  210.125;    0.000
1023.881; 7478.825;  206.125;    0.000
1024.039; 7305.825;  240.125;    0.000
1024.197; 6619.825;  275.125;    0.000
1024.355; 6456.825;  228.125;    0.000
1024.513; 6789.825;  234.125;    0.000
1024.671; 7486.825;  222.125;    0.000
1024.829; 7313.825;  241.125;    0.000
1024.987; 6958.825;  209.125;    0.000
1025.145; 6419.825;  227.125;    0.000
1025.302; 6833.825;  208.125;    0.000
1025.460; 7492.825;  210.125;    0.000
1025.618; 7993.825;  192.125;    0.000
1025.776; 7096.825;  220.125;    0.000
1025.933; 6596.825;  223.125;    0.000
1026.091; 6959.825;  189.125;    0.000
1026.249; 7761.825;  210.125;    0.000
1026.406; 8209.825;  231.125;    0.000
1026.564; 7387.825;  247.125;    0.000
1026.721; 6809.825;  213.125;    0.000
1026.879; 6972.825;  208.125;    0.000
1027.036; 7761.825;  222.125;    0.000
1027.194; 8321.825;  253.125;    0.000
1027.351; 8090.825;  239.125;    0.000
1027.509; 7363.825;  232.125;    0.000
1027.666; 6947.825;  251.125;    0.000
1027.823; 7695.825;  212.125;    0.000
1027.981; 8245.825;  260.125;    0.000
1028.138; 8636.825;  263.125;    0.000
1028.295; 7820.825;  251.125;    0.000
1028.452; 7098.825;  249.125;    0.000
1028.609; 7176.825;  259.125;    0.000
1028.767; 8053.825;  255.125;    0.000
1028.924; 8667.825;  201.125;    0.000
1029.081; 8403.825;  217.125;    0.000
1029.238; 8100.825;  230.125;    0.000
1029.395; 7317.825;  263.125;    0.000
1029.552; 7599.825;  207.125;    0.000
1029.709; 8636.825;  220.125;    0.000
1029.866; 8992.825;  214.125;    0.000
1030.023; 8709.825;  224.125;    0.000
1030.180; 7609.825;  209.125;    0.000
1030.337; 7544.825;  269.125;    0.000
1030.494; 7951.825;  207.125;    0.000
1030.650; 8609.825;  230.125;    0.000
1030.807; 9271.825;  217.125;    0.000
1030.964; 8547.825;  212.125;    0.000
1031.121; 8131.825;  220.125;    0.000
1031.277; 7672.825;  233.125;    0.000
1031.434; 8079.825;  266.125;    0.000
1031.591; 8898.825;  270.125;    0.000
1031.747; 9238.825;  229.125;    0.000
1031.904; 9046.825;  227.125;    0.000
1032.060; 8665.825;  210.125;    0.000
1032.217; 8024.825;  218.125;    0.000
1032.373; 8912.825;  190.125;    0.000
1032.530; 8886.825;  236.125;    0.000
1032.686;10340.825;  199.125;    0.000
1032.843;10383.825;  216.125;    0.000
1032.999; 9789.825;  204.125;    0.000
1033.155;10077.825;  208.125;    0.000
1033.312; 9528.825;  231.125;    0.000
1033.468;11611.825;  213.125;    0.000
1033.624;12260.825;  235.125;    0.000
1033.780;13145.825;  233.125;    0.000
1033.937;13191.825;  201.125;    0.000
1034.093;12073.825;  233.125;    0.000
1034.249;12606.825;  214.125;    0.000
1034.405;11917.825;  245.125;    0.000
1034.561;12843.825;  228.125;    0.000
1034.717;13350.825;  234.125;    0.000
1034.873;13149.825;  248.125;    0.000
1035.029;13952.825;  220.125;    0.000
1035.185;12779.825;  294.125;    0.000
1035.341;12300.825;  231.125;    0.000
1035.497;13910.825;  254.125;    0.000
1035.653;14011.825;  225.125;    0.000
1035.809;15371.825;  243.125;    0.000
1035.964;17030.824;  216.125;    0.000
1036.120;15281.825;  199.125;    0.000
1036.276;15882.825;  220.125;    0.000
1036.432;15502.825;  210.125;    0.000
1036.587;14392.825;  225.125;    0.000
1036.743;15618.825;  245.125;    0.000
1036.899;17071.824;  219.125;    0.000
1037.054;16232.825;  157.125;    0.000
1037.210;18716.824;  208.125;    0.000
1037.365;18261.824;  230.125;    0.000
1037.521;16824.824;  236.125;    0.000
1037.676;17414.824;  193.125;    0.000
1037.832;16075.825;  246.125;    0.000
1037.987;15963.825;  231.125;    0.000
1038.143;16201.825;  234.125;    0.000
1038.298;17673.824;  219.125;    0.000
1038.453;17954.824;  230.125;    0.000
1038.609;19388.824;  254.125;    0.000
1038.764;20424.824;  249.125;    0.000
1038.919;18851.824;  224.125;    0.000
1039.074;19657.824;  209.125;    0.000
1039.229;18062.824;  214.125;    0.000
1039.385;18321.824;  268.125;    0.000
1039.540;18367.824;  268.125;    0.000
1039.695;19856.824;  229.125;    0.000
1039.850;21185.824;  252.125;    0.000
1040.005;22172.824;  248.125;    0.000
1040.160;24665.824;  215.125;    0.000
1040.315;23200.824;  239.125;    0.000
1040.470;22493.824;  210.125;    0.000
1040.625;20831.824;  239.125;    0.000
1040.780;20755.824;  251.125;    0.000
1040.935;20477.824;  247.125;    0.000
1041.089;21179.824;  215.125;    0.000
1041.244;23835.824;  210.125;    0.000
1041.399;24046.824;  237.125;    0.000
1041.554;27010.824;  253.125;    0.000
1041.708;30003.824;  227.125;    0.000
1041.863;28604.824;  219.125;    0.000
1042.018;27744.824;  246.125;    0.000
1042.172;27468.824;  236.125;    0.000
1042.327;25584.824;  272.125;    0.000
1042.481;24652.824;  197.125;    0.000
1042.636;26891.824;  213.125;    0.000
1042.791;25979.824;  250.125;    0.000
1042.945;30035.824;  267.125;    0.000
1043.099;32003.824;  257.125;    0.000
1043.254;31985.824;  206.125;    0.000
1043.408;35542.824;  266.125;    0.000
1043.563;36588.824;  232.125;    0.000
1043.717;35036.824;  241.125;    0.000
1043.871;33788.824;  248.125;    0.000
1044.025;33231.824;  234.125;    0.000
1044.180;31390.824;  222.125;    0.000
1044.334;31701.824;  235.125;    0.000
1044.488;32997.824;  270.125;    0.000
1044.642;33177.824;  215.125;    0.000
1044.796;37610.824;  212.125;    0.000
1044.950;40032.824;  228.125;    0.000
1045.104;43925.824;  223.125;    0.000
1045.258;46195.824;  236.125;    0.000
1045.412;44683.824;  225.125;    0.000
1045.566;45042.824;  245.125;    0.000
1045.720;41917.824;  201.125;    0.000
1045.874;40429.824;  229.125;    0.000
1046.028;37678.824;  243.125;    0.000
1046.182;36750.824;  212.125;    0.000
1046.336;38574.824;  256.125;    0.000
1046.489;39505.824;  234.125;    0.000
1046.643;40223.824;  246.125;    0.000
1046.797;46748.824;  219.125;    0.000
1046.951;45574.824;  231.125;    0.000
1047.104;46564.824;  285.125;    0.000
1047.258;51275.824;  256.125;    0.000
1047.411;52666.824;  232.125;    0.000
1047.565;52187.824;  269.125;    0.000
1047.719;49584.824;  213.125;    0.000
1047.872;46483.824;  210.125;    0.000
1048.026;44358.824;  251.125;    0.000
1048.179;45274.824;  213.125;    0.000
1048.332;44632.824;  212.125;    0.000
1048.486;43049.824;  218.125;    0.000
1048.639;45948.824;  218.125;    0.000
1048.792;46502.824;  247.125;    0.000
1048.946;50566.824;  208.125;    0.000
1049.099;53795.824;  247.125;    0.000
1049.252;54051.824;  274.125;    0.000
1049.406;50257.824;  232.125;    0.000
1049.559;54062.824;  251.125;    0.000
1049.712;61054.824;  243.125;    0.000
1049.865;64534.824;  219.125;    0.000
1050.018;61236.824;  216.125;    0.000
1050.171;54179.824;  237.125;    0.000
1050.324;50566.824;  291.125;    0.000
1050.477;54242.824;  241.125;    0.000
1050.630;60094.824;  245.125;    0.000
1050.783;61361.824;  213.125;    0.000
1050.936;58150.824;  246.125;    0.000
1051.089;57110.824;  255.125;    0.000
1051.242;57328.824;  228.125;    0.000
1051.394;63756.824;  276.125;    0.000
1051.547;65049.824;  246.125;    0.000
1051.700;63426.824;  252.125;    0.000
1051.853;59126.824;  267.125;    0.000
1052.005;62783.824;  261.125;    0.000
1052.158;65049.824;  313.125;    0.000
1052.311;65049.824;  264.125;    0.000
1052.463;65049.824;  271.125;    0.000
1052.616;65049.824;  291.125;    0.000
1052.768;60610.824;  298.125;    0.000
1052.921;57472.824;  262.125;    0.000
1053.073;62480.824;  307.125;    0.000
1053.226;65049.824;  301.125;    0.000
1053.378;65049.824;  309.125;    0.000
1053.531;65049.824;  280.125;    0.000
1053.683;65049.824;  258.125;    0.000
1053.835;65049.824;  267.125;    0.000
1053.988;53260.824;  294.125;    0.000
1054.140; 9570.825;  292.125;    0.000
1054.292; 2217.825;  249.125;    0.000
1054.444; 1761.825;  288.125;    0.000
1054.596; 1608.825;  275.125;    0.000
1054.749; 1403.825;  284.125;    0.000
1054.901; 1368.825;  291.125;    0.000
1055.053; 1259.825;  274.125;    0.000
1055.205; 1227.825;  313.125;    0.000
1055.357; 1189.825;  309.125;    0.000
1055.509; 1052.825;  283.125;    0.000
1055.661; 1077.825;  341.125;    0.000
1055.813; 1012.825;  288.125;    0.000
1055.965; 1002.825;  300.125;    0.000
1056.116;  929.825;  296.125;    0.000
1056.268;  943.825;  319.125;    0.000
1056.420; 1041.825;  298.125;    0.000

