
Integration time [ms]:   1.000
Averaging Nr. [scans]: 1
Smoothing Nr. [pixels]: 0
Data measured with spectrometer [name]: NIR
Wave   ;Sample   ;Dark     ;Reference
[nm]   ;[counts] ;[counts] ;[counts] 

691.496;  -18.600;  163.125;    0.000
691.696;   38.400;  208.125;    0.000
691.896;  -43.600;  111.125;    0.000
692.096;   -7.600;  178.125;    0.000
692.296;  -58.600;   93.125;    0.000
692.496;   38.400;  161.125;    0.000
692.695;  -55.600;  135.125;    0.000
692.895;   -4.600;  179.125;    0.000
693.095;  -46.600;  158.125;    0.000
693.295;   36.400;  168.125;    0.000
693.495;    4.400;  170.125;    0.000
693.695;  -46.600;  155.125;    0.000
693.894;    5.400;  151.125;    0.000
694.094;    2.400;  164.125;    0.000
694.294;  -36.600;  129.125;    0.000
694.494;  245.400;  170.125;    0.000
694.693; 2774.400;  137.125;    0.000
694.893; 3108.400;  163.125;    0.000
695.093; 3094.400;  121.125;    0.000
695.293; 2993.400;  144.125;    0.000
695.492; 3136.400;   88.125;    0.000
695.692; 3160.400;  148.125;    0.000
695.891; 3105.400;  125.125;    0.000
696.091; 3198.400;  184.125;    0.000
696.291; 3218.400;  153.125;    0.000
696.490; 3227.400;  131.125;    0.000
696.690; 3245.400;  123.125;    0.000
696.889; 3176.400;  180.125;    0.000
697.089; 3274.400;  147.125;    0.000
697.288; 3288.400;  164.125;    0.000
697.488; 3241.400;  133.125;    0.000
697.687; 3226.400;  153.125;    0.000
697.887; 3281.400;  119.125;    0.000
698.086; 3174.400;  143.125;    0.000
698.286; 3227.400;  125.125;    0.000
698.485; 3176.400;  120.125;    0.000
698.684; 3276.400;  116.125;    0.000
698.884; 3262.400;  131.125;    0.000
699.083; 3190.400;  115.125;    0.000
699.282; 3273.400;  144.125;    0.000
699.482; 3293.400;  109.125;    0.000
699.681; 3205.400;  115.125;    0.000
699.880; 3298.400;  125.125;    0.000
700.080; 3312.400;  139.125;    0.000
700.279; 3318.400;  111.125;    0.000
700.478; 3268.400;  146.125;    0.000
700.677; 3288.400;  131.125;    0.000
700.877; 3348.400;  156.125;    0.000
701.076; 3317.400;  153.125;    0.000
701.275; 3372.400;  123.125;    0.000
701.474; 3323.400;  150.125;    0.000
701.673; 3247.400;   97.125;    0.000
701.872; 3395.400;  139.125;    0.000
702.071; 3294.400;  108.125;    0.000
702.271; 3287.400;  125.125;    0.000
702.470; 3313.400;  108.125;    0.000
702.669; 3299.400;  102.125;    0.000
702.868; 3331.400;  153.125;    0.000
703.067; 3376.400;  145.125;    0.000
703.266; 3279.400;   96.125;    0.000
703.465; 3360.400;  165.125;    0.000
703.664; 3395.400;  106.125;    0.000
703.863; 3357.400;  144.125;    0.000
704.062; 3369.400;   86.125;    0.000
704.260; 3373.400;   99.125;    0.000
704.459; 3451.400;  112.125;    0.000
704.658; 3393.400;  106.125;    0.000
704.857; 3384.400;  129.125;    0.000
705.056; 3326.400;   98.125;    0.000
705.255; 3488.400;   97.125;    0.000
705.454; 3527.400;  101.125;    0.000
705.652; 3442.400;  142.125;    0.000
705.851; 3433.400;  100.125;    0.000
706.050; 3460.400;  162.125;    0.000
706.249; 3365.400;  146.125;    0.000
706.447; 3411.400;  120.125;    0.000
706.646; 3434.400;  114.125;    0.000
706.845; 3396.400;  117.125;    0.000
707.043; 3567.400;  136.125;    0.000
707.242; 3406.400;   90.125;    0.000
707.441; 3431.400;  131.125;    0.000
707.639; 3382.400;  120.125;    0.000
707.838; 3445.400;  122.125;    0.000
708.037; 3417.400;  109.125;    0.000
708.235; 3448.400;  122.125;    0.000
708.434; 3487.400;  109.125;    0.000
708.632; 3492.400;   47.125;    0.000
708.831; 3532.400;  122.125;    0.000
709.029; 3626.400;  130.125;    0.000
709.228; 3563.400;  112.125;    0.000
709.426; 3527.400;  128.125;    0.000
709.625; 3595.400;  129.125;    0.000
709.823; 3469.400;  130.125;    0.000
710.022; 3542.400;   90.125;    0.000
710.220; 3563.400;  131.125;    0.000
710.418; 3513.400;  133.125;    0.000
710.617; 3521.400;   82.125;    0.000
710.815; 3544.400;   90.125;    0.000
711.013; 3592.400;   86.125;    0.000
711.212; 3571.400;  117.125;    0.000
711.410; 3730.400;  106.125;    0.000
711.608; 3666.400;  138.125;    0.000
711.807; 3517.400;  116.125;    0.000
712.005; 3547.400;   82.125;    0.000
712.203; 3613.400;   90.125;    0.000
712.401; 3580.400;  124.125;    0.000
712.599; 3668.400;   64.125;    0.000
712.798; 3568.400;  113.125;    0.000
712.996; 3543.400;  100.125;    0.000
713.194; 3758.400;  130.125;    0.000
713.392; 3659.400;   89.125;    0.000
713.590; 3697.400;  105.125;    0.000
713.788; 3817.400;  100.125;    0.000
713.986; 3727.400;  117.125;    0.000
714.184; 3712.400;   72.125;    0.000
714.382; 3831.400;   88.125;    0.000
714.580; 3810.400;   88.125;    0.000
714.778; 3854.400;  129.125;    0.000
714.976; 3989.400;   90.125;    0.000
715.174; 3881.400;  119.125;    0.000
715.372; 4115.400;  117.125;    0.000
715.570; 4368.400;  101.125;    0.000
715.768; 4592.400;  122.125;    0.000
715.966; 4632.400;  114.125;    0.000
716.164; 4560.400;  135.125;    0.000
716.362; 4383.400;  126.125;    0.000
716.560; 4333.400;  126.125;    0.000
716.758; 4135.400;   98.125;    0.000
716.955; 4173.400;   76.125;    0.000
717.153; 4119.400;   45.125;    0.000
717.351; 4077.400;  106.125;    0.000
717.549; 4144.400;  108.125;    0.000
717.746; 4037.400;   66.125;    0.000
717.944; 4128.400;  127.125;    0.000
718.142; 4021.400;  148.125;    0.000
718.340; 4022.400;   94.125;    0.000
718.537; 3959.400;  107.125;    0.000
718.735; 4076.400;  130.125;    0.000
718.933; 4051.400;  111.125;    0.000
719.130; 4072.400;  107.125;    0.000
719.328; 4024.400;  128.125;    0.000
719.525; 4049.400;  141.125;    0.000
719.723; 4039.400;  122.125;    0.000
719.920; 4023.400;   85.125;    0.000
720.118; 4011.400;  115.125;    0.000
720.316; 4049.400;  153.125;    0.000
720.513; 3978.400;  120.125;    0.000
720.711; 3981.400;  134.125;    0.000
720.908; 4007.400;  126.125;    0.000
721.105; 3985.400;  119.125;    0.000
721.303; 4060.400;  112.125;    0.000
721.500; 3992.400;  125.125;    0.000
721.698; 4068.400;   94.125;    0.000
721.895; 3987.400;  118.125;    0.000
722.092; 4032.400;   77.125;    0.000
722.290; 4015.400;  135.125;    0.000
722.487; 3971.400;  154.125;    0.000
722.684; 4081.400;  122.125;    0.000
722.882; 4001.400;   90.125;    0.000
723.079; 4119.400;  132.125;    0.000
723.276; 4195.400;   95.125;    0.000
723.473; 4029.400;  106.125;    0.000
723.671; 4054.400;   80.125;    0.000
723.868; 4088.400;  112.125;    0.000
724.065; 3997.400;  107.125;    0.000
724.262; 4133.400;  119.125;    0.000
724.459; 4024.400;   80.125;    0.000
724.656; 4104.400;  109.125;    0.000
724.854; 4151.400;  107.125;    0.000
725.051; 4164.400;  103.125;    0.000
725.248; 4152.400;  101.125;    0.000
725.445; 4029.400;   93.125;    0.000
725.642; 4151.400;   92.125;    0.000
725.839; 4089.400;  157.125;    0.000
726.036; 4087.400;   71.125;    0.000
726.233; 4089.400;   80.125;    0.000
726.430; 4138.400;  146.125;    0.000
726.627; 4229.400;  103.125;    0.000
726.824; 4078.400;   46.125;    0.000
727.021; 4223.400;  149.125;    0.000
727.218; 4080.400;   87.125;    0.000
727.414; 4198.400;  112.125;    0.000
727.611; 4212.400;  111.125;    0.000
727.808; 4158.400;  122.125;    0.000
728.005; 4123.400;   58.125;    0.000
728.202; 4169.400;  129.125;    0.000
728.399; 4038.400;  111.125;    0.000
728.595; 4101.400;   93.125;    0.000
728.792; 4154.400;   78.125;    0.000
728.989; 4171.400;  104.125;    0.000
729.186; 4088.400;  110.125;    0.000
729.382; 4122.400;   93.125;    0.000
729.579; 4222.400;  102.125;    0.000
729.776; 4260.400;  112.125;    0.000
729.972; 4149.400;  101.125;    0.000
730.169; 4207.400;  150.125;    0.000
730.366; 4116.400;   92.125;    0.000
730.562; 4224.400;   74.125;    0.000
730.759; 4221.400;   97.125;    0.000
730.955; 4212.400;   86.125;    0.000
731.152; 4145.400;   88.125;    0.000
731.348; 4187.400;  117.125;    0.000
731.545; 4287.400;   62.125;    0.000
731.741; 4202.400;   84.125;    0.000
731.938; 4153.400;  108.125;    0.000
732.134; 4124.400;  115.125;    0.000
732.331; 4195.400;   88.125;    0.000
732.527; 4267.400;   96.125;    0.000
732.724; 4134.400;  103.125;    0.000
732.920; 4364.400;   93.125;    0.000
733.116; 4161.400;  109.125;    0.000
733.313; 4139.400;   77.125;    0.000
733.509; 4287.400;   81.125;    0.000
733.705; 4246.400;  141.125;    0.000
733.902; 4267.400;   88.125;    0.000
734.098; 4202.400;   56.125;    0.000
734.294; 4201.400;  122.125;    0.000
734.490; 4195.400;  102.125;    0.000
734.687; 4422.400;   70.125;    0.000
734.883; 4199.400;   73.125;    0.000
735.079; 4216.400;   65.125;    0.000
735.275; 4222.400;  112.125;    0.000
735.471; 4335.400;  124.125;    0.000
735.667; 4312.400;   94.125;    0.000
735.863; 4313.400;  106.125;    0.000
736.060; 4453.400;  106.125;    0.000
736.256; 4332.400;   95.125;    0.000
736.452; 4397.400;  103.125;    0.000
736.648; 4235.400;  106.125;    0.000
736.844; 4388.400;   98.125;    0.000
737.040; 4352.400;  118.125;    0.000
737.236; 4321.400;   95.125;    0.000
737.432; 4432.400;   59.125;    0.000
737.628; 4495.400;  120.125;    0.000
737.824; 4501.400;   78.125;    0.000
738.019; 4501.400;   98.125;    0.000
738.215; 4474.400;  127.125;    0.000
738.411; 4583.400;  111.125;    0.000
738.607; 4373.400;   69.125;    0.000
738.803; 4442.400;   40.125;    0.000
738.999; 4498.400;  128.125;    0.000
739.195; 4484.400;   81.125;    0.000
739.390; 4593.400;   97.125;    0.000
739.586; 4514.400;  100.125;    0.000
739.782; 4578.400;  135.125;    0.000
739.978; 4550.400;  121.125;    0.000
740.173; 4521.400;   92.125;    0.000
740.369; 4648.400;   92.125;    0.000
740.565; 4566.400;  119.125;    0.000
740.760; 4630.400;  139.125;    0.000
740.956; 4664.400;  134.125;    0.000
741.152; 4630.400;  107.125;    0.000
741.347; 4755.400;   63.125;    0.000
741.543; 4788.400;   99.125;    0.000
741.738; 4838.400;  119.125;    0.000
741.934; 4985.400;  156.125;    0.000
742.129; 5398.400;   87.125;    0.000
742.325; 6119.400;  143.125;    0.000
742.520; 6803.400;  109.125;    0.000
742.716; 6248.400;  135.125;    0.000
742.911; 5882.400;   77.125;    0.000
743.107; 5854.400;  117.125;    0.000
743.302; 5735.400;   93.125;    0.000
743.498; 5563.400;  118.125;    0.000
743.693; 5837.400;   95.125;    0.000
743.888; 5922.400;  122.125;    0.000
744.084; 6820.400;  104.125;    0.000
744.279; 8677.400;   94.125;    0.000
744.474; 8753.400;  138.125;    0.000
744.670; 7516.400;  113.125;    0.000
744.865; 7086.400;  116.125;    0.000
745.060; 6493.400;   89.125;    0.000
745.255; 6414.400;  144.125;    0.000
745.451; 6274.400;   98.125;    0.000
745.646; 6079.400;  110.125;    0.000
745.841; 6094.400;   87.125;    0.000
746.036; 6262.400;   98.125;    0.000
746.231; 6396.400;  153.125;    0.000
746.426; 6664.400;   90.125;    0.000
746.622; 7807.400;  154.125;    0.000
746.817;10260.400;  111.125;    0.000
747.012;11924.400;  110.125;    0.000
747.207;10035.400;   76.125;    0.000
747.402; 8951.400;   94.125;    0.000
747.597; 8293.400;   68.125;    0.000
747.792; 7823.400;  125.125;    0.000
747.987; 7397.400;   92.125;    0.000
748.182; 7119.400;  113.125;    0.000
748.377; 6725.400;   72.125;    0.000
748.572; 6534.400;  135.125;    0.000
748.767; 6353.400;   98.125;    0.000
748.961; 6146.400;  123.125;    0.000
749.156; 5901.400;   96.125;    0.000
749.351; 5794.400;  121.125;    0.000
749.546; 5704.400;   95.125;    0.000
749.741; 5742.400;  144.125;    0.000
749.936; 5536.400;  105.125;    0.000
750.130; 5462.400;  101.125;    0.000
750.325; 5426.400;  126.125;    0.000
750.520; 5437.400;  113.125;    0.000
750.715; 5216.400;  135.125;    0.000
750.909; 5199.400;  138.125;    0.000
751.104; 5170.400;   96.125;    0.000
751.299; 5106.400;  118.125;    0.000
751.493; 5054.400;  124.125;    0.000
751.688; 5089.400;  131.125;    0.000
751.882; 5019.400;   96.125;    0.000
752.077; 5030.400;  123.125;    0.000
752.272; 4908.400;  112.125;    0.000
752.466; 4876.400;  143.125;    0.000
752.661; 4996.400;  107.125;    0.000
752.855; 4953.400;   97.125;    0.000
753.050; 4892.400;  125.125;    0.000
753.244; 4829.400;  161.125;    0.000
753.439; 4861.400;  101.125;    0.000
753.633; 4969.400;  129.125;    0.000
753.828; 4944.400;  114.125;    0.000
754.022; 4841.400;  118.125;    0.000
754.216; 4880.400;  126.125;    0.000
754.411; 4764.400;  148.125;    0.000
754.605; 4826.400;  100.125;    0.000
754.799; 4803.400;  146.125;    0.000
754.994; 4740.400;  116.125;    0.000
755.188; 4863.400;  146.125;    0.000
755.382; 4669.400;  103.125;    0.000
755.576; 4760.400;  119.125;    0.000
755.771; 4735.400;  100.125;    0.000
755.965; 4689.400;  129.125;    0.000
756.159; 4735.400;  100.125;    0.000
756.353; 4746.400;  153.125;    0.000
756.547; 4771.400;  113.125;    0.000
756.742; 4585.400;  129.125;    0.000
756.936; 4708.400;   70.125;    0.000
757.130; 4711.400;   91.125;    0.000
757.324; 4730.400;   92.125;    0.000
757.518; 4775.400;  128.125;    0.000
757.712; 4666.400;  146.125;    0.000
757.906; 4687.400;  114.125;    0.000
758.100; 4775.400;  153.125;    0.000
758.294; 4722.400;  133.125;    0.000
758.488; 4699.400;  149.125;    0.000
758.682; 4662.400;  132.125;    0.000
758.876; 4681.400;  128.125;    0.000
759.070; 4677.400;  178.125;    0.000
759.264; 4690.400;   98.125;    0.000
759.458; 4595.400;  168.125;    0.000
759.651; 4616.400;  131.125;    0.000
759.845; 4678.400;  133.125;    0.000
760.039; 4610.400;  120.125;    0.000
760.233; 4786.400;  116.125;    0.000
760.427; 4665.400;  121.125;    0.000
760.620; 4691.400;  163.125;    0.000
760.814; 4692.400;  106.125;    0.000
761.008; 4600.400;  119.125;    0.000
761.202; 4724.400;  121.125;    0.000
761.395; 4670.400;  136.125;    0.000
761.589; 4745.400;  111.125;    0.000
761.783; 4697.400;  116.125;    0.000
761.976; 4735.400;  139.125;    0.000
762.170; 4755.400;  140.125;    0.000
762.363; 4646.400;  115.125;    0.000
762.557; 4714.400;  129.125;    0.000
762.750; 4662.400;   85.125;    0.000
762.944; 4807.400;  107.125;    0.000
763.138; 4673.400;   99.125;    0.000
763.331; 4728.400;   97.125;    0.000
763.524; 4714.400;  100.125;    0.000
763.718; 4864.400;  130.125;    0.000
763.911; 4735.400;  127.125;    0.000
764.105; 4742.400;   69.125;    0.000
764.298; 4811.400;   94.125;    0.000
764.492; 4768.400;  129.125;    0.000
764.685; 4785.400;  114.125;    0.000
764.878; 4863.400;  145.125;    0.000
765.072; 4884.400;  124.125;    0.000
765.265; 4747.400;  124.125;    0.000
765.458; 4729.400;  108.125;    0.000
765.651; 4804.400;  132.125;    0.000
765.845; 4891.400;  106.125;    0.000
766.038; 4891.400;  155.125;    0.000
766.231; 5835.400;  153.125;    0.000
766.424; 8732.400;  165.125;    0.000
766.617; 9217.400;   85.125;    0.000
766.811; 5547.400;  140.125;    0.000
767.004; 5023.400;  151.125;    0.000
767.197; 5043.400;  178.125;    0.000
767.390; 4945.400;  112.125;    0.000
767.583; 4864.400;  134.125;    0.000
767.776; 4971.400;  101.125;    0.000
767.969; 4887.400;   99.125;    0.000
768.162; 4945.400;  152.125;    0.000
768.355; 4870.400;  115.125;    0.000
768.548; 4889.400;  154.125;    0.000
768.741; 5001.400;  124.125;    0.000
768.934; 5097.400;  129.125;    0.000
769.127; 4946.400;  137.125;    0.000
769.320; 4930.400;  115.125;    0.000
769.513; 5224.400;  144.125;    0.000
769.706; 6104.400;  107.125;    0.000
769.898; 8706.400;  134.125;    0.000
770.091; 6834.400;  128.125;    0.000
770.284; 5356.400;   97.125;    0.000
770.477; 5237.400;  135.125;    0.000
770.670; 5345.400;  137.125;    0.000
770.862; 5264.400;  112.125;    0.000
771.055; 5130.400;  127.125;    0.000
771.248; 5201.400;  116.125;    0.000
771.441; 5244.400;  101.125;    0.000
771.633; 5396.400;  130.125;    0.000
771.826; 5349.400;  147.125;    0.000
772.018; 5262.400;  117.125;    0.000
772.211; 5488.400;  141.125;    0.000
772.404; 5447.400;  104.125;    0.000
772.596; 5495.400;  128.125;    0.000
772.789; 5508.400;  131.125;    0.000
772.981; 5662.400;  134.125;    0.000
773.174; 5605.400;  108.125;    0.000
773.366; 5701.400;  153.125;    0.000
773.559; 5785.400;  137.125;    0.000
773.751; 5791.400;  119.125;    0.000
773.944; 5984.400;  148.125;    0.000
774.136; 6074.400;  155.125;    0.000
774.329; 6096.400;  126.125;    0.000
774.521; 6326.400;  116.125;    0.000
774.713; 6501.400;  119.125;    0.000
774.906; 6717.400;  179.125;    0.000
775.098; 6826.400;  127.125;    0.000
775.290; 7189.400;  146.125;    0.000
775.483; 7526.400;  123.125;    0.000
775.675; 7794.400;  119.125;    0.000
775.867; 8564.400;  119.125;    0.000
776.059; 9114.400;  137.125;    0.000
776.251;10224.400;  154.125;    0.000
776.444;11510.400;  101.125;    0.000
776.636;13524.400;  153.125;    0.000
776.828;17143.400;  127.125;    0.000
777.020;25010.400;  140.125;    0.000
777.212;39979.398;  160.125;    0.000
777.404;44832.398;  170.125;    0.000
777.596;41067.398;  136.125;    0.000
777.788;28785.400;  137.125;    0.000
777.980;21284.400;  129.125;    0.000
778.172;17087.400;  139.125;    0.000
778.364;14313.400;  124.125;    0.000
778.556;12649.400;  163.125;    0.000
778.748;11244.400;  142.125;    0.000
778.940;10265.400;  178.125;    0.000
779.132; 9411.400;  159.125;    0.000
779.324; 8746.400;  109.125;    0.000
779.516; 8326.400;  143.125;    0.000
779.708; 7785.400;  158.125;    0.000
779.900; 7526.400;  142.125;    0.000
780.091; 7259.400;  131.125;    0.000
780.283; 6894.400;  176.125;    0.000
780.475; 6656.400;  151.125;    0.000
780.667; 6468.400;  120.125;    0.000
780.859; 6156.400;  134.125;    0.000
781.050; 6161.400;  183.125;    0.000
781.242; 6094.400;   95.125;    0.000
781.434; 5777.400;  127.125;    0.000
781.625; 5753.400;  163.125;    0.000
781.817; 5651.400;  170.125;    0.000
782.008; 5720.400;  123.125;    0.000
782.200; 5390.400;  141.125;    0.000
782.392; 5386.400;  149.125;    0.000
782.583; 5430.400;  155.125;    0.000
782.775; 5327.400;  140.125;    0.000
782.966; 5233.400;  167.125;    0.000
783.158; 5202.400;  164.125;    0.000
783.349; 5196.400;  174.125;    0.000
783.541; 5272.400;  141.125;    0.000
783.732; 5077.400;  115.125;    0.000
783.924; 5024.400;  135.125;    0.000
784.115; 4978.400;  157.125;    0.000
784.306; 4975.400;  102.125;    0.000
784.498; 4913.400;  124.125;    0.000
784.689; 4948.400;  171.125;    0.000
784.880; 4861.400;  165.125;    0.000
785.072; 4960.400;  152.125;    0.000
785.263; 4831.400;  146.125;    0.000
785.454; 4828.400;  145.125;    0.000
785.645; 4807.400;  127.125;    0.000
785.837; 4674.400;  138.125;    0.000
786.028; 4843.400;  151.125;    0.000
786.219; 4751.400;  142.125;    0.000
786.410; 4825.400;  140.125;    0.000
786.601; 4787.400;  137.125;    0.000
786.792; 4732.400;  158.125;    0.000
786.984; 4731.400;  139.125;    0.000
787.175; 4789.400;  140.125;    0.000
787.366; 4822.400;  145.125;    0.000
787.557; 4765.400;  156.125;    0.000
787.748; 4763.400;  148.125;    0.000
787.939; 4733.400;  157.125;    0.000
788.130; 4926.400;  179.125;    0.000
788.321; 4820.400;  142.125;    0.000
788.512; 4944.400;  167.125;    0.000
788.703; 5015.400;  145.125;    0.000
788.894; 4860.400;  132.125;    0.000
789.084; 4816.400;  113.125;    0.000
789.275; 4803.400;  134.125;    0.000
789.466; 4889.400;  151.125;    0.000
789.657; 4867.400;  138.125;    0.000
789.848; 4973.400;  145.125;    0.000
790.039; 4907.400;  130.125;    0.000
790.229; 4985.400;  140.125;    0.000
790.420; 4906.400;  135.125;    0.000
790.611; 4965.400;  156.125;    0.000
790.801; 4982.400;   64.125;    0.000
790.992; 4873.400;  150.125;    0.000
791.183; 4760.400;  177.125;    0.000
791.373; 4792.400;   91.125;    0.000
791.564; 4812.400;   85.125;    0.000
791.755; 4756.400;  125.125;    0.000
791.945; 4812.400;   94.125;    0.000
792.136; 4781.400;   98.125;    0.000
792.326; 4885.400;  105.125;    0.000
792.517; 4825.400;  136.125;    0.000
792.707; 4827.400;  140.125;    0.000
792.898; 4791.400;  164.125;    0.000
793.088; 4886.400;  116.125;    0.000
793.279; 5082.400;  112.125;    0.000
793.469; 4950.400;  105.125;    0.000
793.660; 5063.400;  161.125;    0.000
793.850; 5165.400;  133.125;    0.000
794.040; 5292.400;  121.125;    0.000
794.231; 5604.400;  115.125;    0.000
794.421; 5880.400;  152.125;    0.000
794.611; 6717.400;  132.125;    0.000
794.802; 7836.400;  144.125;    0.000
794.992; 8425.400;  142.125;    0.000
795.182; 8657.400;  179.125;    0.000
795.372; 7983.400;  167.125;    0.000
795.563; 7188.400;  149.125;    0.000
795.753; 6463.400;  117.125;    0.000
795.943; 6058.400;  146.125;    0.000
796.133; 5806.400;  119.125;    0.000
796.323; 5463.400;  141.125;    0.000
796.513; 5291.400;  134.125;    0.000
796.703; 5147.400;  116.125;    0.000
796.893; 5076.400;  120.125;    0.000
797.083; 4960.400;  131.125;    0.000
797.273; 4829.400;  118.125;    0.000
797.463; 4767.400;  130.125;    0.000
797.653; 4539.400;   87.125;    0.000
797.843; 4719.400;  123.125;    0.000
798.033; 4477.400;  115.125;    0.000
798.223; 4588.400;  142.125;    0.000
798.413; 4517.400;  148.125;    0.000
798.603; 4375.400;  147.125;    0.000
798.793; 4467.400;  107.125;    0.000
798.983; 4246.400;  121.125;    0.000
799.172; 4347.400;  120.125;    0.000
799.362; 4346.400;  145.125;    0.000
799.552; 4185.400;  101.125;    0.000
799.742; 4191.400;  149.125;    0.000
799.932; 4092.400;  104.125;    0.000
800.121; 4223.400;  175.125;    0.000
800.311; 4148.400;  132.125;    0.000
800.501; 4034.400;  118.125;    0.000
800.690; 4211.400;  162.125;    0.000
800.880; 3995.400;  141.125;    0.000
801.070; 4113.400;  151.125;    0.000
801.259; 4057.400;  167.125;    0.000
801.449; 4036.400;  108.125;    0.000
801.638; 4173.400;  176.125;    0.000
801.828; 4053.400;  118.125;    0.000
802.017; 3952.400;  179.125;    0.000
802.207; 3920.400;  127.125;    0.000
802.396; 4009.400;  167.125;    0.000
802.586; 3932.400;  129.125;    0.000
802.775; 3916.400;  142.125;    0.000
802.965; 3885.400;  147.125;    0.000
803.154; 3925.400;  179.125;    0.000
803.343; 3854.400;  117.125;    0.000
803.533; 3919.400;  120.125;    0.000
803.722; 3809.400;  122.125;    0.000
803.911; 3754.400;  155.125;    0.000
804.101; 3736.400;  147.125;    0.000
804.290; 3804.400;  160.125;    0.000
804.479; 3833.400;  139.125;    0.000
804.668; 3804.400;  180.125;    0.000
804.857; 3818.400;  131.125;    0.000
805.047; 3705.400;  119.125;    0.000
805.236; 3769.400;  139.125;    0.000
805.425; 3852.400;  163.125;    0.000
805.614; 3765.400;  103.125;    0.000
805.803; 3770.400;  133.125;    0.000
805.992; 3834.400;  147.125;    0.000
806.181; 3702.400;  109.125;    0.000
806.370; 3755.400;  133.125;    0.000
806.559; 3798.400;  119.125;    0.000
806.748; 3754.400;  144.125;    0.000
806.937; 3846.400;  147.125;    0.000
807.126; 3710.400;  134.125;    0.000
807.315; 3655.400;  132.125;    0.000
807.504; 3720.400;  141.125;    0.000
807.693; 3692.400;  145.125;    0.000
807.882; 3698.400;   91.125;    0.000
808.071; 3654.400;  116.125;    0.000
808.260; 3709.400;  105.125;    0.000
808.448; 3607.400;  184.125;    0.000
808.637; 3685.400;  146.125;    0.000
808.826; 3662.400;  153.125;    0.000
809.015; 3720.400;  113.125;    0.000
809.203; 3682.400;  166.125;    0.000
809.392; 3699.400;  117.125;    0.000
809.581; 3616.400;  186.125;    0.000
809.770; 3758.400;  122.125;    0.000
809.958; 3653.400;  140.125;    0.000
810.147; 3652.400;  130.125;    0.000
810.335; 3717.400;  112.125;    0.000
810.524; 3747.400;  106.125;    0.000
810.713; 3790.400;  154.125;    0.000
810.901; 3790.400;  131.125;    0.000
811.090; 3663.400;  164.125;    0.000
811.278; 3822.400;  159.125;    0.000
811.467; 3827.400;  194.125;    0.000
811.655; 3876.400;  164.125;    0.000
811.844; 3884.400;  149.125;    0.000
812.032; 3851.400;  169.125;    0.000
812.220; 3864.400;  163.125;    0.000
812.409; 3819.400;  134.125;    0.000
812.597; 3703.400;  165.125;    0.000
812.785; 3729.400;  180.125;    0.000
812.974; 3805.400;  166.125;    0.000
813.162; 3785.400;  171.125;    0.000
813.350; 3813.400;  142.125;    0.000
813.539; 3807.400;  126.125;    0.000
813.727; 3786.400;  153.125;    0.000
813.915; 3682.400;  138.125;    0.000
814.103; 3716.400;  191.125;    0.000
814.291; 3826.400;  142.125;    0.000
814.479; 3821.400;  156.125;    0.000
814.668; 3776.400;  152.125;    0.000
814.856; 3768.400;  150.125;    0.000
815.044; 3909.400;  165.125;    0.000
815.232; 3866.400;  172.125;    0.000
815.420; 3898.400;  147.125;    0.000
815.608; 3791.400;  143.125;    0.000
815.796; 3925.400;  126.125;    0.000
815.984; 3956.400;  152.125;    0.000
816.172; 3950.400;  129.125;    0.000
816.360; 3954.400;  177.125;    0.000
816.548; 4097.400;  141.125;    0.000
816.736; 4038.400;  142.125;    0.000
816.924; 4203.400;  161.125;    0.000
817.111; 4136.400;  138.125;    0.000
817.299; 4356.400;  112.125;    0.000
817.487; 4502.400;  180.125;    0.000
817.675; 4640.400;  138.125;    0.000
817.863; 4793.400;  172.125;    0.000
818.050; 5253.400;  142.125;    0.000
818.238; 6017.400;  151.125;    0.000
818.426; 7642.400;  129.125;    0.000
818.613; 9321.400;  124.125;    0.000
818.801; 9866.400;  209.125;    0.000
818.989; 9576.400;  178.125;    0.000
819.176; 7830.400;  155.125;    0.000
819.364; 7368.400;  174.125;    0.000
819.552; 7164.400;  131.125;    0.000
819.739; 6612.400;  184.125;    0.000
819.927; 6245.400;  132.125;    0.000
820.114; 6484.400;  173.125;    0.000
820.302; 6383.400;  140.125;    0.000
820.489; 6117.400;  133.125;    0.000
820.677; 6311.400;  167.125;    0.000
820.864; 6658.400;  161.125;    0.000
821.052; 7579.400;  134.125;    0.000
821.239; 8611.400;  149.125;    0.000
821.426; 9700.400;  160.125;    0.000
821.614;13215.400;  143.125;    0.000
821.801;14970.400;  118.125;    0.000
821.988;12575.400;  154.125;    0.000
822.176;11865.400;  112.125;    0.000
822.363;12559.400;  131.125;    0.000
822.550;11233.400;  131.125;    0.000
822.737; 9690.400;  104.125;    0.000
822.924; 8833.400;  160.125;    0.000
823.112; 8368.400;  161.125;    0.000
823.299; 7809.400;  169.125;    0.000
823.486; 7440.400;  129.125;    0.000
823.673; 7078.400;  135.125;    0.000
823.860; 6576.400;  169.125;    0.000
824.047; 6899.400;  124.125;    0.000
824.234; 8174.400;  160.125;    0.000
824.421; 8409.400;  114.125;    0.000
824.608; 7350.400;  191.125;    0.000
824.795; 6485.400;  160.125;    0.000
824.982; 5995.400;  139.125;    0.000
825.169; 5492.400;  121.125;    0.000
825.356; 5182.400;  148.125;    0.000
825.543; 4888.400;  167.125;    0.000
825.730; 4750.400;  103.125;    0.000
825.917; 4623.400;  113.125;    0.000
826.104; 4473.400;  188.125;    0.000
826.290; 4364.400;  193.125;    0.000
826.477; 4283.400;  175.125;    0.000
826.664; 4196.400;  151.125;    0.000
826.851; 4033.400;  122.125;    0.000
827.038; 3968.400;  121.125;    0.000
827.224; 3951.400;  124.125;    0.000
827.411; 3953.400;  155.125;    0.000
827.598; 3775.400;  127.125;    0.000
827.784; 3800.400;  140.125;    0.000
827.971; 3767.400;  114.125;    0.000
828.157; 3665.400;  135.125;    0.000
828.344; 3598.400;  173.125;    0.000
828.531; 3639.400;  113.125;    0.000
828.717; 3511.400;  137.125;    0.000
828.904; 3501.400;  158.125;    0.000
829.090; 3576.400;  199.125;    0.000
829.277; 3408.400;  156.125;    0.000
829.463; 3437.400;  154.125;    0.000
829.650; 3413.400;  174.125;    0.000
829.836; 3348.400;  136.125;    0.000
830.022; 3279.400;  143.125;    0.000
830.209; 3319.400;  157.125;    0.000
830.395; 3328.400;  156.125;    0.000
830.581; 3238.400;  148.125;    0.000
830.768; 3259.400;  169.125;    0.000
830.954; 3191.400;  169.125;    0.000
831.140; 3237.400;  124.125;    0.000
831.327; 3265.400;  157.125;    0.000
831.513; 3190.400;  163.125;    0.000
831.699; 3193.400;  176.125;    0.000
831.885; 3189.400;  154.125;    0.000
832.071; 3088.400;  159.125;    0.000
832.257; 3172.400;  142.125;    0.000
832.444; 3056.400;  159.125;    0.000
832.630; 3102.400;  129.125;    0.000
832.816; 3112.400;  132.125;    0.000
833.002; 3025.400;  125.125;    0.000
833.188; 3141.400;  144.125;    0.000
833.374; 3041.400;  131.125;    0.000
833.560; 3146.400;  154.125;    0.000
833.746; 3071.400;  171.125;    0.000
833.932; 3134.400;  162.125;    0.000
834.118; 3032.400;  131.125;    0.000
834.303; 3024.400;  113.125;    0.000
834.489; 3042.400;  170.125;    0.000
834.675; 3139.400;  177.125;    0.000
834.861; 2874.400;  154.125;    0.000
835.047; 2989.400;  171.125;    0.000
835.233; 2925.400;   98.125;    0.000
835.418; 3072.400;  138.125;    0.000
835.604; 2939.400;  140.125;    0.000
835.790; 2962.400;  130.125;    0.000
835.976; 2954.400;  129.125;    0.000
836.161; 2936.400;  142.125;    0.000
836.347; 2839.400;  128.125;    0.000
836.533; 2995.400;  143.125;    0.000
836.718; 2848.400;  164.125;    0.000
836.904; 2882.400;  172.125;    0.000
837.089; 2875.400;  152.125;    0.000
837.275; 2953.400;  143.125;    0.000
837.460; 2875.400;  125.125;    0.000
837.646; 2925.400;  137.125;    0.000
837.831; 2972.400;  153.125;    0.000
838.017; 2985.400;  171.125;    0.000
838.202; 2868.400;  111.125;    0.000
838.388; 2933.400;  140.125;    0.000
838.573; 2954.400;  158.125;    0.000
838.759; 3009.400;  188.125;    0.000
838.944; 2952.400;  125.125;    0.000
839.129; 2993.400;  123.125;    0.000
839.315; 2980.400;  181.125;    0.000
839.500; 2888.400;  150.125;    0.000
839.685; 2928.400;  109.125;    0.000
839.870; 3001.400;  202.125;    0.000
840.056; 2908.400;  101.125;    0.000
840.241; 2961.400;  184.125;    0.000
840.426; 2959.400;  192.125;    0.000
840.611; 3055.400;  180.125;    0.000
840.796; 2938.400;  156.125;    0.000
840.981; 3095.400;  142.125;    0.000
841.166; 3138.400;  161.125;    0.000
841.352; 3167.400;  185.125;    0.000
841.537; 3067.400;  139.125;    0.000
841.722; 3076.400;  143.125;    0.000
841.907; 3147.400;  140.125;    0.000
842.092; 3232.400;  176.125;    0.000
842.277; 3291.400;  136.125;    0.000
842.461; 3471.400;  155.125;    0.000
842.646; 3321.400;  163.125;    0.000
842.831; 3475.400;  153.125;    0.000
843.016; 3435.400;  187.125;    0.000
843.201; 3793.400;  179.125;    0.000
843.386; 3843.400;  167.125;    0.000
843.571; 3958.400;  129.125;    0.000
843.755; 4191.400;  136.125;    0.000
843.940; 4623.400;  121.125;    0.000
844.125; 5086.400;  157.125;    0.000
844.310; 6191.400;  175.125;    0.000
844.494; 8564.400;  164.125;    0.000
844.679;12589.400;  167.125;    0.000
844.864;12137.400;  166.125;    0.000
845.048; 9266.400;  132.125;    0.000
845.233; 7399.400;  175.125;    0.000
845.418; 6411.400;  159.125;    0.000
845.602; 5658.400;  147.125;    0.000
845.787; 5164.400;  132.125;    0.000
845.971; 4810.400;  187.125;    0.000
846.156; 4365.400;  141.125;    0.000
846.340; 4209.400;  153.125;    0.000
846.525; 3938.400;  157.125;    0.000
846.709; 3791.400;  117.125;    0.000
846.893; 3574.400;  147.125;    0.000
847.078; 3586.400;  170.125;    0.000
847.262; 3510.400;  150.125;    0.000
847.447; 3346.400;  132.125;    0.000
847.631; 3323.400;  144.125;    0.000
847.815; 3192.400;  157.125;    0.000
848.000; 3082.400;  164.125;    0.000
848.184; 3018.400;  174.125;    0.000
848.368; 3098.400;  149.125;    0.000
848.552; 2965.400;  143.125;    0.000
848.736; 3053.400;  132.125;    0.000
848.921; 2972.400;  147.125;    0.000
849.105; 2884.400;  150.125;    0.000
849.289; 2928.400;  146.125;    0.000
849.473; 2884.400;  167.125;    0.000
849.657; 2806.400;  149.125;    0.000
849.841; 2865.400;  181.125;    0.000
850.025; 2831.400;  154.125;    0.000
850.209; 2837.400;  152.125;    0.000
850.393; 2739.400;  139.125;    0.000
850.577; 2726.400;  128.125;    0.000
850.761; 2756.400;  194.125;    0.000
850.945; 2669.400;  152.125;    0.000
851.129; 2770.400;  157.125;    0.000
851.313; 2607.400;  181.125;    0.000
851.497; 2642.400;  145.125;    0.000
851.680; 2759.400;  168.125;    0.000
851.864; 2744.400;  185.125;    0.000
852.048; 2774.400;  170.125;    0.000
852.232; 2723.400;  192.125;    0.000
852.416; 2796.400;  182.125;    0.000
852.599; 2721.400;  169.125;    0.000
852.783; 2641.400;  168.125;    0.000
852.967; 2680.400;  184.125;    0.000
853.150; 2647.400;  163.125;    0.000
853.334; 2615.400;  164.125;    0.000
853.518; 2654.400;  190.125;    0.000
853.701; 2604.400;  137.125;    0.000
853.885; 2711.400;  177.125;    0.000
854.068; 2849.400;  163.125;    0.000
854.252; 3149.400;  139.125;    0.000
854.435; 2956.400;  152.125;    0.000
854.619; 2783.400;  148.125;    0.000
854.802; 2699.400;  168.125;    0.000
854.986; 2640.400;  157.125;    0.000
855.169; 2642.400;  147.125;    0.000
855.353; 2753.400;  173.125;    0.000
855.536; 2661.400;  127.125;    0.000
855.719; 2723.400;  191.125;    0.000
855.903; 2729.400;  186.125;    0.000
856.086; 2678.400;  145.125;    0.000
856.269; 2666.400;  130.125;    0.000
856.452; 2830.400;  153.125;    0.000
856.636; 2913.400;  129.125;    0.000
856.819; 3148.400;  134.125;    0.000
857.002; 3162.400;  152.125;    0.000
857.185; 3096.400;  140.125;    0.000
857.368; 3000.400;  170.125;    0.000
857.552; 2936.400;  132.125;    0.000
857.735; 2965.400;  160.125;    0.000
857.918; 2858.400;  139.125;    0.000
858.101; 2813.400;  159.125;    0.000
858.284; 2847.400;  136.125;    0.000
858.467; 2953.400;  147.125;    0.000
858.650; 2844.400;  153.125;    0.000
858.833; 2864.400;  113.125;    0.000
859.016; 3102.400;  167.125;    0.000
859.199; 3127.400;  141.125;    0.000
859.382; 3488.400;  155.125;    0.000
859.564; 3899.400;  136.125;    0.000
859.747; 3675.400;  142.125;    0.000
859.930; 3470.400;  141.125;    0.000
860.113; 3465.400;  156.125;    0.000
860.296; 3399.400;  167.125;    0.000
860.478; 3321.400;  121.125;    0.000
860.661; 3213.400;  230.125;    0.000
860.844; 3192.400;  186.125;    0.000
861.027; 3118.400;  155.125;    0.000
861.209; 3139.400;  151.125;    0.000
861.392; 3086.400;  162.125;    0.000
861.575; 3168.400;  150.125;    0.000
861.757; 3131.400;  162.125;    0.000
861.940; 3192.400;  207.125;    0.000
862.122; 3235.400;  113.125;    0.000
862.305; 3360.400;  114.125;    0.000
862.487; 3509.400;  162.125;    0.000
862.670; 3827.400;  148.125;    0.000
862.852; 4585.400;  131.125;    0.000
863.035; 5661.400;  174.125;    0.000
863.217; 5569.400;  170.125;    0.000
863.400; 4914.400;  148.125;    0.000
863.582; 4619.400;  129.125;    0.000
863.764; 4302.400;  181.125;    0.000
863.947; 4160.400;  152.125;    0.000
864.129; 3896.400;  178.125;    0.000
864.311; 3850.400;  139.125;    0.000
864.493; 3761.400;  166.125;    0.000
864.676; 3634.400;  148.125;    0.000
864.858; 3701.400;  123.125;    0.000
865.040; 3593.400;  180.125;    0.000
865.222; 3648.400;  131.125;    0.000
865.404; 3740.400;  146.125;    0.000
865.587; 4092.400;  175.125;    0.000
865.769; 4150.400;  183.125;    0.000
865.951; 4164.400;  171.125;    0.000
866.133; 4241.400;  165.125;    0.000
866.315; 4337.400;  138.125;    0.000
866.497; 4071.400;  139.125;    0.000
866.679; 4174.400;  167.125;    0.000
866.861; 4251.400;  151.125;    0.000
867.043; 4562.400;  190.125;    0.000
867.225; 4856.400;  140.125;    0.000
867.407; 5317.400;  125.125;    0.000
867.589; 6028.400;  141.125;    0.000
867.770; 7433.400;  149.125;    0.000
867.952;10716.400;  138.125;    0.000
868.134;14361.400;  153.125;    0.000
868.316;13918.400;  148.125;    0.000
868.498;13471.400;  180.125;    0.000
868.679;11552.400;  152.125;    0.000
868.861; 9417.400;  174.125;    0.000
869.043; 7938.400;  152.125;    0.000
869.224; 6760.400;  177.125;    0.000
869.406; 6175.400;  171.125;    0.000
869.588; 5707.400;  177.125;    0.000
869.769; 5364.400;  174.125;    0.000
869.951; 5338.400;  167.125;    0.000
870.132; 5323.400;  144.125;    0.000
870.314; 5989.400;  143.125;    0.000
870.495; 6225.400;  162.125;    0.000
870.677; 5609.400;  136.125;    0.000
870.858; 5368.400;  155.125;    0.000
871.040; 5707.400;  179.125;    0.000
871.221; 6364.400;  177.125;    0.000
871.403; 6132.400;  180.125;    0.000
871.584; 5480.400;  157.125;    0.000
871.765; 5711.400;  183.125;    0.000
871.947; 6183.400;  169.125;    0.000
872.128; 5535.400;  162.125;    0.000
872.309; 4653.400;  159.125;    0.000
872.491; 4317.400;  148.125;    0.000
872.672; 4059.400;  163.125;    0.000
872.853; 4009.400;  152.125;    0.000
873.034; 3831.400;  166.125;    0.000
873.215; 3650.400;  155.125;    0.000
873.396; 3428.400;  147.125;    0.000
873.578; 3347.400;  147.125;    0.000
873.759; 3098.400;  153.125;    0.000
873.940; 3131.400;  194.125;    0.000
874.121; 3142.400;  179.125;    0.000
874.302; 3027.400;  155.125;    0.000
874.483; 2993.400;  131.125;    0.000
874.664; 2912.400;  106.125;    0.000
874.845; 2831.400;  122.125;    0.000
875.026; 2852.400;  127.125;    0.000
875.207; 2715.400;  151.125;    0.000
875.388; 2786.400;  149.125;    0.000
875.568; 2749.400;  164.125;    0.000
875.749; 2657.400;  176.125;    0.000
875.930; 2725.400;  207.125;    0.000
876.111; 2585.400;  177.125;    0.000
876.292; 2616.400;  178.125;    0.000
876.472; 2484.400;  163.125;    0.000
876.653; 2590.400;  159.125;    0.000
876.834; 2482.400;  177.125;    0.000
877.015; 2504.400;  212.125;    0.000
877.195; 2463.400;  166.125;    0.000
877.376; 2447.400;  157.125;    0.000
877.556; 2434.400;  175.125;    0.000
877.737; 2430.400;  220.125;    0.000
877.918; 2405.400;  163.125;    0.000
878.098; 2367.400;  166.125;    0.000
878.279; 2303.400;  136.125;    0.000
878.459; 2420.400;  167.125;    0.000
878.640; 2308.400;  167.125;    0.000
878.820; 2254.400;  155.125;    0.000
879.000; 2343.400;  158.125;    0.000
879.181; 2313.400;  155.125;    0.000
879.361; 2211.400;  181.125;    0.000
879.542; 2263.400;  181.125;    0.000
879.722; 2276.400;  117.125;    0.000
879.902; 2321.400;  180.125;    0.000
880.083; 2346.400;  139.125;    0.000
880.263; 2327.400;  168.125;    0.000
880.443; 2431.400;  206.125;    0.000
880.623; 2793.400;  132.125;    0.000
880.803; 3088.400;  149.125;    0.000
880.984; 2654.400;  189.125;    0.000
881.164; 2507.400;  171.125;    0.000
881.344; 2407.400;  150.125;    0.000
881.524; 2372.400;  185.125;    0.000
881.704; 2515.400;  152.125;    0.000
881.884; 2468.400;  188.125;    0.000
882.064; 2687.400;  155.125;    0.000
882.244; 2719.400;  182.125;    0.000
882.424; 2615.400;  154.125;    0.000
882.604; 2617.400;  175.125;    0.000
882.784; 2407.400;  137.125;    0.000
882.964; 2329.400;  135.125;    0.000
883.144; 2347.400;  142.125;    0.000
883.324; 2367.400;  192.125;    0.000
883.504; 2298.400;  193.125;    0.000
883.683; 2299.400;  208.125;    0.000
883.863; 2204.400;  127.125;    0.000
884.043; 2223.400;  140.125;    0.000
884.223; 2121.400;  167.125;    0.000
884.402; 2152.400;  156.125;    0.000
884.582; 2197.400;  185.125;    0.000
884.762; 2173.400;  187.125;    0.000
884.941; 2099.400;  201.125;    0.000
885.121; 2120.400;  157.125;    0.000
885.301; 2169.400;  173.125;    0.000
885.480; 2068.400;  158.125;    0.000
885.660; 2046.400;  153.125;    0.000
885.839; 2137.400;  144.125;    0.000
886.019; 2125.400;  184.125;    0.000
886.198; 2058.400;  132.125;    0.000
886.378; 2113.400;  124.125;    0.000
886.557; 2080.400;  146.125;    0.000
886.737; 2058.400;  157.125;    0.000
886.916; 2096.400;  203.125;    0.000
887.095; 2040.400;  151.125;    0.000
887.275; 2114.400;  143.125;    0.000
887.454; 2017.400;  140.125;    0.000
887.633; 2094.400;  196.125;    0.000
887.813; 2041.400;  161.125;    0.000
887.992; 2063.400;  183.125;    0.000
888.171; 1964.400;  153.125;    0.000
888.350; 2062.400;  185.125;    0.000
888.530; 2104.400;  163.125;    0.000
888.709; 1962.400;  174.125;    0.000
888.888; 2009.400;  179.125;    0.000
889.067; 2051.400;  178.125;    0.000
889.246; 2066.400;  184.125;    0.000
889.425; 2061.400;  169.125;    0.000
889.604; 2136.400;  210.125;    0.000
889.783; 2046.400;  183.125;    0.000
889.962; 2087.400;  116.125;    0.000
890.141; 2082.400;  179.125;    0.000
890.320; 2054.400;  182.125;    0.000
890.499; 2107.400;  188.125;    0.000
890.678; 1974.400;  167.125;    0.000
890.857; 2043.400;  141.125;    0.000
891.036; 2086.400;  179.125;    0.000
891.214; 1998.400;  156.125;    0.000
891.393; 2039.400;  209.125;    0.000
891.572; 2028.400;  181.125;    0.000
891.751; 2053.400;  172.125;    0.000
891.930; 2100.400;  169.125;    0.000
892.108; 2048.400;  131.125;    0.000
892.287; 2001.400;  162.125;    0.000
892.466; 2081.400;  178.125;    0.000
892.644; 1984.400;  161.125;    0.000
892.823; 2037.400;  180.125;    0.000
893.001; 2045.400;  179.125;    0.000
893.180; 1994.400;  152.125;    0.000
893.359; 1998.400;  184.125;    0.000
893.537; 2033.400;  178.125;    0.000
893.716; 2050.400;  169.125;    0.000
893.894; 1960.400;  159.125;    0.000
894.073; 2004.400;  179.125;    0.000
894.251; 2018.400;  167.125;    0.000
894.429; 2014.400;  142.125;    0.000
894.608; 2006.400;  166.125;    0.000
894.786; 2011.400;  153.125;    0.000
894.964; 1975.400;  181.125;    0.000
895.143; 2034.400;  161.125;    0.000
895.321; 2038.400;  198.125;    0.000
895.499; 1984.400;  184.125;    0.000
895.677; 2045.400;  178.125;    0.000
895.856; 2017.400;  226.125;    0.000
896.034; 2086.400;  180.125;    0.000
896.212; 2062.400;  200.125;    0.000
896.390; 2011.400;  161.125;    0.000
896.568; 2054.400;  204.125;    0.000
896.746; 2026.400;  136.125;    0.000
896.924; 2070.400;  171.125;    0.000
897.102; 2052.400;  203.125;    0.000
897.280; 2017.400;  142.125;    0.000
897.458; 2050.400;  159.125;    0.000
897.636; 2054.400;  163.125;    0.000
897.814; 2004.400;  137.125;    0.000
897.992; 2163.400;  199.125;    0.000
898.170; 2074.400;  176.125;    0.000
898.348; 2064.400;  195.125;    0.000
898.526; 2020.400;  199.125;    0.000
898.704; 2103.400;  260.125;    0.000
898.882; 2079.400;  185.125;    0.000
899.059; 2098.400;  169.125;    0.000
899.237; 2115.400;  197.125;    0.000
899.415; 2061.400;  207.125;    0.000
899.593; 2113.400;  169.125;    0.000
899.770; 2057.400;  182.125;    0.000
899.948; 2068.400;  198.125;    0.000
900.125; 2145.400;  200.125;    0.000
900.303; 2088.400;  165.125;    0.000
900.481; 2166.400;  182.125;    0.000
900.658; 2202.400;  206.125;    0.000
900.836; 2095.400;  188.125;    0.000
901.013; 2156.400;  169.125;    0.000
901.191; 2237.400;  172.125;    0.000
901.368; 2210.400;  170.125;    0.000
901.546; 2384.400;  234.125;    0.000
901.723; 2275.400;  173.125;    0.000
901.901; 2271.400;  190.125;    0.000
902.078; 2418.400;  145.125;    0.000
902.255; 2318.400;  204.125;    0.000
902.433; 2365.400;  198.125;    0.000
902.610; 2511.400;  190.125;    0.000
902.787; 2441.400;  204.125;    0.000
902.964; 2528.400;  208.125;    0.000
903.142; 2650.400;  187.125;    0.000
903.319; 2648.400;  216.125;    0.000
903.496; 2613.400;  186.125;    0.000
903.673; 2724.400;  201.125;    0.000
903.850; 2575.400;  195.125;    0.000
904.027; 2818.400;  211.125;    0.000
904.204; 2867.400;  197.125;    0.000
904.381; 3184.400;  198.125;    0.000
904.558; 3697.400;  188.125;    0.000
904.735; 4253.400;  207.125;    0.000
904.912; 4240.400;  217.125;    0.000
905.089; 4377.400;  188.125;    0.000
905.266; 3911.400;  160.125;    0.000
905.443; 3590.400;  221.125;    0.000
905.620; 3288.400;  163.125;    0.000
905.797; 3167.400;  186.125;    0.000
905.974; 3208.400;  205.125;    0.000
906.151; 3159.400;  159.125;    0.000
906.327; 3140.400;  206.125;    0.000
906.504; 3047.400;  201.125;    0.000
906.681; 2893.400;  202.125;    0.000
906.858; 2827.400;  188.125;    0.000
907.034; 2759.400;  207.125;    0.000
907.211; 2615.400;  182.125;    0.000
907.388; 2663.400;  184.125;    0.000
907.564; 2532.400;  148.125;    0.000
907.741; 2545.400;  181.125;    0.000
907.917; 2609.400;  191.125;    0.000
908.094; 2533.400;  210.125;    0.000
908.271; 2449.400;  171.125;    0.000
908.447; 2477.400;  241.125;    0.000
908.623; 2352.400;  188.125;    0.000
908.800; 2474.400;  205.125;    0.000
908.976; 2414.400;  210.125;    0.000
909.153; 2392.400;  193.125;    0.000
909.329; 2392.400;  206.125;    0.000
909.505; 2327.400;  181.125;    0.000
909.682; 2362.400;  192.125;    0.000
909.858; 2308.400;  134.125;    0.000
910.034; 2305.400;  214.125;    0.000
910.211; 2321.400;  182.125;    0.000
910.387; 2277.400;  194.125;    0.000
910.563; 2200.400;  199.125;    0.000
910.739; 2225.400;  188.125;    0.000
910.915; 2218.400;  192.125;    0.000
911.091; 2200.400;  198.125;    0.000
911.268; 2286.400;  178.125;    0.000
911.444; 2221.400;  201.125;    0.000
911.620; 2224.400;  181.125;    0.000
911.796; 2168.400;  185.125;    0.000
911.972; 2163.400;  176.125;    0.000
912.148; 2174.400;  196.125;    0.000
912.324; 2150.400;  192.125;    0.000
912.500; 2167.400;  204.125;    0.000
912.676; 2133.400;  164.125;    0.000
912.851; 2165.400;  193.125;    0.000
913.027; 2178.400;  175.125;    0.000
913.203; 2228.400;  193.125;    0.000
913.379; 2159.400;  213.125;    0.000
913.555; 2064.400;  211.125;    0.000
913.730; 2134.400;  194.125;    0.000
913.906; 2088.400;  153.125;    0.000
914.082; 2125.400;  212.125;    0.000
914.258; 2119.400;  194.125;    0.000
914.433; 2091.400;  191.125;    0.000
914.609; 2154.400;  208.125;    0.000
914.784; 2173.400;  176.125;    0.000
914.960; 2122.400;  227.125;    0.000
915.136; 2085.400;  152.125;    0.000
915.311; 2153.400;  171.125;    0.000
915.487; 2102.400;  173.125;    0.000
915.662; 2184.400;  189.125;    0.000
915.838; 2164.400;  179.125;    0.000
916.013; 2108.400;  191.125;    0.000
916.189; 2148.400;  207.125;    0.000
916.364; 2130.400;  194.125;    0.000
916.539; 2117.400;  174.125;    0.000
916.715; 2017.400;  207.125;    0.000
916.890; 2199.400;  193.125;    0.000
917.065; 2083.400;  199.125;    0.000
917.240; 2068.400;  214.125;    0.000
917.416; 2136.400;  194.125;    0.000
917.591; 2120.400;  213.125;    0.000
917.766; 2137.400;  194.125;    0.000
917.941; 2091.400;  201.125;    0.000
918.116; 2083.400;  198.125;    0.000
918.292; 2129.400;  176.125;    0.000
918.467; 2137.400;  190.125;    0.000
918.642; 2096.400;  200.125;    0.000
918.817; 2135.400;  186.125;    0.000
918.992; 2117.400;  174.125;    0.000
919.167; 2118.400;  197.125;    0.000
919.342; 2170.400;  188.125;    0.000
919.517; 2195.400;  179.125;    0.000
919.692; 2171.400;  182.125;    0.000
919.867; 2140.400;  216.125;    0.000
920.041; 2214.400;  208.125;    0.000
920.216; 2220.400;  223.125;    0.000
920.391; 2195.400;  203.125;    0.000
920.566; 2271.400;  202.125;    0.000
920.741; 2267.400;  197.125;    0.000
920.915; 2292.400;  223.125;    0.000
921.090; 2387.400;  183.125;    0.000
921.265; 2565.400;  169.125;    0.000
921.439; 2789.400;  212.125;    0.000
921.614; 2583.400;  190.125;    0.000
921.789; 2545.400;  177.125;    0.000
921.963; 2445.400;  233.125;    0.000
922.138; 2334.400;  156.125;    0.000
922.312; 2308.400;  193.125;    0.000
922.487; 2385.400;  208.125;    0.000
922.661; 2372.400;  212.125;    0.000
922.836; 2530.400;  210.125;    0.000
923.010; 2476.400;  183.125;    0.000
923.185; 2415.400;  228.125;    0.000
923.359; 2348.400;  227.125;    0.000
923.534; 2471.400;  189.125;    0.000
923.708; 2372.400;  210.125;    0.000
923.882; 2531.400;  217.125;    0.000
924.057; 2469.400;  195.125;    0.000
924.231; 2461.400;  201.125;    0.000
924.405; 2451.400;  188.125;    0.000
924.579; 2453.400;  188.125;    0.000
924.753; 2441.400;  174.125;    0.000
924.928; 2474.400;  179.125;    0.000
925.102; 2444.400;  186.125;    0.000
925.276; 2467.400;  201.125;    0.000
925.450; 2446.400;  211.125;    0.000
925.624; 2562.400;  238.125;    0.000
925.798; 2670.400;  191.125;    0.000
925.972; 2835.400;  192.125;    0.000
926.146; 3035.400;  198.125;    0.000
926.320; 3338.400;  151.125;    0.000
926.494; 3752.400;  202.125;    0.000
926.668; 3816.400;  197.125;    0.000
926.842; 3947.400;  177.125;    0.000
927.016; 3933.400;  202.125;    0.000
927.190; 3788.400;  207.125;    0.000
927.363; 3565.400;  180.125;    0.000
927.537; 3525.400;  212.125;    0.000
927.711; 3405.400;  148.125;    0.000
927.885; 3256.400;  196.125;    0.000
928.058; 3275.400;  173.125;    0.000
928.232; 3142.400;  219.125;    0.000
928.406; 2986.400;  141.125;    0.000
928.579; 2950.400;  157.125;    0.000
928.753; 2939.400;  205.125;    0.000
928.927; 2811.400;  196.125;    0.000
929.100; 2800.400;  237.125;    0.000
929.274; 2790.400;  166.125;    0.000
929.447; 2676.400;  150.125;    0.000
929.621; 2711.400;  188.125;    0.000
929.794; 2679.400;  169.125;    0.000
929.968; 2535.400;  194.125;    0.000
930.141; 2550.400;  226.125;    0.000
930.315; 2533.400;  196.125;    0.000
930.488; 2521.400;  233.125;    0.000
930.661; 2447.400;  188.125;    0.000
930.835; 2463.400;  170.125;    0.000
931.008; 2470.400;  176.125;    0.000
931.181; 2308.400;  175.125;    0.000
931.354; 2374.400;  212.125;    0.000
931.528; 2339.400;  177.125;    0.000
931.701; 2323.400;  218.125;    0.000
931.874; 2208.400;  175.125;    0.000
932.047; 2225.400;  157.125;    0.000
932.220; 2260.400;  187.125;    0.000
932.393; 2191.400;  166.125;    0.000
932.566; 2247.400;  168.125;    0.000
932.739; 2255.400;  203.125;    0.000
932.912; 2224.400;  202.125;    0.000
933.085; 2187.400;  209.125;    0.000
933.258; 2245.400;  196.125;    0.000
933.431; 2145.400;  207.125;    0.000
933.604; 2051.400;  201.125;    0.000
933.777; 2117.400;  202.125;    0.000
933.950; 2115.400;  184.125;    0.000
934.123; 2124.400;  167.125;    0.000
934.296; 2148.400;  209.125;    0.000
934.468; 2115.400;  216.125;    0.000
934.641; 2084.400;  156.125;    0.000
934.814; 2161.400;  215.125;    0.000
934.987; 2065.400;  201.125;    0.000
935.159; 2087.400;  176.125;    0.000
935.332; 2063.400;  203.125;    0.000
935.505; 2101.400;  163.125;    0.000
935.677; 2152.400;  169.125;    0.000
935.850; 2132.400;  178.125;    0.000
936.022; 2105.400;  187.125;    0.000
936.195; 2121.400;  207.125;    0.000
936.367; 2028.400;  191.125;    0.000
936.540; 2165.400;  214.125;    0.000
936.712; 2185.400;  202.125;    0.000
936.885; 2118.400;  195.125;    0.000
937.057; 2172.400;  173.125;    0.000
937.229; 2179.400;  179.125;    0.000
937.402; 2154.400;  174.125;    0.000
937.574; 2242.400;  140.125;    0.000
937.746; 2332.400;  153.125;    0.000
937.919; 2389.400;  196.125;    0.000
938.091; 2483.400;  173.125;    0.000
938.263; 2618.400;  206.125;    0.000
938.435; 2802.400;  213.125;    0.000
938.608; 3371.400;  204.125;    0.000
938.780; 3824.400;  199.125;    0.000
938.952; 3993.400;  190.125;    0.000
939.124; 4036.400;  182.125;    0.000
939.296; 4694.400;  188.125;    0.000
939.468; 4849.400;  119.125;    0.000
939.640; 4329.400;  171.125;    0.000
939.812; 3822.400;  222.125;    0.000
939.984; 3439.400;  172.125;    0.000
940.156; 3150.400;  171.125;    0.000
940.328; 2910.400;  215.125;    0.000
940.500; 2758.400;  179.125;    0.000
940.672; 2768.400;  178.125;    0.000
940.843; 2623.400;  193.125;    0.000
941.015; 2580.400;  207.125;    0.000
941.187; 2406.400;  179.125;    0.000
941.359; 2396.400;  191.125;    0.000
941.531; 2313.400;  160.125;    0.000
941.702; 2313.400;  208.125;    0.000
941.874; 2191.400;  143.125;    0.000
942.046; 2188.400;  189.125;    0.000
942.217; 2177.400;  167.125;    0.000
942.389; 2134.400;  199.125;    0.000
942.560; 2068.400;  179.125;    0.000
942.732; 2121.400;  209.125;    0.000
942.904; 1993.400;  180.125;    0.000
943.075; 2012.400;  197.125;    0.000
943.247; 2070.400;  207.125;    0.000
943.418; 2003.400;  183.125;    0.000
943.589; 1958.400;  176.125;    0.000
943.761; 1952.400;  165.125;    0.000
943.932; 1981.400;  170.125;    0.000
944.104; 1962.400;  147.125;    0.000
944.275; 1899.400;  149.125;    0.000
944.446; 1892.400;  191.125;    0.000
944.617; 1931.400;  128.125;    0.000
944.789; 1860.400;  166.125;    0.000
944.960; 1864.400;  195.125;    0.000
945.131; 1849.400;  164.125;    0.000
945.302; 2007.400;  229.125;    0.000
945.473; 1829.400;  153.125;    0.000
945.645; 1913.400;  166.125;    0.000
945.816; 1927.400;  187.125;    0.000
945.987; 2006.400;  193.125;    0.000
946.158; 2067.400;  166.125;    0.000
946.329; 2078.400;  196.125;    0.000
946.500; 2006.400;  152.125;    0.000
946.671; 1977.400;  161.125;    0.000
946.842; 1850.400;  176.125;    0.000
947.013; 1905.400;  188.125;    0.000
947.183; 1920.400;  213.125;    0.000
947.354; 1852.400;  163.125;    0.000
947.525; 1884.400;  204.125;    0.000
947.696; 1800.400;  159.125;    0.000
947.867; 1926.400;  197.125;    0.000
948.037; 1813.400;  174.125;    0.000
948.208; 1879.400;  163.125;    0.000
948.379; 1935.400;  189.125;    0.000
948.550; 1913.400;  173.125;    0.000
948.720; 1794.400;  186.125;    0.000
948.891; 1868.400;  166.125;    0.000
949.061; 1765.400;  197.125;    0.000
949.232; 1831.400;  168.125;    0.000
949.403; 1818.400;  188.125;    0.000
949.573; 1874.400;  164.125;    0.000
949.744; 1793.400;  194.125;    0.000
949.914; 1824.400;  154.125;    0.000
950.085; 1843.400;  197.125;    0.000
950.255; 1822.400;  187.125;    0.000
950.425; 1772.400;  193.125;    0.000
950.596; 1806.400;  182.125;    0.000
950.766; 1821.400;  202.125;    0.000
950.936; 1787.400;  230.125;    0.000
951.107; 1724.400;  133.125;    0.000
951.277; 1751.400;  234.125;    0.000
951.447; 1830.400;  200.125;    0.000
951.617; 1772.400;  212.125;    0.000
951.788; 1743.400;  176.125;    0.000
951.958; 1825.400;  218.125;    0.000
952.128; 1831.400;  198.125;    0.000
952.298; 1842.400;  185.125;    0.000
952.468; 1727.400;  231.125;    0.000
952.638; 1757.400;  213.125;    0.000
952.808; 1670.400;  218.125;    0.000
952.978; 1723.400;  252.125;    0.000
953.148; 1800.400;  200.125;    0.000
953.318; 1725.400;  243.125;    0.000
953.488; 1652.400;  140.125;    0.000
953.658; 1724.400;  208.125;    0.000
953.828; 1719.400;  179.125;    0.000
953.998; 1765.400;  211.125;    0.000
954.167; 1638.400;  197.125;    0.000
954.337; 1711.400;  217.125;    0.000
954.507; 1721.400;  219.125;    0.000
954.677; 1653.400;  201.125;    0.000
954.846; 1740.400;  241.125;    0.000
955.016; 1712.400;  222.125;    0.000
955.186; 1719.400;  200.125;    0.000
955.355; 1650.400;  247.125;    0.000
955.525; 1662.400;  212.125;    0.000
955.695; 1637.400;  200.125;    0.000
955.864; 1725.400;  196.125;    0.000
956.034; 1643.400;  195.125;    0.000
956.203; 1592.400;  243.125;    0.000
956.373; 1624.400;  197.125;    0.000
956.542; 1714.400;  237.125;    0.000
956.711; 1662.400;  249.125;    0.000
956.881; 1675.400;  235.125;    0.000
957.050; 1657.400;  259.125;    0.000
957.220; 1657.400;  234.125;    0.000
957.389; 1702.400;  250.125;    0.000
957.558; 1636.400;  214.125;    0.000
957.727; 1603.400;  225.125;    0.000
957.897; 1576.400;  211.125;    0.000
958.066; 1590.400;  200.125;    0.000
958.235; 1594.400;  202.125;    0.000
958.404; 1633.400;  242.125;    0.000
958.573; 1529.400;  222.125;    0.000
958.743; 1511.400;  191.125;    0.000
958.912; 1532.400;  183.125;    0.000
959.081; 1612.400;  212.125;    0.000
959.250; 1568.400;  192.125;    0.000
959.419; 1580.400;  238.125;    0.000
959.588; 1677.400;  205.125;    0.000
959.757; 1495.400;  213.125;    0.000
959.926; 1619.400;  217.125;    0.000
960.094; 1607.400;  215.125;    0.000
960.263; 1611.400;  220.125;    0.000
960.432; 1584.400;  164.125;    0.000
960.601; 1549.400;  228.125;    0.000
960.770; 1509.400;  176.125;    0.000
960.939; 1661.400;  201.125;    0.000
961.107; 1643.400;  183.125;    0.000
961.276; 1559.400;  199.125;    0.000
961.445; 1564.400;  205.125;    0.000
961.613; 1520.400;  183.125;    0.000
961.782; 1580.400;  216.125;    0.000
961.951; 1563.400;  169.125;    0.000
962.119; 1631.400;  211.125;    0.000
962.288; 1521.400;  204.125;    0.000
962.456; 1495.400;  187.125;    0.000
962.625; 1547.400;  223.125;    0.000
962.793; 1571.400;  200.125;    0.000
962.962; 1453.400;  185.125;    0.000
963.130; 1522.400;  195.125;    0.000
963.298; 1579.400;  187.125;    0.000
963.467; 1569.400;  247.125;    0.000
963.635; 1473.400;  165.125;    0.000
963.803; 1504.400;  192.125;    0.000
963.972; 1518.400;  191.125;    0.000
964.140; 1593.400;  163.125;    0.000
964.308; 1504.400;  161.125;    0.000
964.477; 1464.400;  182.125;    0.000
964.645; 1551.400;  195.125;    0.000
964.813; 1588.400;  165.125;    0.000
964.981; 1484.400;  193.125;    0.000
965.149; 1563.400;  174.125;    0.000
965.317; 1521.400;  194.125;    0.000
965.485; 1509.400;  209.125;    0.000
965.653; 1557.400;  210.125;    0.000
965.821; 1509.400;  194.125;    0.000
965.989; 1511.400;  182.125;    0.000
966.157; 1518.400;  180.125;    0.000
966.325; 1526.400;  198.125;    0.000
966.493; 1540.400;  182.125;    0.000
966.661; 1480.400;  200.125;    0.000
966.829; 1475.400;  190.125;    0.000
966.996; 1570.400;  221.125;    0.000
967.164; 1502.400;  176.125;    0.000
967.332; 1525.400;  228.125;    0.000
967.500; 1541.400;  177.125;    0.000
967.667; 1569.400;  202.125;    0.000
967.835; 1566.400;  220.125;    0.000
968.003; 1506.400;  183.125;    0.000
968.170; 1504.400;  163.125;    0.000
968.338; 1528.400;  162.125;    0.000
968.505; 1478.400;  198.125;    0.000
968.673; 1498.400;  213.125;    0.000
968.841; 1486.400;  131.125;    0.000
969.008; 1475.400;  225.125;    0.000
969.175; 1435.400;  202.125;    0.000
969.343; 1496.400;  222.125;    0.000
969.510; 1518.400;  230.125;    0.000
969.678; 1504.400;  161.125;    0.000
969.845; 1561.400;  208.125;    0.000
970.012; 1493.400;  186.125;    0.000
970.180; 1557.400;  226.125;    0.000
970.347; 1508.400;  222.125;    0.000
970.514; 1531.400;  206.125;    0.000
970.681; 1560.400;  173.125;    0.000
970.849; 1512.400;  190.125;    0.000
971.016; 1532.400;  220.125;    0.000
971.183; 1549.400;  202.125;    0.000
971.350; 1461.400;  196.125;    0.000
971.517; 1553.400;  218.125;    0.000
971.684; 1577.400;  228.125;    0.000
971.851; 1511.400;  235.125;    0.000
972.018; 1592.400;  200.125;    0.000
972.185; 1598.400;  183.125;    0.000
972.352; 1508.400;  216.125;    0.000
972.519; 1544.400;  227.125;    0.000
972.686; 1535.400;  209.125;    0.000
972.853; 1495.400;  157.125;    0.000
973.020; 1516.400;  179.125;    0.000
973.186; 1487.400;  173.125;    0.000
973.353; 1485.400;  189.125;    0.000
973.520; 1491.400;  228.125;    0.000
973.687; 1509.400;  190.125;    0.000
973.853; 1579.400;  197.125;    0.000
974.020; 1515.400;  208.125;    0.000
974.187; 1556.400;  158.125;    0.000
974.353; 1547.400;  201.125;    0.000
974.520; 1438.400;  158.125;    0.000
974.687; 1549.400;  192.125;    0.000
974.853; 1527.400;  177.125;    0.000
975.020; 1515.400;  212.125;    0.000
975.186; 1455.400;  200.125;    0.000
975.353; 1506.400;  208.125;    0.000
975.519; 1492.400;  169.125;    0.000
975.685; 1435.400;  176.125;    0.000
975.852; 1493.400;  201.125;    0.000
976.018; 1481.400;  209.125;    0.000
976.184; 1494.400;  197.125;    0.000
976.351; 1547.400;  196.125;    0.000
976.517; 1453.400;  243.125;    0.000
976.683; 1478.400;  210.125;    0.000
976.849; 1510.400;  226.125;    0.000
977.016; 1496.400;  218.125;    0.000
977.182; 1437.400;  213.125;    0.000
977.348; 1440.400;  205.125;    0.000
977.514; 1448.400;  210.125;    0.000
977.680; 1510.400;  226.125;    0.000
977.846; 1443.400;  206.125;    0.000
978.012; 1526.400;  222.125;    0.000
978.178; 1467.400;  216.125;    0.000
978.344; 1487.400;  172.125;    0.000
978.510; 1498.400;  210.125;    0.000
978.676; 1411.400;  184.125;    0.000
978.842; 1404.400;  190.125;    0.000
979.008; 1431.400;  203.125;    0.000
979.174; 1497.400;  211.125;    0.000
979.340; 1474.400;  190.125;    0.000
979.505; 1389.400;  235.125;    0.000
979.671; 1387.400;  182.125;    0.000
979.837; 1463.400;  235.125;    0.000
980.003; 1520.400;  183.125;    0.000
980.168; 1446.400;  220.125;    0.000
980.334; 1446.400;  161.125;    0.000
980.499; 1439.400;  212.125;    0.000
980.665; 1515.400;  219.125;    0.000
980.831; 1489.400;  201.125;    0.000
980.996; 1500.400;  189.125;    0.000
981.162; 1538.400;  222.125;    0.000
981.327; 1569.400;  173.125;    0.000
981.493; 1505.400;  197.125;    0.000
981.658; 1500.400;  178.125;    0.000
981.823; 1547.400;  196.125;    0.000
981.989; 1538.400;  248.125;    0.000
982.154; 1542.400;  222.125;    0.000
982.319; 1582.400;  226.125;    0.000
982.485; 1509.400;  188.125;    0.000
982.650; 1571.400;  203.125;    0.000
982.815; 1516.400;  237.125;    0.000
982.980; 1504.400;  210.125;    0.000
983.146; 1512.400;  202.125;    0.000
983.311; 1536.400;  195.125;    0.000
983.476; 1511.400;  207.125;    0.000
983.641; 1467.400;  198.125;    0.000
983.806; 1451.400;  136.125;    0.000
983.971; 1571.400;  248.125;    0.000
984.136; 1517.400;  213.125;    0.000
984.301; 1511.400;  181.125;    0.000
984.466; 1429.400;  210.125;    0.000
984.631; 1525.400;  219.125;    0.000
984.796; 1459.400;  207.125;    0.000
984.961; 1514.400;  214.125;    0.000
985.126; 1491.400;  218.125;    0.000
985.291; 1512.400;  214.125;    0.000
985.455; 1408.400;  187.125;    0.000
985.620; 1477.400;  191.125;    0.000
985.785; 1472.400;  190.125;    0.000
985.950; 1491.400;  184.125;    0.000
986.114; 1501.400;  242.125;    0.000
986.279; 1527.400;  251.125;    0.000
986.444; 1504.400;  177.125;    0.000
986.608; 1527.400;  216.125;    0.000
986.773; 1565.400;  211.125;    0.000
986.937; 1566.400;  244.125;    0.000
987.102; 1593.400;  187.125;    0.000
987.266; 1497.400;  178.125;    0.000
987.431; 1557.400;  205.125;    0.000
987.595; 1558.400;  221.125;    0.000
987.760; 1556.400;  205.125;    0.000
987.924; 1506.400;  195.125;    0.000
988.088; 1484.400;  184.125;    0.000
988.253; 1566.400;  188.125;    0.000
988.417; 1498.400;  196.125;    0.000
988.581; 1509.400;  218.125;    0.000
988.746; 1576.400;  203.125;    0.000
988.910; 1561.400;  195.125;    0.000
989.074; 1492.400;  187.125;    0.000
989.238; 1492.400;  243.125;    0.000
989.402; 1490.400;  242.125;    0.000
989.566; 1521.400;  205.125;    0.000
989.731; 1478.400;  195.125;    0.000
989.895; 1501.400;  211.125;    0.000
990.059; 1393.400;  175.125;    0.000
990.223; 1412.400;  176.125;    0.000
990.387; 1440.400;  234.125;    0.000
990.551; 1476.400;  231.125;    0.000
990.714; 1404.400;  209.125;    0.000
990.878; 1418.400;  187.125;    0.000
991.042; 1425.400;  183.125;    0.000
991.206; 1413.400;  216.125;    0.000
991.370; 1487.400;  257.125;    0.000
991.534; 1377.400;  188.125;    0.000
991.697; 1432.400;  203.125;    0.000
991.861; 1468.400;  219.125;    0.000
992.025; 1414.400;  221.125;    0.000
992.188; 1471.400;  188.125;    0.000
992.352; 1436.400;  205.125;    0.000
992.516; 1485.400;  189.125;    0.000
992.679; 1435.400;  207.125;    0.000
992.843; 1422.400;  210.125;    0.000
993.006; 1389.400;  191.125;    0.000
993.170; 1431.400;  228.125;    0.000
993.333; 1416.400;  142.125;    0.000
993.497; 1453.400;  175.125;    0.000
993.660; 1522.400;  220.125;    0.000
993.824; 1472.400;  193.125;    0.000
993.987; 1515.400;  219.125;    0.000
994.150; 1451.400;  166.125;    0.000
994.314; 1510.400;  207.125;    0.000
994.477; 1500.400;  227.125;    0.000
994.640; 1443.400;  210.125;    0.000
994.803; 1479.400;  219.125;    0.000
994.967; 1459.400;  192.125;    0.000
995.130; 1474.400;  197.125;    0.000
995.293; 1527.400;  189.125;    0.000
995.456; 1545.400;  180.125;    0.000
995.619; 1461.400;  239.125;    0.000
995.782; 1369.400;  209.125;    0.000
995.945; 1538.400;  216.125;    0.000
996.108; 1433.400;  198.125;    0.000
996.271; 1414.400;  205.125;    0.000
996.434; 1456.400;  205.125;    0.000
996.597; 1470.400;  208.125;    0.000
996.760; 1402.400;  205.125;    0.000
996.923; 1488.400;  174.125;    0.000
997.086; 1462.400;  198.125;    0.000
997.248; 1439.400;  214.125;    0.000
997.411; 1418.400;  237.125;    0.000
997.574; 1428.400;  182.125;    0.000
997.737; 1447.400;  188.125;    0.000
997.899; 1492.400;  216.125;    0.000
998.062; 1477.400;  210.125;    0.000
998.225; 1362.400;  202.125;    0.000
998.387; 1391.400;  202.125;    0.000
998.550; 1441.400;  193.125;    0.000
998.712; 1443.400;  225.125;    0.000
998.875; 1490.400;  228.125;    0.000
999.037; 1436.400;  186.125;    0.000
999.200; 1409.400;  212.125;    0.000
999.362; 1472.400;  234.125;    0.000
999.525; 1393.400;  170.125;    0.000
999.687; 1378.400;  191.125;    0.000
999.849; 1485.400;  218.125;    0.000
1000.012; 1476.400;  187.125;    0.000
1000.174; 1373.400;  216.125;    0.000
1000.336; 1462.400;  194.125;    0.000
1000.499; 1454.400;  209.125;    0.000
1000.661; 1478.400;  208.125;    0.000
1000.823; 1467.400;  197.125;    0.000
1000.985; 1404.400;  201.125;    0.000
1001.147; 1528.400;  234.125;    0.000
1001.309; 1538.400;  180.125;    0.000
1001.471; 1512.400;  223.125;    0.000
1001.633; 1531.400;  198.125;    0.000
1001.796; 1495.400;  200.125;    0.000
1001.958; 1541.400;  204.125;    0.000
1002.119; 1526.400;  193.125;    0.000
1002.281; 1615.400;  205.125;    0.000
1002.443; 1595.400;  236.125;    0.000
1002.605; 1723.400;  197.125;    0.000
1002.767; 1776.400;  223.125;    0.000
1002.929; 1844.400;  220.125;    0.000
1003.091; 1947.400;  214.125;    0.000
1003.252; 2061.400;  233.125;    0.000
1003.414; 2099.400;  230.125;    0.000
1003.576; 2183.400;  203.125;    0.000
1003.738; 2225.400;  201.125;    0.000
1003.899; 2445.400;  222.125;    0.000
1004.061; 2528.400;  208.125;    0.000
1004.222; 2685.400;  194.125;    0.000
1004.384; 2767.400;  205.125;    0.000
1004.546; 2828.400;  162.125;    0.000
1004.707; 2836.400;  232.125;    0.000
1004.869; 2875.400;  223.125;    0.000
1005.030; 2822.400;  204.125;    0.000
1005.191; 2733.400;  214.125;    0.000
1005.353; 2747.400;  226.125;    0.000
1005.514; 2591.400;  201.125;    0.000
1005.675; 2439.400;  205.125;    0.000
1005.837; 2394.400;  235.125;    0.000
1005.998; 2272.400;  210.125;    0.000
1006.159; 2215.400;  214.125;    0.000
1006.321; 2305.400;  236.125;    0.000
1006.482; 2329.400;  214.125;    0.000
1006.643; 2490.400;  213.125;    0.000
1006.804; 2539.400;  204.125;    0.000
1006.965; 2649.400;  212.125;    0.000
1007.126; 2794.400;  251.125;    0.000
1007.287; 2694.400;  238.125;    0.000
1007.448; 2636.400;  198.125;    0.000
1007.609; 2557.400;  241.125;    0.000
1007.770; 2498.400;  213.125;    0.000
1007.931; 2476.400;  225.125;    0.000
1008.092; 2574.400;  204.125;    0.000
1008.253; 2683.400;  220.125;    0.000
1008.414; 2726.400;  180.125;    0.000
1008.575; 2708.400;  224.125;    0.000
1008.736; 2743.400;  164.125;    0.000
1008.896; 2686.400;  247.125;    0.000
1009.057; 2635.400;  263.125;    0.000
1009.218; 2644.400;  233.125;    0.000
1009.379; 2635.400;  207.125;    0.000
1009.539; 2765.400;  221.125;    0.000
1009.700; 2722.400;  209.125;    0.000
1009.860; 2921.400;  217.125;    0.000
1010.021; 2747.400;  182.125;    0.000
1010.182; 2827.400;  233.125;    0.000
1010.342; 2724.400;  210.125;    0.000
1010.503; 2846.400;  232.125;    0.000
1010.663; 2986.400;  228.125;    0.000
1010.823; 3075.400;  212.125;    0.000
1010.984; 3111.400;  244.125;    0.000
1011.144; 3129.400;  200.125;    0.000
1011.305; 3142.400;  237.125;    0.000
1011.465; 3298.400;  225.125;    0.000
1011.625; 3473.400;  215.125;    0.000
1011.785; 3491.400;  235.125;    0.000
1011.946; 3436.400;  231.125;    0.000
1012.106; 3300.400;  206.125;    0.000
1012.266; 3354.400;  218.125;    0.000
1012.426; 3310.400;  249.125;    0.000
1012.586; 3357.400;  217.125;    0.000
1012.746; 3257.400;  231.125;    0.000
1012.906; 3279.400;  230.125;    0.000
1013.066; 3256.400;  260.125;    0.000
1013.226; 3336.400;  206.125;    0.000
1013.386; 3232.400;  220.125;    0.000
1013.546; 3232.400;  233.125;    0.000
1013.706; 3103.400;  194.125;    0.000
1013.866; 3075.400;  209.125;    0.000
1014.026; 3251.400;  204.125;    0.000
1014.186; 3107.400;  203.125;    0.000
1014.346; 3041.400;  244.125;    0.000
1014.505; 3171.400;  206.125;    0.000
1014.665; 3221.400;  210.125;    0.000
1014.825; 3255.400;  235.125;    0.000
1014.985; 3123.400;  227.125;    0.000
1015.144; 3402.400;  237.125;    0.000
1015.304; 3579.400;  196.125;    0.000
1015.464; 3548.400;  228.125;    0.000
1015.623; 3351.400;  235.125;    0.000
1015.783; 3531.400;  187.125;    0.000
1015.942; 4048.400;  184.125;    0.000
1016.102; 3995.400;  245.125;    0.000
1016.261; 3829.400;  203.125;    0.000
1016.420; 4099.400;  209.125;    0.000
1016.580; 4671.400;  235.125;    0.000
1016.739; 4427.400;  175.125;    0.000
1016.899; 4345.400;  220.125;    0.000
1017.058; 4574.400;  219.125;    0.000
1017.217; 4805.400;  238.125;    0.000
1017.376; 4653.400;  235.125;    0.000
1017.536; 4161.400;  195.125;    0.000
1017.695; 4218.400;  215.125;    0.000
1017.854; 4120.400;  231.125;    0.000
1018.013; 4058.400;  184.125;    0.000
1018.172; 3936.400;  179.125;    0.000
1018.331; 3892.400;  205.125;    0.000
1018.490; 4114.400;  203.125;    0.000
1018.649; 4405.400;  261.125;    0.000
1018.808; 4398.400;  253.125;    0.000
1018.967; 4537.400;  201.125;    0.000
1019.126; 4623.400;  216.125;    0.000
1019.285; 4666.400;  169.125;    0.000
1019.444; 4610.400;  226.125;    0.000
1019.603; 4254.400;  252.125;    0.000
1019.762; 4184.400;  206.125;    0.000
1019.921; 4237.400;  235.125;    0.000
1020.079; 4386.400;  192.125;    0.000
1020.238; 4784.400;  226.125;    0.000
1020.397; 4556.400;  231.125;    0.000
1020.555; 4363.400;  218.125;    0.000
1020.714; 4480.400;  235.125;    0.000
1020.873; 4826.400;  229.125;    0.000
1021.031; 4733.400;  234.125;    0.000
1021.190; 4457.400;  223.125;    0.000
1021.348; 4519.400;  186.125;    0.000
1021.507; 4905.400;  201.125;    0.000
1021.665; 5252.400;  222.125;    0.000
1021.824; 4842.400;  208.125;    0.000
1021.982; 4538.400;  209.125;    0.000
1022.141; 4559.400;  224.125;    0.000
1022.299; 5156.400;  214.125;    0.000
1022.457; 5273.400;  176.125;    0.000
1022.616; 4864.400;  211.125;    0.000
1022.774; 4494.400;  218.125;    0.000
1022.932; 4821.400;  205.125;    0.000
1023.090; 5511.400;  246.125;    0.000
1023.249; 5384.400;  249.125;    0.000
1023.407; 4753.400;  235.125;    0.000
1023.565; 4530.400;  202.125;    0.000
1023.723; 4894.400;  210.125;    0.000
1023.881; 5427.400;  206.125;    0.000
1024.039; 5395.400;  240.125;    0.000
1024.197; 4818.400;  275.125;    0.000
1024.355; 4604.400;  228.125;    0.000
1024.513; 4900.400;  234.125;    0.000
1024.671; 5507.400;  222.125;    0.000
1024.829; 5511.400;  241.125;    0.000
1024.987; 5050.400;  209.125;    0.000
1025.145; 4627.400;  227.125;    0.000
1025.302; 4783.400;  208.125;    0.000
1025.460; 5401.400;  210.125;    0.000
1025.618; 5757.400;  192.125;    0.000
1025.776; 5240.400;  220.125;    0.000
1025.933; 4617.400;  223.125;    0.000
1026.091; 4857.400;  189.125;    0.000
1026.249; 5468.400;  210.125;    0.000
1026.406; 5962.400;  231.125;    0.000
1026.564; 5345.400;  247.125;    0.000
1026.721; 5028.400;  213.125;    0.000
1026.879; 4950.400;  208.125;    0.000
1027.036; 5439.400;  222.125;    0.000
1027.194; 5796.400;  253.125;    0.000
1027.351; 5912.400;  239.125;    0.000
1027.509; 5387.400;  232.125;    0.000
1027.666; 5110.400;  251.125;    0.000
1027.823; 5477.400;  212.125;    0.000
1027.981; 5773.400;  260.125;    0.000
1028.138; 6007.400;  263.125;    0.000
1028.295; 5641.400;  251.125;    0.000
1028.452; 5184.400;  249.125;    0.000
1028.609; 5062.400;  259.125;    0.000
1028.767; 5634.400;  255.125;    0.000
1028.924; 6017.400;  201.125;    0.000
1029.081; 5832.400;  217.125;    0.000
1029.238; 5793.400;  230.125;    0.000
1029.395; 5442.400;  263.125;    0.000
1029.552; 5510.400;  207.125;    0.000
1029.709; 5994.400;  220.125;    0.000
1029.866; 6145.400;  214.125;    0.000
1030.023; 6018.400;  224.125;    0.000
1030.180; 5546.400;  209.125;    0.000
1030.337; 5442.400;  269.125;    0.000
1030.494; 5560.400;  207.125;    0.000
1030.650; 5922.400;  230.125;    0.000
1030.807; 6352.400;  217.125;    0.000
1030.964; 5670.400;  212.125;    0.000
1031.121; 5640.400;  220.125;    0.000
1031.277; 5359.400;  233.125;    0.000
1031.434; 5784.400;  266.125;    0.000
1031.591; 6271.400;  270.125;    0.000
1031.747; 6418.400;  229.125;    0.000
1031.904; 6207.400;  227.125;    0.000
1032.060; 5767.400;  210.125;    0.000
1032.217; 5753.400;  218.125;    0.000
1032.373; 6459.400;  190.125;    0.000
1032.530; 6608.400;  236.125;    0.000
1032.686; 7249.400;  199.125;    0.000
1032.843; 7161.400;  216.125;    0.000
1032.999; 6476.400;  204.125;    0.000
1033.155; 6733.400;  208.125;    0.000
1033.312; 6605.400;  231.125;    0.000
1033.468; 8166.400;  213.125;    0.000
1033.624; 8802.400;  235.125;    0.000
1033.780; 8885.400;  233.125;    0.000
1033.937; 8976.400;  201.125;    0.000
1034.093; 8006.400;  233.125;    0.000
1034.249; 8140.400;  214.125;    0.000
1034.405; 8420.400;  245.125;    0.000
1034.561; 9108.400;  228.125;    0.000
1034.717; 9801.400;  234.125;    0.000
1034.873; 9736.400;  248.125;    0.000
1035.029; 9665.400;  220.125;    0.000
1035.185; 9007.400;  294.125;    0.000
1035.341; 8657.400;  231.125;    0.000
1035.497; 9310.400;  254.125;    0.000
1035.653; 9989.400;  225.125;    0.000
1035.809;10586.400;  243.125;    0.000
1035.964;11589.400;  216.125;    0.000
1036.120;10818.400;  199.125;    0.000
1036.276;10856.400;  220.125;    0.000
1036.432;10290.400;  210.125;    0.000
1036.587; 9870.400;  225.125;    0.000
1036.743;10146.400;  245.125;    0.000
1036.899;11428.400;  219.125;    0.000
1037.054;11305.400;  157.125;    0.000
1037.210;12578.400;  208.125;    0.000
1037.365;12996.400;  230.125;    0.000
1037.521;11606.400;  236.125;    0.000
1037.676;11555.400;  193.125;    0.000
1037.832;10590.400;  246.125;    0.000
1037.987;10676.400;  231.125;    0.000
1038.143;11091.400;  234.125;    0.000
1038.298;13282.400;  219.125;    0.000
1038.453;12607.400;  230.125;    0.000
1038.609;13740.400;  254.125;    0.000
1038.764;14195.400;  249.125;    0.000
1038.919;12681.400;  224.125;    0.000
1039.074;12404.400;  209.125;    0.000
1039.229;11729.400;  214.125;    0.000
1039.385;11677.400;  268.125;    0.000
1039.540;12373.400;  268.125;    0.000
1039.695;13880.400;  229.125;    0.000
1039.850;15265.400;  252.125;    0.000
1040.005;15950.400;  248.125;    0.000
1040.160;16592.400;  215.125;    0.000
1040.315;15848.400;  239.125;    0.000
1040.470;15117.400;  210.125;    0.000
1040.625;13934.400;  239.125;    0.000
1040.780;13906.400;  251.125;    0.000
1040.935;13633.400;  247.125;    0.000
1041.089;14259.400;  215.125;    0.000
1041.244;16800.400;  210.125;    0.000
1041.399;18308.400;  237.125;    0.000
1041.554;18314.400;  253.125;    0.000
1041.708;20358.400;  227.125;    0.000
1041.863;19733.400;  219.125;    0.000
1042.018;17953.400;  246.125;    0.000
1042.172;17603.400;  236.125;    0.000
1042.327;16816.400;  272.125;    0.000
1042.481;16670.400;  197.125;    0.000
1042.636;17732.400;  213.125;    0.000
1042.791;17886.400;  250.125;    0.000
1042.945;20515.400;  267.125;    0.000
1043.099;23227.400;  257.125;    0.000
1043.254;22170.400;  206.125;    0.000
1043.408;23169.400;  266.125;    0.000
1043.563;25814.400;  232.125;    0.000
1043.717;24347.400;  241.125;    0.000
1043.871;22205.400;  248.125;    0.000
1044.025;21700.400;  234.125;    0.000
1044.180;21448.400;  222.125;    0.000
1044.334;22714.400;  235.125;    0.000
1044.488;22255.400;  270.125;    0.000
1044.642;22764.400;  215.125;    0.000
1044.796;25787.400;  212.125;    0.000
1044.950;29679.400;  228.125;    0.000
1045.104;31288.400;  223.125;    0.000
1045.258;31111.400;  236.125;    0.000
1045.412;29773.400;  225.125;    0.000
1045.566;30267.400;  245.125;    0.000
1045.720;29535.400;  201.125;    0.000
1045.874;27685.400;  229.125;    0.000
1046.028;26157.400;  243.125;    0.000
1046.182;25688.400;  212.125;    0.000
1046.336;25815.400;  256.125;    0.000
1046.489;27537.400;  234.125;    0.000
1046.643;28486.400;  246.125;    0.000
1046.797;30660.400;  219.125;    0.000
1046.951;32507.400;  231.125;    0.000
1047.104;32963.398;  285.125;    0.000
1047.258;34810.398;  256.125;    0.000
1047.411;35164.398;  232.125;    0.000
1047.565;34769.398;  269.125;    0.000
1047.719;34413.398;  213.125;    0.000
1047.872;32213.400;  210.125;    0.000
1048.026;30854.400;  251.125;    0.000
1048.179;30919.400;  213.125;    0.000
1048.332;30422.400;  212.125;    0.000
1048.486;30302.400;  218.125;    0.000
1048.639;31234.400;  218.125;    0.000
1048.792;31420.400;  247.125;    0.000
1048.946;34185.398;  208.125;    0.000
1049.099;37286.398;  247.125;    0.000
1049.252;39246.398;  274.125;    0.000
1049.406;35192.398;  232.125;    0.000
1049.559;37285.398;  251.125;    0.000
1049.712;40720.398;  243.125;    0.000
1049.865;44226.398;  219.125;    0.000
1050.018;42732.398;  216.125;    0.000
1050.171;37625.398;  237.125;    0.000
1050.324;37008.398;  291.125;    0.000
1050.477;38067.398;  241.125;    0.000
1050.630;41692.398;  245.125;    0.000
1050.783;43757.398;  213.125;    0.000
1050.936;40780.398;  246.125;    0.000
1051.089;37393.398;  255.125;    0.000
1051.242;38879.398;  228.125;    0.000
1051.394;43877.398;  276.125;    0.000
1051.547;46308.398;  246.125;    0.000
1051.700;42813.398;  252.125;    0.000
1051.853;40954.398;  267.125;    0.000
1052.005;43099.398;  261.125;    0.000
1052.158;47296.398;  313.125;    0.000
1052.311;52277.398;  264.125;    0.000
1052.463;50806.398;  271.125;    0.000
1052.616;44916.398;  291.125;    0.000
1052.768;41071.398;  298.125;    0.000
1052.921;40253.398;  262.125;    0.000
1053.073;43188.398;  307.125;    0.000
1053.226;47420.398;  301.125;    0.000
1053.378;55323.398;  309.125;    0.000
1053.531;58391.398;  280.125;    0.000
1053.683;55064.398;  258.125;    0.000
1053.835;47733.398;  267.125;    0.000
1053.988;35927.398;  294.125;    0.000
1054.140; 6347.400;  292.125;    0.000
1054.292; 1581.400;  249.125;    0.000
1054.444; 1235.400;  288.125;    0.000
1054.596; 1220.400;  275.125;    0.000
1054.749; 1103.400;  284.125;    0.000
1054.901;  979.400;  291.125;    0.000
1055.053;  928.400;  274.125;    0.000
1055.205;  881.400;  313.125;    0.000
1055.357;  877.400;  309.125;    0.000
1055.509;  799.400;  283.125;    0.000
1055.661;  777.400;  341.125;    0.000
1055.813;  735.400;  288.125;    0.000
1055.965;  762.400;  300.125;    0.000
1056.116;  736.400;  296.125;    0.000
1056.268;  733.400;  319.125;    0.000
1056.420;  742.400;  298.125;    0.000

