0 527.0
1 492.0
2 511.0
3 484.0
4 499.0
5 523.0
6 486.0
7 491.0
8 512.0
9 513.0
10 507.0
11 481.0
12 485.0
13 506.0
14 470.0
15 491.0
16 484.0
17 490.0
18 501.0
19 519.0
20 501.0
21 524.0
22 475.0
23 490.0
24 491.0
25 480.0
26 488.0
27 483.0
28 493.0
29 495.0
30 452.0
31 520.0
32 443.0
33 494.0
34 479.0
35 438.0
36 456.0
37 473.0
38 473.0
39 475.0
40 465.0
41 528.0
42 500.0
43 450.0
44 467.0
45 488.0
46 460.0
47 460.0
48 453.0
49 487.0
50 422.0
51 464.0
52 464.0
53 502.0
54 467.0
55 469.0
56 460.0
57 454.0
58 485.0
59 509.0
60 468.0
61 480.0
62 451.0
63 490.0
64 376.0
65 464.0
66 436.0
67 479.0
68 433.0
69 444.0
70 454.0
71 452.0
72 465.0
73 446.0
74 444.0
75 435.0
76 440.0
77 454.0
78 453.0
79 418.0
80 431.0
81 454.0
82 445.0
83 442.0
84 425.0
85 441.0
86 427.0
87 468.0
88 465.0
89 424.0
90 394.0
91 483.0
92 430.0
93 442.0
94 442.0
95 435.0
96 479.0
97 405.0
98 425.0
99 409.0
100 445.0
101 437.0
102 466.0
103 456.0
104 452.0
105 470.0
106 428.0
107 435.0
108 430.0
109 458.0
110 415.0
111 456.0
112 457.0
113 457.0
114 429.0
115 443.0
116 422.0
117 406.0
118 450.0
119 428.0
120 413.0
121 453.0
122 419.0
123 431.0
124 480.0
125 470.0
126 410.0
127 447.0
128 411.0
129 460.0
130 439.0
131 465.0
132 459.0
133 461.0
134 428.0
135 449.0
136 426.0
137 445.0
138 452.0
139 464.0
140 462.0
141 445.0
142 416.0
143 412.0
144 444.0
145 437.0
146 430.0
147 502.0
148 414.0
149 428.0
150 442.0
151 421.0
152 463.0
153 433.0
154 476.0
155 449.0
156 426.0
157 481.0
158 436.0
159 450.0
160 406.0
161 405.0
162 432.0
163 454.0
164 443.0
165 469.0
166 406.0
167 462.0
168 445.0
169 445.0
170 468.0
171 465.0
172 403.0
173 444.0
174 420.0
175 436.0
176 450.0
177 469.0
178 456.0
179 434.0
180 418.0
181 431.0
182 448.0
183 414.0
184 461.0
185 431.0
186 401.0
187 434.0
188 415.0
189 426.0
190 427.0
191 412.0
192 433.0
193 451.0
194 433.0
195 499.0
196 442.0
197 424.0
198 417.0
199 438.0
200 447.0
201 411.0
202 476.0
203 448.0
204 445.0
205 427.0
206 409.0
207 416.0
208 444.0
209 456.0
210 491.0
211 416.0
212 454.0
213 468.0
214 436.0
215 435.0
216 438.0
217 453.0
218 418.0
219 442.0
220 461.0
221 447.0
222 412.0
223 501.0
224 445.0
225 444.0
226 405.0
227 404.0
228 498.0
229 430.0
230 468.0
231 462.0
232 424.0
233 459.0
234 469.0
235 448.0
236 431.0
237 454.0
238 401.0
239 418.0
240 450.0
241 447.0
242 427.0
243 462.0
244 445.0
245 467.0
246 453.0
247 463.0
248 459.0
249 450.0
250 457.0
251 460.0
252 447.0
253 443.0
254 437.0
255 464.0
256 464.0
257 443.0
258 447.0
259 476.0
260 390.0
261 454.0
262 439.0
263 469.0
264 430.0
265 471.0
266 461.0
267 427.0
268 444.0
269 449.0
270 471.0
271 452.0
272 457.0
273 460.0
274 458.0
275 437.0
276 422.0
277 476.0
278 428.0
279 453.0
280 412.0
281 431.0
282 458.0
283 462.0
284 436.0
285 448.0
286 467.0
287 447.0
288 459.0
289 474.0
290 444.0
291 467.0
292 375.0
293 439.0
294 487.0
295 432.0
296 449.0
297 407.0
298 445.0
299 417.0
300 422.0
301 460.0
302 467.0
303 432.0
304 468.0
305 461.0
306 432.0
307 469.0
308 462.0
309 468.0
310 420.0
311 482.0
312 456.0
313 443.0
314 446.0
315 472.0
316 459.0
317 500.0
318 465.0
319 483.0
320 418.0
321 467.0
322 438.0
323 450.0
324 449.0
325 465.0
326 455.0
327 445.0
328 479.0
329 506.0
330 464.0
331 451.0
332 450.0
333 475.0
334 491.0
335 452.0
336 499.0
337 467.0
338 459.0
339 469.0
340 454.0
341 459.0
342 493.0
343 481.0
344 418.0
345 467.0
346 425.0
347 464.0
348 446.0
349 455.0
350 473.0
351 486.0
352 466.0
353 471.0
354 435.0
355 480.0
356 407.0
357 417.0
358 475.0
359 467.0
360 440.0
361 489.0
362 466.0
363 439.0
364 435.0
365 452.0
366 486.0
367 457.0
368 483.0
369 489.0
370 438.0
371 469.0
372 438.0
373 451.0
374 454.0
375 453.0
376 482.0
377 449.0
378 483.0
379 469.0
380 436.0
381 455.0
382 470.0
383 441.0
384 426.0
385 500.0
386 453.0
387 493.0
388 474.0
389 441.0
390 456.0
391 476.0
392 464.0
393 457.0
394 488.0
395 442.0
396 436.0
397 452.0
398 486.0
399 452.0
400 461.0
401 456.0
402 466.0
403 427.0
404 452.0
405 438.0
406 438.0
407 457.0
408 451.0
409 460.0
410 441.0
411 447.0
412 466.0
413 469.0
414 450.0
415 446.0
416 439.0
417 449.0
418 434.0
419 463.0
420 459.0
421 467.0
422 430.0
423 457.0
424 453.0
425 485.0
426 483.0
427 423.0
428 450.0
429 486.0
430 450.0
431 465.0
432 451.0
433 435.0
434 477.0
435 455.0
436 462.0
437 483.0
438 457.0
439 460.0
440 439.0
441 447.0
442 461.0
443 430.0
444 482.0
445 461.0
446 381.0
447 504.0
448 477.0
449 469.0
450 480.0
451 482.0
452 470.0
453 464.0
454 430.0
455 474.0
456 455.0
457 499.0
458 470.0
459 461.0
460 453.0
461 501.0
462 495.0
463 473.0
464 450.0
465 438.0
466 470.0
467 491.0
468 496.0
469 433.0
470 463.0
471 435.0
472 495.0
473 456.0
474 436.0
475 483.0
476 471.0
477 487.0
478 448.0
479 482.0
480 479.0
481 473.0
482 477.0
483 484.0
484 485.0
485 467.0
486 456.0
487 490.0
488 464.0
489 454.0
490 485.0
491 484.0
492 459.0
493 444.0
494 469.0
495 468.0
496 512.0
497 467.0
498 460.0
499 488.0
500 416.0
501 462.0
502 491.0
503 442.0
504 444.0
505 448.0
506 483.0
507 485.0
508 463.0
509 452.0
510 472.0
511 469.0
512 464.0
513 443.0
514 466.0
515 470.0
516 442.0
517 412.0
518 455.0
519 453.0
520 427.0
521 471.0
522 460.0
523 433.0
524 452.0
525 437.0
526 409.0
527 444.0
528 430.0
529 422.0
530 492.0
531 476.0
532 470.0
533 445.0
534 439.0
535 424.0
536 452.0
537 461.0
538 438.0
539 461.0
540 438.0
541 456.0
542 440.0
543 471.0
544 450.0
545 457.0
546 436.0
547 458.0
548 463.0
549 463.0
550 484.0
551 444.0
552 471.0
553 453.0
554 463.0
555 442.0
556 444.0
557 505.0
558 470.0
559 421.0
560 485.0
561 458.0
562 460.0
563 461.0
564 446.0
565 462.0
566 433.0
567 470.0
568 424.0
569 431.0
570 437.0
571 508.0
572 457.0
573 504.0
574 415.0
575 482.0
576 452.0
577 450.0
578 486.0
579 441.0
580 447.0
581 494.0
582 419.0
583 431.0
584 482.0
585 475.0
586 463.0
587 417.0
588 419.0
589 443.0
590 405.0
591 453.0
592 448.0
593 443.0
594 477.0
595 470.0
596 456.0
597 484.0
598 491.0
599 442.0
600 467.0
601 470.0
602 434.0
603 451.0
604 449.0
605 467.0
606 443.0
607 475.0
608 511.0
609 460.0
610 471.0
611 495.0
612 407.0
613 465.0
614 428.0
615 465.0
616 507.0
617 509.0
618 476.0
619 478.0
620 458.0
621 477.0
622 464.0
623 494.0
624 511.0
625 455.0
626 524.0
627 462.0
628 475.0
629 473.0
630 455.0
631 432.0
632 435.0
633 483.0
634 468.0
635 481.0
636 456.0
637 477.0
638 469.0
639 446.0
640 474.0
641 478.0
642 476.0
643 486.0
644 473.0
645 487.0
646 489.0
647 488.0
648 497.0
649 478.0
650 483.0
651 494.0
652 498.0
653 480.0
654 457.0
655 459.0
656 515.0
657 517.0
658 472.0
659 454.0
660 455.0
661 497.0
662 476.0
663 492.0
664 477.0
665 487.0
666 436.0
667 476.0
668 472.0
669 466.0
670 461.0
671 476.0
672 492.0
673 452.0
674 471.0
675 452.0
676 468.0
677 450.0
678 444.0
679 479.0
680 452.0
681 446.0
682 493.0
683 458.0
684 477.0
685 476.0
686 503.0
687 460.0
688 447.0
689 462.0
690 464.0
691 461.0
692 490.0
693 451.0
694 457.0
695 478.0
696 464.0
697 491.0
698 487.0
699 474.0
700 459.0
701 460.0
702 449.0
703 473.0
704 465.0
705 437.0
706 456.0
707 462.0
708 466.0
709 470.0
710 456.0
711 458.0
712 479.0
713 453.0
714 475.0
715 472.0
716 487.0
717 459.0
718 424.0
719 469.0
720 450.0
721 493.0
722 495.0
723 500.0
724 492.0
725 493.0
726 446.0
727 479.0
728 470.0
729 412.0
730 464.0
731 449.0
732 437.0
733 455.0
734 474.0
735 482.0
736 418.0
737 440.0
738 461.0
739 499.0
740 443.0
741 489.0
742 510.0
743 458.0
744 481.0
745 477.0
746 478.0
747 513.0
748 461.0
749 472.0
750 432.0
751 453.0
752 480.0
753 460.0
754 478.0
755 452.0
756 472.0
757 488.0
758 442.0
759 521.0
760 472.0
761 470.0
762 428.0
763 503.0
764 454.0
765 470.0
766 451.0
767 472.0
768 447.0
769 487.0
770 503.0
771 497.0
772 510.0
773 487.0
774 491.0
775 463.0
776 464.0
777 487.0
778 491.0
779 489.0
780 497.0
781 458.0
782 507.0
783 495.0
784 474.0
785 488.0
786 483.0
787 481.0
788 507.0
789 473.0
790 446.0
791 479.0
792 492.0
793 505.0
794 494.0
795 499.0
796 473.0
797 498.0
798 512.0
799 487.0
800 507.0
801 434.0
802 433.0
803 474.0
804 501.0
805 469.0
806 483.0
807 472.0
808 435.0
809 464.0
810 444.0
811 513.0
812 456.0
813 511.0
814 466.0
815 516.0
816 474.0
817 444.0
818 475.0
819 495.0
820 484.0
821 481.0
822 434.0
823 425.0
824 473.0
825 506.0
826 476.0
827 483.0
828 478.0
829 450.0
830 465.0
831 472.0
832 467.0
833 497.0
834 487.0
835 504.0
836 484.0
837 499.0
838 478.0
839 477.0
840 476.0
841 474.0
842 495.0
843 509.0
844 438.0
845 474.0
846 455.0
847 483.0
848 486.0
849 465.0
850 483.0
851 485.0
852 485.0
853 493.0
854 478.0
855 491.0
856 448.0
857 448.0
858 478.0
859 439.0
860 465.0
861 490.0
862 460.0
863 499.0
864 473.0
865 438.0
866 467.0
867 430.0
868 497.0
869 450.0
870 479.0
871 513.0
872 479.0
873 488.0
874 487.0
875 473.0
876 472.0
877 473.0
878 454.0
879 457.0
880 522.0
881 468.0
882 438.0
883 479.0
884 472.0
885 437.0
886 448.0
887 413.0
888 467.0
889 496.0
890 476.0
891 462.0
892 498.0
893 491.0
894 454.0
895 476.0
896 437.0
897 509.0
898 519.0
899 473.0
900 460.0
901 490.0
902 476.0
903 461.0
904 524.0
905 498.0
906 499.0
907 488.0
908 468.0
909 478.0
910 457.0
911 459.0
912 466.0
913 490.0
914 541.0
915 476.0
916 463.0
917 481.0
918 497.0
919 500.0
920 448.0
921 443.0
922 450.0
923 470.0
924 498.0
925 478.0
926 497.0
927 477.0
928 481.0
929 479.0
930 489.0
931 442.0
932 478.0
933 496.0
934 483.0
935 496.0
936 461.0
937 489.0
938 490.0
939 487.0
940 402.0
941 484.0
942 434.0
943 481.0
944 513.0
945 513.0
946 478.0
947 523.0
948 444.0
949 484.0
950 488.0
951 493.0
952 459.0
953 504.0
954 454.0
955 474.0
956 466.0
957 461.0
958 466.0
959 481.0
960 501.0
961 461.0
962 492.0
963 461.0
964 514.0
965 512.0
966 486.0
967 488.0
968 464.0
969 501.0
970 486.0
971 489.0
972 492.0
973 466.0
974 480.0
975 515.0
976 480.0
977 482.0
978 457.0
979 516.0
980 519.0
981 488.0
982 483.0
983 512.0
984 502.0
985 511.0
986 496.0
987 503.0
988 516.0
989 453.0
990 487.0
991 512.0
992 497.0
993 494.0
994 502.0
995 515.0
996 462.0
997 516.0
998 505.0
999 509.0
1000 469.0
1001 555.0
1002 506.0
1003 538.0
1004 476.0
1005 484.0
1006 489.0
1007 503.0
1008 495.0
1009 502.0
1010 512.0
1011 462.0
1012 515.0
1013 471.0
1014 479.0
1015 490.0
1016 501.0
1017 505.0
1018 475.0
1019 489.0
1020 457.0
1021 492.0
1022 534.0
1023 493.0
1024 516.0
1025 488.0
1026 476.0
1027 497.0
1028 464.0
1029 488.0
1030 476.0
1031 504.0
1032 500.0
1033 466.0
1034 518.0
1035 500.0
1036 506.0
1037 522.0
1038 445.0
1039 489.0
1040 502.0
1041 491.0
1042 503.0
1043 512.0
1044 464.0
1045 475.0
1046 495.0
1047 497.0
1048 454.0
1049 486.0
1050 503.0
1051 507.0
1052 478.0
1053 503.0
1054 527.0
1055 513.0
1056 485.0
1057 507.0
1058 503.0
1059 495.0
1060 494.0
1061 508.0
1062 511.0
1063 517.0
1064 469.0
1065 477.0
1066 504.0
1067 547.0
1068 512.0
1069 482.0
1070 494.0
1071 530.0
1072 541.0
1073 490.0
1074 487.0
1075 551.0
1076 531.0
1077 484.0
1078 485.0
1079 531.0
1080 537.0
1081 509.0
1082 518.0
1083 488.0
1084 519.0
1085 504.0
1086 522.0
1087 497.0
1088 486.0
1089 553.0
1090 530.0
1091 521.0
1092 530.0
1093 505.0
1094 472.0
1095 499.0
1096 518.0
1097 513.0
1098 518.0
1099 516.0
1100 537.0
1101 515.0
1102 482.0
1103 491.0
1104 558.0
1105 550.0
1106 533.0
1107 505.0
1108 509.0
1109 509.0
1110 529.0
1111 544.0
1112 520.0
1113 496.0
1114 496.0
1115 516.0
1116 534.0
1117 518.0
1118 556.0
1119 554.0
1120 490.0
1121 517.0
1122 527.0
1123 514.0
1124 529.0
1125 525.0
1126 502.0
1127 487.0
1128 541.0
1129 508.0
1130 524.0
1131 527.0
1132 527.0
1133 510.0
1134 494.0
1135 518.0
1136 539.0
1137 523.0
1138 525.0
1139 537.0
1140 523.0
1141 547.0
1142 535.0
1143 502.0
1144 498.0
1145 547.0
1146 499.0
1147 525.0
1148 475.0
1149 561.0
1150 475.0
1151 489.0
1152 540.0
1153 505.0
1154 504.0
1155 497.0
1156 510.0
1157 542.0
1158 546.0
1159 502.0
1160 464.0
1161 529.0
1162 523.0
1163 505.0
1164 465.0
1165 546.0
1166 486.0
1167 483.0
1168 486.0
1169 528.0
1170 539.0
1171 509.0
1172 489.0
1173 521.0
1174 506.0
1175 513.0
1176 490.0
1177 542.0
1178 476.0
1179 493.0
1180 484.0
1181 499.0
1182 505.0
1183 516.0
1184 518.0
1185 506.0
1186 503.0
1187 498.0
1188 508.0
1189 533.0
1190 507.0
1191 549.0
1192 511.0
1193 564.0
1194 490.0
1195 477.0
1196 544.0
1197 495.0
1198 540.0
1199 523.0
1200 522.0
1201 516.0
1202 545.0
1203 520.0
1204 523.0
1205 507.0
1206 506.0
1207 520.0
1208 508.0
1209 527.0
1210 489.0
1211 537.0
1212 518.0
1213 506.0
1214 513.0
1215 540.0
1216 520.0
1217 505.0
1218 531.0
1219 514.0
1220 506.0
1221 524.0
1222 530.0
1223 531.0
1224 533.0
1225 513.0
1226 540.0
1227 525.0
1228 545.0
1229 572.0
1230 536.0
1231 510.0
1232 558.0
1233 522.0
1234 534.0
1235 544.0
1236 535.0
1237 541.0
1238 557.0
1239 563.0
1240 552.0
1241 549.0
1242 556.0
1243 548.0
1244 527.0
1245 498.0
1246 482.0
1247 512.0
1248 524.0
1249 527.0
1250 531.0
1251 511.0
1252 498.0
1253 524.0
1254 541.0
1255 529.0
1256 527.0
1257 525.0
1258 486.0
1259 488.0
1260 526.0
1261 507.0
1262 522.0
1263 499.0
1264 512.0
1265 499.0
1266 509.0
1267 521.0
1268 493.0
1269 536.0
1270 525.0
1271 486.0
1272 488.0
1273 500.0
1274 510.0
1275 488.0
1276 481.0
1277 508.0
1278 536.0
1279 551.0
1280 480.0
1281 508.0
1282 516.0
1283 530.0
1284 533.0
1285 494.0
1286 520.0
1287 570.0
1288 533.0
1289 478.0
1290 529.0
1291 534.0
1292 519.0
1293 536.0
1294 519.0
1295 518.0
1296 511.0
1297 515.0
1298 506.0
1299 537.0
1300 579.0
1301 509.0
1302 491.0
1303 523.0
1304 524.0
1305 517.0
1306 542.0
1307 529.0
1308 529.0
1309 472.0
1310 528.0
1311 577.0
1312 516.0
1313 504.0
1314 542.0
1315 518.0
1316 550.0
1317 506.0
1318 540.0
1319 535.0
1320 495.0
1321 489.0
1322 499.0
1323 552.0
1324 465.0
1325 531.0
1326 478.0
1327 477.0
1328 534.0
1329 494.0
1330 535.0
1331 485.0
1332 498.0
1333 535.0
1334 499.0
1335 519.0
1336 524.0
1337 497.0
1338 517.0
1339 503.0
1340 521.0
1341 530.0
1342 498.0
1343 514.0
1344 499.0
1345 544.0
1346 507.0
1347 507.0
1348 497.0
1349 499.0
1350 554.0
1351 511.0
1352 509.0
1353 512.0
1354 523.0
1355 467.0
1356 533.0
1357 518.0
1358 520.0
1359 481.0
1360 509.0
1361 492.0
1362 511.0
1363 480.0
1364 494.0
1365 496.0
1366 502.0
1367 485.0
1368 502.0
1369 523.0
1370 526.0
1371 531.0
1372 514.0
1373 521.0
1374 489.0
1375 557.0
1376 515.0
1377 485.0
1378 514.0
1379 498.0
1380 508.0
1381 519.0
1382 532.0
1383 551.0
1384 501.0
1385 562.0
1386 521.0
1387 492.0
1388 509.0
1389 516.0
1390 545.0
1391 546.0
1392 508.0
1393 554.0
1394 538.0
1395 572.0
1396 557.0
1397 560.0
1398 581.0
1399 535.0
1400 556.0
1401 534.0
1402 522.0
1403 570.0
1404 517.0
1405 584.0
1406 549.0
1407 569.0
1408 565.0
1409 538.0
1410 564.0
1411 542.0
1412 538.0
1413 528.0
1414 535.0
1415 540.0
1416 535.0
1417 555.0
1418 532.0
1419 565.0
1420 534.0
1421 529.0
1422 555.0
1423 568.0
1424 558.0
1425 549.0
1426 556.0
1427 565.0
1428 572.0
1429 571.0
1430 550.0
1431 540.0
1432 518.0
1433 552.0
1434 547.0
1435 531.0
1436 542.0
1437 529.0
1438 524.0
1439 495.0
1440 523.0
1441 537.0
1442 518.0
1443 554.0
1444 561.0
1445 537.0
1446 500.0
1447 521.0
1448 551.0
1449 524.0
1450 546.0
1451 516.0
1452 516.0
1453 503.0
1454 558.0
1455 521.0
1456 524.0
1457 550.0
1458 537.0
1459 521.0
1460 508.0
1461 514.0
1462 521.0
1463 570.0
1464 550.0
1465 550.0
1466 535.0
1467 524.0
1468 485.0
1469 551.0
1470 521.0
1471 547.0
1472 532.0
1473 540.0
1474 519.0
1475 518.0
1476 537.0
1477 514.0
1478 508.0
1479 495.0
1480 539.0
1481 538.0
1482 541.0
1483 532.0
1484 535.0
1485 509.0
1486 479.0
1487 532.0
1488 526.0
1489 537.0
1490 516.0
1491 531.0
1492 506.0
1493 537.0
1494 532.0
1495 526.0
1496 483.0
1497 509.0
1498 526.0
1499 482.0
1500 509.0
1501 545.0
1502 518.0
1503 517.0
1504 493.0
1505 544.0
1506 470.0
1507 539.0
1508 496.0
1509 540.0
1510 556.0
1511 505.0
1512 559.0
1513 534.0
1514 552.0
1515 526.0
1516 520.0
1517 523.0
1518 493.0
1519 538.0
1520 507.0
1521 490.0
1522 527.0
1523 520.0
1524 507.0
1525 483.0
1526 535.0
1527 485.0
1528 488.0
1529 497.0
1530 511.0
1531 525.0
1532 544.0
1533 546.0
1534 560.0
1535 533.0
1536 506.0
1537 530.0
1538 541.0
1539 516.0
1540 540.0
1541 489.0
1542 563.0
1543 520.0
1544 542.0
1545 544.0
1546 522.0
1547 479.0
1548 512.0
1549 521.0
1550 512.0
1551 529.0
1552 561.0
1553 558.0
1554 526.0
1555 570.0
1556 510.0
1557 498.0
1558 535.0
1559 501.0
1560 579.0
1561 541.0
1562 509.0
1563 511.0
1564 548.0
1565 539.0
1566 528.0
1567 532.0
1568 545.0
1569 518.0
1570 551.0
1571 540.0
1572 512.0
1573 542.0
1574 563.0
1575 545.0
1576 524.0
1577 520.0
1578 519.0
1579 531.0
1580 562.0
1581 524.0
1582 546.0
1583 513.0
1584 567.0
1585 503.0
1586 530.0
1587 529.0
1588 508.0
1589 507.0
1590 541.0
1591 549.0
1592 560.0
1593 526.0
1594 545.0
1595 526.0
1596 560.0
1597 538.0
1598 537.0
1599 512.0
1600 581.0
1601 540.0
1602 489.0
1603 552.0
1604 550.0
1605 504.0
1606 512.0
1607 502.0
1608 560.0
1609 533.0
1610 552.0
1611 518.0
1612 527.0
1613 518.0
1614 532.0
1615 524.0
1616 519.0
1617 517.0
1618 513.0
1619 548.0
1620 544.0
1621 559.0
1622 540.0
1623 502.0
1624 554.0
1625 550.0
1626 513.0
1627 518.0
1628 503.0
1629 591.0
1630 519.0
1631 530.0
1632 525.0
1633 557.0
1634 553.0
1635 505.0
1636 497.0
1637 536.0
1638 538.0
1639 550.0
1640 522.0
1641 512.0
1642 498.0
1643 513.0
1644 507.0
1645 509.0
1646 478.0
1647 501.0
1648 528.0
1649 503.0
1650 502.0
1651 517.0
1652 534.0
1653 554.0
1654 501.0
1655 517.0
1656 496.0
1657 531.0
1658 543.0
1659 538.0
1660 476.0
1661 488.0
1662 493.0
1663 485.0
1664 523.0
1665 496.0
1666 524.0
1667 492.0
1668 524.0
1669 505.0
1670 506.0
1671 554.0
1672 496.0
1673 510.0
1674 518.0
1675 543.0
1676 523.0
1677 536.0
1678 545.0
1679 521.0
1680 525.0
1681 509.0
1682 516.0
1683 524.0
1684 528.0
1685 490.0
1686 544.0
1687 530.0
1688 526.0
1689 532.0
1690 523.0
1691 510.0
1692 561.0
1693 545.0
1694 546.0
1695 535.0
1696 531.0
1697 544.0
1698 522.0
1699 561.0
1700 501.0
1701 529.0
1702 550.0
1703 547.0
1704 502.0
1705 530.0
1706 494.0
1707 489.0
1708 567.0
1709 541.0
1710 551.0
1711 559.0
1712 550.0
1713 491.0
1714 490.0
1715 521.0
1716 543.0
1717 549.0
1718 557.0
1719 505.0
1720 518.0
1721 565.0
1722 534.0
1723 532.0
1724 552.0
1725 537.0
1726 516.0
1727 567.0
1728 554.0
1729 540.0
1730 546.0
1731 512.0
1732 545.0
1733 535.0
1734 552.0
1735 555.0
1736 522.0
1737 580.0
1738 547.0
1739 548.0
1740 579.0
1741 577.0
1742 540.0
1743 519.0
1744 544.0
1745 537.0
1746 566.0
1747 564.0
1748 567.0
1749 572.0
1750 548.0
1751 575.0
1752 570.0
1753 549.0
1754 582.0
1755 554.0
1756 523.0
1757 525.0
1758 558.0
1759 559.0
1760 547.0
1761 545.0
1762 564.0
1763 537.0
1764 551.0
1765 563.0
1766 550.0
1767 566.0
1768 618.0
1769 599.0
1770 577.0
1771 549.0
1772 555.0
1773 495.0
1774 549.0
1775 542.0
1776 570.0
1777 563.0
1778 553.0
1779 548.0
1780 567.0
1781 523.0
1782 525.0
1783 548.0
1784 552.0
1785 545.0
1786 533.0
1787 556.0
1788 560.0
1789 526.0
1790 582.0
1791 542.0
1792 540.0
1793 572.0
1794 583.0
1795 565.0
1796 531.0
1797 562.0
1798 574.0
1799 557.0
1800 532.0
1801 537.0
1802 535.0
1803 553.0
1804 582.0
1805 532.0
1806 524.0
1807 547.0
1808 542.0
1809 547.0
1810 526.0
1811 548.0
1812 557.0
1813 561.0
1814 537.0
1815 549.0
1816 526.0
1817 586.0
1818 512.0
1819 538.0
1820 544.0
1821 529.0
1822 537.0
1823 504.0
1824 545.0
1825 510.0
1826 576.0
1827 532.0
1828 538.0
1829 514.0
1830 561.0
1831 540.0
1832 590.0
1833 537.0
1834 533.0
1835 532.0
1836 526.0
1837 543.0
1838 540.0
1839 528.0
1840 574.0
1841 571.0
1842 549.0
1843 506.0
1844 532.0
1845 555.0
1846 583.0
1847 532.0
1848 575.0
1849 546.0
1850 571.0
1851 577.0
1852 590.0
1853 561.0
1854 543.0
1855 499.0
1856 550.0
1857 533.0
1858 556.0
1859 505.0
1860 535.0
1861 533.0
1862 518.0
1863 516.0
1864 566.0
1865 579.0
1866 528.0
1867 537.0
1868 562.0
1869 567.0
1870 535.0
1871 534.0
1872 572.0
1873 549.0
1874 503.0
1875 521.0
1876 529.0
1877 510.0
1878 564.0
1879 557.0
1880 564.0
1881 564.0
1882 553.0
1883 558.0
1884 524.0
1885 576.0
1886 584.0
1887 554.0
1888 527.0
1889 520.0
1890 574.0
1891 508.0
1892 529.0
1893 527.0
1894 532.0
1895 561.0
1896 554.0
1897 522.0
1898 551.0
1899 510.0
1900 494.0
1901 563.0
1902 501.0
1903 543.0
1904 539.0
1905 517.0
1906 527.0
1907 506.0
1908 549.0
1909 553.0
1910 536.0
1911 567.0
1912 551.0
1913 540.0
1914 514.0
1915 546.0
1916 575.0
1917 491.0
1918 514.0
1919 549.0
1920 565.0
1921 523.0
1922 559.0
1923 547.0
1924 552.0
1925 522.0
1926 559.0
1927 527.0
1928 543.0
1929 570.0
1930 515.0
1931 577.0
1932 585.0
1933 569.0
1934 521.0
1935 551.0
1936 570.0
1937 554.0
1938 544.0
1939 582.0
1940 519.0
1941 557.0
1942 549.0
1943 578.0
1944 545.0
1945 569.0
1946 568.0
1947 562.0
1948 559.0
1949 576.0
1950 578.0
1951 538.0
1952 539.0
1953 557.0
1954 568.0
1955 569.0
1956 539.0
1957 545.0
1958 564.0
1959 568.0
1960 532.0
1961 531.0
1962 590.0
1963 562.0
1964 532.0
1965 554.0
1966 583.0
1967 547.0
1968 577.0
1969 572.0
1970 577.0
1971 571.0
1972 531.0
1973 542.0
1974 568.0
1975 528.0
1976 549.0
1977 589.0
1978 533.0
1979 518.0
1980 574.0
1981 564.0
1982 538.0
1983 560.0
1984 577.0
1985 565.0
1986 556.0
1987 583.0
1988 566.0
1989 568.0
1990 552.0
1991 560.0
1992 573.0
1993 541.0
1994 580.0
1995 536.0
1996 556.0
1997 552.0
1998 564.0
1999 566.0
2000 602.0
2001 548.0
2002 576.0
2003 554.0
2004 531.0
2005 585.0
2006 574.0
2007 548.0
2008 579.0
2009 533.0
2010 552.0
2011 551.0
2012 564.0
2013 569.0
2014 594.0
2015 550.0
2016 583.0
2017 566.0
2018 626.0
2019 587.0
2020 611.0
2021 573.0
2022 601.0
2023 599.0
2024 613.0
2025 591.0
2026 592.0
2027 586.0
2028 619.0
2029 608.0
2030 601.0
2031 600.0
2032 635.0
2033 623.0
2034 598.0
2035 634.0
2036 598.0
2037 577.0
2038 617.0
2039 607.0
2040 607.0
2041 627.0
2042 622.0
2043 604.0
2044 613.0
2045 595.0
2046 631.0
2047 589.0
