
Integration time [ms]:   1.000
Averaging Nr. [scans]: 1
Smoothing Nr. [pixels]: 0
Data measured with spectrometer [name]: UV2
Wave   ;Sample   ;Dark     ;Reference
[nm]   ;[counts] ;[counts] ;[counts] 

353.533;  192.750;  216.475;    0.000
353.597;  254.750;  244.475;    0.000
353.660;  193.750;  181.475;    0.000
353.723;  212.750;  203.475;    0.000
353.786;  202.750;  180.475;    0.000
353.850;  193.750;  213.475;    0.000
353.913;  164.750;  191.475;    0.000
353.976;  220.750;  195.475;    0.000
354.039;  195.750;  158.475;    0.000
354.102;  198.750;  199.475;    0.000
354.166;  208.750;  185.475;    0.000
354.229;  211.750;  188.475;    0.000
354.292;  179.750;  188.475;    0.000
354.355;  191.750;  226.475;    0.000
354.418;  168.750;  158.475;    0.000
354.481;  231.750;  185.475;    0.000
354.545;  685.750;  191.475;    0.000
354.608;  715.750;  247.475;    0.000
354.671;  723.750;  176.475;    0.000
354.734;  711.750;  198.475;    0.000
354.797;  725.750;  195.475;    0.000
354.860;  770.750;  212.475;    0.000
354.923;  717.750;  184.475;    0.000
354.986;  789.750;  169.475;    0.000
355.050;  813.750;  206.475;    0.000
355.113;  818.750;  210.475;    0.000
355.176;  898.750;  217.475;    0.000
355.239;  858.750;  201.475;    0.000
355.302;  834.750;  193.475;    0.000
355.365;  864.750;  234.475;    0.000
355.428;  884.750;  182.475;    0.000
355.491;  916.750;  233.475;    0.000
355.554;  878.750;  167.475;    0.000
355.617;  862.750;  195.475;    0.000
355.680;  891.750;  198.475;    0.000
355.743;  893.750;  186.475;    0.000
355.806;  877.750;  171.475;    0.000
355.869;  950.750;  244.475;    0.000
355.932;  888.750;  164.475;    0.000
355.995;  953.750;  220.475;    0.000
356.058;  922.750;  172.475;    0.000
356.121;  892.750;  228.475;    0.000
356.184;  952.750;  225.475;    0.000
356.247;  943.750;  161.475;    0.000
356.310;  944.750;  195.475;    0.000
356.373;  970.750;  191.475;    0.000
356.436;  949.750;  147.475;    0.000
356.498;  949.750;  183.475;    0.000
356.561;  985.750;  137.475;    0.000
356.624;  933.750;  186.475;    0.000
356.687; 1006.750;  158.475;    0.000
356.750; 1004.750;  194.475;    0.000
356.813;  948.750;  186.475;    0.000
356.876;  964.750;  161.475;    0.000
356.939;  984.750;  188.475;    0.000
357.001; 1068.750;  200.475;    0.000
357.064; 1017.750;  182.475;    0.000
357.127; 1033.750;  168.475;    0.000
357.190; 1005.750;  157.475;    0.000
357.253; 1087.750;  199.475;    0.000
357.316; 1083.750;  187.475;    0.000
357.378; 1026.750;  174.475;    0.000
357.441; 1010.750;  165.475;    0.000
357.504; 1102.750;  189.475;    0.000
357.567;  991.750;  116.475;    0.000
357.629; 1075.750;  176.475;    0.000
357.692; 1022.750;  134.475;    0.000
357.755; 1068.750;  175.475;    0.000
357.818;  972.750;  159.475;    0.000
357.880; 1099.750;  185.475;    0.000
357.943; 1037.750;  159.475;    0.000
358.006; 1118.750;  176.475;    0.000
358.069; 1097.750;  156.475;    0.000
358.131; 1103.750;  170.475;    0.000
358.194;  999.750;  125.475;    0.000
358.257; 1028.750;  186.475;    0.000
358.319; 1066.750;  139.475;    0.000
358.382; 1122.750;  175.475;    0.000
358.445; 1087.750;  170.475;    0.000
358.507; 1067.750;  129.475;    0.000
358.570; 1027.750;  168.475;    0.000
358.633; 1064.750;  152.475;    0.000
358.695; 1108.750;  194.475;    0.000
358.758; 1117.750;  154.475;    0.000
358.821; 1107.750;  147.475;    0.000
358.883; 1083.750;  163.475;    0.000
358.946; 1063.750;  155.475;    0.000
359.008; 1095.750;  208.475;    0.000
359.071; 1106.750;  182.475;    0.000
359.134; 1089.750;  126.475;    0.000
359.196; 1133.750;  142.475;    0.000
359.259; 1111.750;  138.475;    0.000
359.321; 1099.750;  153.475;    0.000
359.384; 1104.750;  186.475;    0.000
359.446; 1184.750;  152.475;    0.000
359.509; 1072.750;  144.475;    0.000
359.571; 1083.750;  164.475;    0.000
359.634; 1063.750;  171.475;    0.000
359.696; 1103.750;  144.475;    0.000
359.759; 1107.750;  171.475;    0.000
359.821; 1097.750;  161.475;    0.000
359.884; 1191.750;  159.475;    0.000
359.946; 1163.750;  186.475;    0.000
360.009; 1145.750;  171.475;    0.000
360.071; 1149.750;  166.475;    0.000
360.134; 1212.750;  215.475;    0.000
360.196; 1101.750;  138.475;    0.000
360.259; 1197.750;  196.475;    0.000
360.321; 1168.750;  148.475;    0.000
360.384; 1238.750;  150.475;    0.000
360.446; 1111.750;  148.475;    0.000
360.508; 1184.750;  172.475;    0.000
360.571; 1156.750;  155.475;    0.000
360.633; 1187.750;  153.475;    0.000
360.696; 1148.750;  142.475;    0.000
360.758; 1183.750;  165.475;    0.000
360.820; 1209.750;  155.475;    0.000
360.883; 1149.750;  156.475;    0.000
360.945; 1165.750;  171.475;    0.000
361.007; 1165.750;  138.475;    0.000
361.070; 1237.750;  129.475;    0.000
361.132; 1158.750;  166.475;    0.000
361.194; 1188.750;  143.475;    0.000
361.257; 1146.750;  154.475;    0.000
361.319; 1142.750;  176.475;    0.000
361.381; 1158.750;  143.475;    0.000
361.443; 1152.750;  136.475;    0.000
361.506; 1205.750;  160.475;    0.000
361.568; 1222.750;  140.475;    0.000
361.630; 1202.750;  159.475;    0.000
361.693; 1174.750;  162.475;    0.000
361.755; 1249.750;  185.475;    0.000
361.817; 1220.750;  209.475;    0.000
361.879; 1166.750;  161.475;    0.000
361.941; 1240.750;  152.475;    0.000
362.004; 1198.750;  132.475;    0.000
362.066; 1234.750;  159.475;    0.000
362.128; 1197.750;  143.475;    0.000
362.190; 1296.750;  131.475;    0.000
362.252; 1215.750;  131.475;    0.000
362.315; 1240.750;  175.475;    0.000
362.377; 1254.750;  140.475;    0.000
362.439; 1202.750;  140.475;    0.000
362.501; 1269.750;  140.475;    0.000
362.563; 1251.750;  152.475;    0.000
362.625; 1217.750;  174.475;    0.000
362.688; 1214.750;  195.475;    0.000
362.750; 1296.750;  221.475;    0.000
362.812; 1168.750;  171.475;    0.000
362.874; 1217.750;  117.475;    0.000
362.936; 1250.750;  162.475;    0.000
362.998; 1216.750;  142.475;    0.000
363.060; 1269.750;  143.475;    0.000
363.122; 1313.750;  148.475;    0.000
363.184; 1260.750;  179.475;    0.000
363.246; 1266.750;  186.475;    0.000
363.308; 1255.750;  180.475;    0.000
363.370; 1268.750;  200.475;    0.000
363.432; 1190.750;  139.475;    0.000
363.494; 1251.750;  138.475;    0.000
363.556; 1256.750;  114.475;    0.000
363.618; 1267.750;  153.475;    0.000
363.680; 1263.750;  153.475;    0.000
363.742; 1252.750;  178.475;    0.000
363.804; 1271.750;  214.475;    0.000
363.866; 1279.750;  170.475;    0.000
363.928; 1279.750;  145.475;    0.000
363.990; 1253.750;  215.475;    0.000
364.052; 1277.750;  166.475;    0.000
364.114; 1269.750;  168.475;    0.000
364.176; 1243.750;  176.475;    0.000
364.238; 1257.750;  203.475;    0.000
364.300; 1384.750;  158.475;    0.000
364.362; 1262.750;  152.475;    0.000
364.424; 1238.750;  119.475;    0.000
364.486; 1265.750;  187.475;    0.000
364.548; 1318.750;  180.475;    0.000
364.609; 1241.750;  212.475;    0.000
364.671; 1332.750;  165.475;    0.000
364.733; 1358.750;  190.475;    0.000
364.795; 1290.750;  148.475;    0.000
364.857; 1338.750;  159.475;    0.000
364.919; 1342.750;  159.475;    0.000
364.981; 1327.750;  191.475;    0.000
365.042; 1354.750;  170.475;    0.000
365.104; 1258.750;  145.475;    0.000
365.166; 1258.750;  134.475;    0.000
365.228; 1266.750;  150.475;    0.000
365.290; 1301.750;  158.475;    0.000
365.351; 1340.750;  168.475;    0.000
365.413; 1320.750;  173.475;    0.000
365.475; 1316.750;  172.475;    0.000
365.537; 1308.750;  126.475;    0.000
365.598; 1322.750;  160.475;    0.000
365.660; 1319.750;  127.475;    0.000
365.722; 1311.750;  189.475;    0.000
365.784; 1301.750;  161.475;    0.000
365.845; 1319.750;  152.475;    0.000
365.907; 1290.750;  117.475;    0.000
365.969; 1337.750;  146.475;    0.000
366.030; 1311.750;  171.475;    0.000
366.092; 1290.750;  155.475;    0.000
366.154; 1329.750;  137.475;    0.000
366.215; 1360.750;  147.475;    0.000
366.277; 1330.750;  148.475;    0.000
366.339; 1347.750;  158.475;    0.000
366.400; 1302.750;  140.475;    0.000
366.462; 1278.750;  159.475;    0.000
366.524; 1379.750;  160.475;    0.000
366.585; 1330.750;  157.475;    0.000
366.647; 1425.750;  170.475;    0.000
366.708; 1300.750;  123.475;    0.000
366.770; 1392.750;  194.475;    0.000
366.832; 1339.750;  191.475;    0.000
366.893; 1354.750;  155.475;    0.000
366.955; 1360.750;  132.475;    0.000
367.016; 1365.750;  126.475;    0.000
367.078; 1377.750;  202.475;    0.000
367.139; 1385.750;  116.475;    0.000
367.201; 1354.750;  134.475;    0.000
367.262; 1331.750;  157.475;    0.000
367.324; 1410.750;  202.475;    0.000
367.385; 1342.750;  118.475;    0.000
367.447; 1418.750;  155.475;    0.000
367.508; 1362.750;  134.475;    0.000
367.570; 1317.750;  165.475;    0.000
367.631; 1326.750;  118.475;    0.000
367.693; 1364.750;  170.475;    0.000
367.754; 1320.750;  154.475;    0.000
367.816; 1354.750;  146.475;    0.000
367.877; 1342.750;  175.475;    0.000
367.939; 1438.750;  200.475;    0.000
368.000; 1429.750;  168.475;    0.000
368.062; 1429.750;  138.475;    0.000
368.123; 1416.750;  170.475;    0.000
368.184; 1324.750;  188.475;    0.000
368.246; 1280.750;  145.475;    0.000
368.307; 1458.750;  163.475;    0.000
368.369; 1320.750;  144.475;    0.000
368.430; 1273.750;  140.475;    0.000
368.491; 1383.750;  133.475;    0.000
368.553; 1437.750;  145.475;    0.000
368.614; 1400.750;  158.475;    0.000
368.675; 1397.750;  147.475;    0.000
368.737; 1358.750;  157.475;    0.000
368.798; 1455.750;  163.475;    0.000
368.859; 1426.750;  173.475;    0.000
368.921; 1477.750;  122.475;    0.000
368.982; 1414.750;  184.475;    0.000
369.043; 1384.750;  169.475;    0.000
369.104; 1403.750;  142.475;    0.000
369.166; 1422.750;  169.475;    0.000
369.227; 1416.750;  156.475;    0.000
369.288; 1404.750;  151.475;    0.000
369.349; 1421.750;  191.475;    0.000
369.411; 1397.750;  168.475;    0.000
369.472; 1416.750;  155.475;    0.000
369.533; 1415.750;  149.475;    0.000
369.594; 1423.750;  174.475;    0.000
369.656; 1416.750;  188.475;    0.000
369.717; 1394.750;  113.475;    0.000
369.778; 1467.750;  184.475;    0.000
369.839; 1403.750;  151.475;    0.000
369.900; 1451.750;  180.475;    0.000
369.961; 1371.750;  171.475;    0.000
370.023; 1424.750;  143.475;    0.000
370.084; 1417.750;  137.475;    0.000
370.145; 1425.750;  152.475;    0.000
370.206; 1441.750;  151.475;    0.000
370.267; 1461.750;  134.475;    0.000
370.328; 1435.750;  178.475;    0.000
370.389; 1412.750;  181.475;    0.000
370.451; 1480.750;  169.475;    0.000
370.512; 1510.750;  172.475;    0.000
370.573; 1454.750;  148.475;    0.000
370.634; 1485.750;  156.475;    0.000
370.695; 1465.750;  151.475;    0.000
370.756; 1487.750;  185.475;    0.000
370.817; 1426.750;  185.475;    0.000
370.878; 1536.750;  191.475;    0.000
370.939; 1504.750;  147.475;    0.000
371.000; 1494.750;  162.475;    0.000
371.061; 1463.750;  145.475;    0.000
371.122; 1422.750;  179.475;    0.000
371.183; 1433.750;  114.475;    0.000
371.244; 1407.750;  180.475;    0.000
371.305; 1522.750;  138.475;    0.000
371.366; 1513.750;  157.475;    0.000
371.427; 1452.750;  148.475;    0.000
371.488; 1556.750;  138.475;    0.000
371.549; 1483.750;  193.475;    0.000
371.610; 1490.750;  158.475;    0.000
371.671; 1380.750;  119.475;    0.000
371.732; 1475.750;  159.475;    0.000
371.793; 1459.750;  178.475;    0.000
371.853; 1455.750;  155.475;    0.000
371.914; 1496.750;  148.475;    0.000
371.975; 1419.750;  124.475;    0.000
372.036; 1445.750;  158.475;    0.000
372.097; 1515.750;  136.475;    0.000
372.158; 1521.750;  116.475;    0.000
372.219; 1579.750;  157.475;    0.000
372.280; 1473.750;  151.475;    0.000
372.340; 1486.750;  190.475;    0.000
372.401; 1469.750;  151.475;    0.000
372.462; 1512.750;  129.475;    0.000
372.523; 1449.750;  121.475;    0.000
372.584; 1514.750;  152.475;    0.000
372.645; 1458.750;  132.475;    0.000
372.705; 1538.750;  190.475;    0.000
372.766; 1513.750;  153.475;    0.000
372.827; 1484.750;  133.475;    0.000
372.888; 1512.750;  161.475;    0.000
372.948; 1564.750;  159.475;    0.000
373.009; 1518.750;  164.475;    0.000
373.070; 1502.750;  139.475;    0.000
373.131; 1443.750;  137.475;    0.000
373.191; 1565.750;  181.475;    0.000
373.252; 1457.750;  154.475;    0.000
373.313; 1470.750;  179.475;    0.000
373.373; 1516.750;  136.475;    0.000
373.434; 1597.750;  169.475;    0.000
373.495; 1568.750;   97.475;    0.000
373.555; 1548.750;  142.475;    0.000
373.616; 1580.750;  178.475;    0.000
373.677; 1585.750;  167.475;    0.000
373.737; 1660.750;  139.475;    0.000
373.798; 1627.750;  155.475;    0.000
373.859; 1617.750;  162.475;    0.000
373.919; 1581.750;  174.475;    0.000
373.980; 1588.750;  172.475;    0.000
374.041; 1573.750;  166.475;    0.000
374.101; 1497.750;  172.475;    0.000
374.162; 1596.750;  188.475;    0.000
374.222; 1536.750;  186.475;    0.000
374.283; 1563.750;  195.475;    0.000
374.343; 1552.750;  204.475;    0.000
374.404; 1604.750;  187.475;    0.000
374.465; 1585.750;  183.475;    0.000
374.525; 1529.750;  136.475;    0.000
374.586; 1585.750;  140.475;    0.000
374.646; 1607.750;  191.475;    0.000
374.707; 1635.750;  208.475;    0.000
374.767; 1578.750;  178.475;    0.000
374.828; 1608.750;  159.475;    0.000
374.888; 1666.750;  143.475;    0.000
374.949; 1691.750;  202.475;    0.000
375.009; 1619.750;  151.475;    0.000
375.070; 1586.750;  160.475;    0.000
375.130; 1613.750;  160.475;    0.000
375.190; 1614.750;  164.475;    0.000
375.251; 1587.750;  196.475;    0.000
375.311; 1593.750;  154.475;    0.000
375.372; 1550.750;  197.475;    0.000
375.432; 1622.750;  159.475;    0.000
375.493; 1626.750;  197.475;    0.000
375.553; 1647.750;  165.475;    0.000
375.613; 1592.750;  174.475;    0.000
375.674; 1690.750;  165.475;    0.000
375.734; 1558.750;  128.475;    0.000
375.794; 1628.750;  169.475;    0.000
375.855; 1667.750;  193.475;    0.000
375.915; 1611.750;  162.475;    0.000
375.975; 1680.750;  181.475;    0.000
376.036; 1548.750;  161.475;    0.000
376.096; 1533.750;  131.475;    0.000
376.156; 1601.750;  165.475;    0.000
376.217; 1635.750;  182.475;    0.000
376.277; 1635.750;  185.475;    0.000
376.337; 1629.750;  177.475;    0.000
376.398; 1642.750;  162.475;    0.000
376.458; 1580.750;  179.475;    0.000
376.518; 1583.750;  150.475;    0.000
376.578; 1619.750;  165.475;    0.000
376.639; 1694.750;  159.475;    0.000
376.699; 1602.750;  180.475;    0.000
376.759; 1631.750;  206.475;    0.000
376.819; 1673.750;  146.475;    0.000
376.880; 1719.750;  177.475;    0.000
376.940; 1584.750;  160.475;    0.000
377.000; 1674.750;  149.475;    0.000
377.060; 1563.750;  180.475;    0.000
377.120; 1678.750;  146.475;    0.000
377.180; 1619.750;  137.475;    0.000
377.241; 1571.750;  163.475;    0.000
377.301; 1722.750;  169.475;    0.000
377.361; 1697.750;  137.475;    0.000
377.421; 1640.750;  184.475;    0.000
377.481; 1603.750;  185.475;    0.000
377.541; 1749.750;  146.475;    0.000
377.601; 1696.750;  179.475;    0.000
377.661; 1706.750;  181.475;    0.000
377.722; 1695.750;  185.475;    0.000
377.782; 1677.750;  147.475;    0.000
377.842; 1732.750;  190.475;    0.000
377.902; 1711.750;  166.475;    0.000
377.962; 1652.750;  153.475;    0.000
378.022; 1735.750;  163.475;    0.000
378.082; 1670.750;  146.475;    0.000
378.142; 1649.750;  152.475;    0.000
378.202; 1787.750;  164.475;    0.000
378.262; 1709.750;  195.475;    0.000
378.322; 1769.750;  190.475;    0.000
378.382; 1702.750;  152.475;    0.000
378.442; 1772.750;  175.475;    0.000
378.502; 1735.750;  153.475;    0.000
378.562; 1694.750;  142.475;    0.000
378.622; 1718.750;  166.475;    0.000
378.682; 1776.750;  173.475;    0.000
378.742; 1781.750;  182.475;    0.000
378.802; 1727.750;  145.475;    0.000
378.862; 1830.750;  210.475;    0.000
378.921; 1786.750;  182.475;    0.000
378.981; 1767.750;  185.475;    0.000
379.041; 1808.750;  130.475;    0.000
379.101; 1823.750;  177.475;    0.000
379.161; 1820.750;  166.475;    0.000
379.221; 1846.750;  162.475;    0.000
379.281; 1883.750;  167.475;    0.000
379.341; 1817.750;  136.475;    0.000
379.401; 1787.750;  145.475;    0.000
379.460; 1855.750;  176.475;    0.000
379.520; 1882.750;  162.475;    0.000
379.580; 1885.750;  144.475;    0.000
379.640; 1834.750;  163.475;    0.000
379.700; 1867.750;  157.475;    0.000
379.759; 1951.750;  165.475;    0.000
379.819; 1904.750;  190.475;    0.000
379.879; 1806.750;  143.475;    0.000
379.939; 1964.750;  188.475;    0.000
379.999; 1905.750;  141.475;    0.000
380.058; 1921.750;  169.475;    0.000
380.118; 1939.750;  158.475;    0.000
380.178; 1872.750;  114.475;    0.000
380.237; 1897.750;  157.475;    0.000
380.297; 1914.750;  177.475;    0.000
380.357; 1924.750;  189.475;    0.000
380.417; 1939.750;  182.475;    0.000
380.476; 1981.750;  178.475;    0.000
380.536; 1988.750;  189.475;    0.000
380.596; 1954.750;  183.475;    0.000
380.655; 1903.750;  195.475;    0.000
380.715; 1991.750;  170.475;    0.000
380.775; 2054.750;  170.475;    0.000
380.834; 2041.750;  179.475;    0.000
380.894; 2032.750;  188.475;    0.000
380.954; 2023.750;  142.475;    0.000
381.013; 1967.750;  178.475;    0.000
381.073; 1992.750;  164.475;    0.000
381.132; 2012.750;  192.475;    0.000
381.192; 2087.750;  187.475;    0.000
381.252; 2081.750;  176.475;    0.000
381.311; 2007.750;  206.475;    0.000
381.371; 2065.750;  167.475;    0.000
381.430; 2057.750;  131.475;    0.000
381.490; 2107.750;  150.475;    0.000
381.549; 2094.750;  129.475;    0.000
381.609; 2167.750;  178.475;    0.000
381.668; 2182.750;  194.475;    0.000
381.728; 2128.750;  210.475;    0.000
381.787; 2125.750;  190.475;    0.000
381.847; 2286.750;  181.475;    0.000
381.906; 2171.750;  156.475;    0.000
381.966; 2208.750;  176.475;    0.000
382.025; 2305.750;  186.475;    0.000
382.085; 2250.750;  192.475;    0.000
382.144; 2256.750;  173.475;    0.000
382.204; 2333.750;  207.475;    0.000
382.263; 2351.750;  193.475;    0.000
382.323; 2352.750;  164.475;    0.000
382.382; 2338.750;  161.475;    0.000
382.441; 2489.750;  199.475;    0.000
382.501; 2574.750;  208.475;    0.000
382.560; 2691.750;  173.475;    0.000
382.619; 2625.750;  179.475;    0.000
382.679; 2820.750;  177.475;    0.000
382.738; 2970.750;  190.475;    0.000
382.798; 3178.750;  213.475;    0.000
382.857; 3453.750;  195.475;    0.000
382.916; 3972.750;  184.475;    0.000
382.976; 4115.750;  169.475;    0.000
383.035; 3808.750;  194.475;    0.000
383.094; 3840.750;  185.475;    0.000
383.154; 4442.750;  198.475;    0.000
383.213; 5493.750;  147.475;    0.000
383.272; 5387.750;  175.475;    0.000
383.331; 4073.750;  122.475;    0.000
383.391; 3679.750;  185.475;    0.000
383.450; 3430.750;  160.475;    0.000
383.509; 3550.750;  168.475;    0.000
383.568; 3711.750;  196.475;    0.000
383.628; 3770.750;  156.475;    0.000
383.687; 4265.750;  171.475;    0.000
383.746; 4964.750;  155.475;    0.000
383.805; 6156.750;  201.475;    0.000
383.864; 6099.750;  125.475;    0.000
383.924; 4682.750;  213.475;    0.000
383.983; 3540.750;  188.475;    0.000
384.042; 3227.750;  162.475;    0.000
384.101; 2977.750;  183.475;    0.000
384.160; 2807.750;  155.475;    0.000
384.219; 2732.750;  155.475;    0.000
384.279; 2707.750;  189.475;    0.000
384.338; 2555.750;  156.475;    0.000
384.397; 2494.750;  148.475;    0.000
384.456; 2523.750;  154.475;    0.000
384.515; 2415.750;  160.475;    0.000
384.574; 2381.750;  223.475;    0.000
384.633; 2393.750;  133.475;    0.000
384.692; 2308.750;  163.475;    0.000
384.751; 2331.750;  186.475;    0.000
384.810; 2393.750;  187.475;    0.000
384.869; 2310.750;  172.475;    0.000
384.929; 2366.750;  153.475;    0.000
384.988; 2261.750;  174.475;    0.000
385.047; 2325.750;  154.475;    0.000
385.106; 2296.750;  164.475;    0.000
385.165; 2284.750;  151.475;    0.000
385.224; 2248.750;  147.475;    0.000
385.283; 2298.750;  176.475;    0.000
385.342; 2310.750;  142.475;    0.000
385.401; 2401.750;  175.475;    0.000
385.459; 2349.750;  150.475;    0.000
385.518; 2301.750;  124.475;    0.000
385.577; 2308.750;  115.475;    0.000
385.636; 2314.750;  174.475;    0.000
385.695; 2312.750;  158.475;    0.000
385.754; 2382.750;  150.475;    0.000
385.813; 2282.750;  129.475;    0.000
385.872; 2289.750;  146.475;    0.000
385.931; 2284.750;  194.475;    0.000
385.990; 2265.750;  174.475;    0.000
386.049; 2364.750;  176.475;    0.000
386.107; 2250.750;  151.475;    0.000
386.166; 2312.750;  178.475;    0.000
386.225; 2295.750;  162.475;    0.000
386.284; 2262.750;  180.475;    0.000
386.343; 2293.750;  171.475;    0.000
386.402; 2316.750;  176.475;    0.000
386.460; 2311.750;  144.475;    0.000
386.519; 2263.750;  140.475;    0.000
386.578; 2352.750;  145.475;    0.000
386.637; 2216.750;  164.475;    0.000
386.696; 2351.750;  189.475;    0.000
386.754; 2161.750;  135.475;    0.000
386.813; 2345.750;  139.475;    0.000
386.872; 2275.750;  121.475;    0.000
386.931; 2277.750;  153.475;    0.000
386.989; 2315.750;  211.475;    0.000
387.048; 2252.750;  156.475;    0.000
387.107; 2314.750;  210.475;    0.000
387.165; 2279.750;  129.475;    0.000
387.224; 2216.750;  205.475;    0.000
387.283; 2277.750;  130.475;    0.000
387.342; 2323.750;  171.475;    0.000
387.400; 2204.750;  156.475;    0.000
387.459; 2207.750;  141.475;    0.000
387.517; 2329.750;  219.475;    0.000
387.576; 2254.750;  166.475;    0.000
387.635; 2267.750;  136.475;    0.000
387.693; 2317.750;  191.475;    0.000
387.752; 2259.750;  165.475;    0.000
387.811; 2268.750;  158.475;    0.000
387.869; 2318.750;  204.475;    0.000
387.928; 2201.750;  149.475;    0.000
387.986; 2234.750;  156.475;    0.000
388.045; 2231.750;  123.475;    0.000
388.103; 2179.750;  150.475;    0.000
388.162; 2266.750;  173.475;    0.000
388.221; 2234.750;  143.475;    0.000
388.279; 2268.750;  129.475;    0.000
388.338; 2233.750;  212.475;    0.000
388.396; 2237.750;  150.475;    0.000
388.455; 2298.750;  167.475;    0.000
388.513; 2262.750;  116.475;    0.000
388.572; 2313.750;  181.475;    0.000
388.630; 2198.750;  187.475;    0.000
388.689; 2302.750;  180.475;    0.000
388.747; 2272.750;  154.475;    0.000
388.806; 2220.750;  161.475;    0.000
388.864; 2200.750;  167.475;    0.000
388.922; 2318.750;  184.475;    0.000
388.981; 2218.750;  169.475;    0.000
389.039; 2263.750;  102.475;    0.000
389.098; 2393.750;  183.475;    0.000
389.156; 2249.750;  182.475;    0.000
389.214; 2244.750;  173.475;    0.000
389.273; 2236.750;  167.475;    0.000
389.331; 2263.750;  170.475;    0.000
389.390; 2280.750;  150.475;    0.000
389.448; 2194.750;  156.475;    0.000
389.506; 2355.750;  149.475;    0.000
389.565; 2357.750;  162.475;    0.000
389.623; 2301.750;  188.475;    0.000
389.681; 2257.750;  204.475;    0.000
389.740; 2356.750;  187.475;    0.000
389.798; 2237.750;  153.475;    0.000
389.856; 2310.750;  214.475;    0.000
389.914; 2266.750;  177.475;    0.000
389.973; 2274.750;  189.475;    0.000
390.031; 2255.750;  178.475;    0.000
390.089; 2188.750;  163.475;    0.000
390.147; 2240.750;  170.475;    0.000
390.206; 2264.750;  183.475;    0.000
390.264; 2164.750;  161.475;    0.000
390.322; 2277.750;  148.475;    0.000
390.380; 2253.750;  138.475;    0.000
390.439; 2173.750;  194.475;    0.000
390.497; 2341.750;  170.475;    0.000
390.555; 2283.750;  165.475;    0.000
390.613; 2268.750;  177.475;    0.000
390.671; 2330.750;  170.475;    0.000
390.729; 2204.750;  158.475;    0.000
390.788; 2246.750;  162.475;    0.000
390.846; 2263.750;  161.475;    0.000
390.904; 2269.750;  197.475;    0.000
390.962; 2264.750;  212.475;    0.000
391.020; 2283.750;  224.475;    0.000
391.078; 2262.750;  184.475;    0.000
391.136; 2281.750;  191.475;    0.000
391.194; 2256.750;  187.475;    0.000
391.253; 2325.750;  197.475;    0.000
391.311; 2251.750;  185.475;    0.000
391.369; 2220.750;  207.475;    0.000
391.427; 2408.750;  222.475;    0.000
391.485; 2329.750;  184.475;    0.000
391.543; 2370.750;  203.475;    0.000
391.601; 2323.750;  151.475;    0.000
391.659; 2319.750;  176.475;    0.000
391.717; 2331.750;  190.475;    0.000
391.775; 2394.750;  159.475;    0.000
391.833; 2320.750;  186.475;    0.000
391.891; 2383.750;  154.475;    0.000
391.949; 2397.750;  181.475;    0.000
392.007; 2325.750;  190.475;    0.000
392.065; 2412.750;  182.475;    0.000
392.123; 2339.750;  158.475;    0.000
392.180; 2387.750;  198.475;    0.000
392.238; 2420.750;  191.475;    0.000
392.296; 2434.750;  164.475;    0.000
392.354; 2329.750;  172.475;    0.000
392.412; 2343.750;  194.475;    0.000
392.470; 2333.750;  154.475;    0.000
392.528; 2413.750;  172.475;    0.000
392.586; 2396.750;  179.475;    0.000
392.644; 2390.750;  173.475;    0.000
392.701; 2439.750;  202.475;    0.000
392.759; 2488.750;  180.475;    0.000
392.817; 2504.750;  181.475;    0.000
392.875; 2501.750;  168.475;    0.000
392.933; 2500.750;  161.475;    0.000
392.991; 2607.750;  216.475;    0.000
393.048; 2767.750;  197.475;    0.000
393.106; 2745.750;  199.475;    0.000
393.164; 2998.750;  173.475;    0.000
393.222; 3321.750;  179.475;    0.000
393.279; 4119.750;  209.475;    0.000
393.337; 5321.750;  185.475;    0.000
393.395; 5776.750;  174.475;    0.000
393.453; 4268.750;  181.475;    0.000
393.510; 3238.750;  188.475;    0.000
393.568; 2967.750;  191.475;    0.000
393.626; 2696.750;  151.475;    0.000
393.684; 2625.750;  208.475;    0.000
393.741; 2605.750;  179.475;    0.000
393.799; 2550.750;  149.475;    0.000
393.857; 2505.750;  136.475;    0.000
393.914; 2533.750;  190.475;    0.000
393.972; 2428.750;  155.475;    0.000
394.030; 2518.750;  170.475;    0.000
394.087; 2464.750;  213.475;    0.000
394.145; 2476.750;  191.475;    0.000
394.202; 2482.750;  188.475;    0.000
394.260; 2465.750;  168.475;    0.000
394.318; 2500.750;  176.475;    0.000
394.375; 2563.750;  159.475;    0.000
394.433; 2471.750;  168.475;    0.000
394.490; 2484.750;  163.475;    0.000
394.548; 2480.750;  163.475;    0.000
394.605; 2505.750;  181.475;    0.000
394.663; 2475.750;  180.475;    0.000
394.720; 2469.750;  193.475;    0.000
394.778; 2469.750;  168.475;    0.000
394.836; 2429.750;  128.475;    0.000
394.893; 2478.750;  151.475;    0.000
394.951; 2549.750;  173.475;    0.000
395.008; 2620.750;  201.475;    0.000
395.065; 2536.750;  139.475;    0.000
395.123; 2494.750;  173.475;    0.000
395.180; 2478.750;  144.475;    0.000
395.238; 2588.750;  135.475;    0.000
395.295; 2537.750;  167.475;    0.000
395.353; 2547.750;  150.475;    0.000
395.410; 2626.750;  165.475;    0.000
395.468; 2562.750;  223.475;    0.000
395.525; 2571.750;  156.475;    0.000
395.582; 2546.750;  178.475;    0.000
395.640; 2595.750;  178.475;    0.000
395.697; 2576.750;  173.475;    0.000
395.754; 2610.750;  154.475;    0.000
395.812; 2589.750;  169.475;    0.000
395.869; 2704.750;  196.475;    0.000
395.927; 2585.750;  190.475;    0.000
395.984; 2687.750;  195.475;    0.000
396.041; 2566.750;  160.475;    0.000
396.098; 2648.750;  161.475;    0.000
396.156; 2781.750;  187.475;    0.000
396.213; 2778.750;  200.475;    0.000
396.270; 2731.750;  160.475;    0.000
396.328; 2580.750;  113.475;    0.000
396.385; 2681.750;  165.475;    0.000
396.442; 2840.750;  168.475;    0.000
396.499; 2810.750;  117.475;    0.000
396.557; 2785.750;  203.475;    0.000
396.614; 2795.750;  155.475;    0.000
396.671; 3000.750;  187.475;    0.000
396.728; 3461.750;  169.475;    0.000
396.785; 4190.750;  167.475;    0.000
396.843; 5106.750;  154.475;    0.000
396.900; 4839.750;  172.475;    0.000
396.957; 3461.750;  176.475;    0.000
397.014; 3034.750;  193.475;    0.000
397.071; 2860.750;  170.475;    0.000
397.128; 2870.750;  172.475;    0.000
397.186; 2813.750;  205.475;    0.000
397.243; 2748.750;  163.475;    0.000
397.300; 2672.750;  193.475;    0.000
397.357; 2751.750;  166.475;    0.000
397.414; 2816.750;  149.475;    0.000
397.471; 2778.750;  157.475;    0.000
397.528; 2765.750;  180.475;    0.000
397.585; 2731.750;  203.475;    0.000
397.642; 2785.750;  156.475;    0.000
397.699; 2745.750;  229.475;    0.000
397.756; 2732.750;  185.475;    0.000
397.814; 2674.750;  191.475;    0.000
397.871; 2697.750;  170.475;    0.000
397.928; 2728.750;  191.475;    0.000
397.985; 2694.750;  183.475;    0.000
398.042; 2799.750;  161.475;    0.000
398.099; 2716.750;  192.475;    0.000
398.156; 2720.750;  176.475;    0.000
398.212; 2789.750;  170.475;    0.000
398.269; 2798.750;  158.475;    0.000
398.326; 2749.750;  175.475;    0.000
398.383; 2725.750;  177.475;    0.000
398.440; 2793.750;  169.475;    0.000
398.497; 2826.750;  184.475;    0.000
398.554; 2696.750;  196.475;    0.000
398.611; 2788.750;  198.475;    0.000
398.668; 2818.750;  135.475;    0.000
398.725; 2892.750;  181.475;    0.000
398.782; 2904.750;  195.475;    0.000
398.839; 2941.750;  179.475;    0.000
398.895; 2877.750;  188.475;    0.000
398.952; 2886.750;  176.475;    0.000
399.009; 2957.750;  183.475;    0.000
399.066; 2985.750;  190.475;    0.000
399.123; 2942.750;  174.475;    0.000
399.180; 2994.750;  191.475;    0.000
399.236; 3086.750;  217.475;    0.000
399.293; 3068.750;  154.475;    0.000
399.350; 3074.750;  210.475;    0.000
399.407; 3040.750;  202.475;    0.000
399.463; 3172.750;  162.475;    0.000
399.520; 3240.750;  207.475;    0.000
399.577; 3307.750;  174.475;    0.000
399.634; 3222.750;  170.475;    0.000
399.690; 3161.750;  186.475;    0.000
399.747; 3213.750;  218.475;    0.000
399.804; 3299.750;  200.475;    0.000
399.861; 3311.750;  190.475;    0.000
399.917; 3154.750;  218.475;    0.000
399.974; 3134.750;  200.475;    0.000
400.031; 3222.750;  200.475;    0.000
400.087; 3149.750;  153.475;    0.000
400.144; 3255.750;  188.475;    0.000
400.201; 3136.750;  198.475;    0.000
400.257; 3098.750;  205.475;    0.000
400.314; 3042.750;  183.475;    0.000
400.370; 3118.750;  227.475;    0.000
400.427; 3097.750;  177.475;    0.000
400.484; 3141.750;  202.475;    0.000
400.540; 2980.750;  173.475;    0.000
400.597; 2994.750;  212.475;    0.000
400.653; 3024.750;  182.475;    0.000
400.710; 3062.750;  201.475;    0.000
400.766; 3064.750;  188.475;    0.000
400.823; 2977.750;  205.475;    0.000
400.879; 3064.750;  165.475;    0.000
400.936; 3015.750;  180.475;    0.000
400.993; 3016.750;  181.475;    0.000
401.049; 2975.750;  147.475;    0.000
401.105; 3052.750;  205.475;    0.000
401.162; 2953.750;  197.475;    0.000
401.218; 2971.750;  177.475;    0.000
401.275; 2919.750;  183.475;    0.000
401.331; 2985.750;  198.475;    0.000
401.388; 2955.750;  209.475;    0.000
401.444; 2980.750;  211.475;    0.000
401.501; 2961.750;  185.475;    0.000
401.557; 2863.750;  190.475;    0.000
401.614; 2952.750;  172.475;    0.000
401.670; 2909.750;  185.475;    0.000
401.726; 3021.750;  196.475;    0.000
401.783; 2980.750;  187.475;    0.000
401.839; 2957.750;  192.475;    0.000
401.895; 2923.750;  173.475;    0.000
401.952; 2928.750;  145.475;    0.000
402.008; 2968.750;  197.475;    0.000
402.064; 2887.750;  146.475;    0.000
402.121; 3040.750;  197.475;    0.000
402.177; 2917.750;  173.475;    0.000
402.233; 3047.750;  185.475;    0.000
402.290; 3061.750;  175.475;    0.000
402.346; 2969.750;  164.475;    0.000
402.402; 3051.750;  173.475;    0.000
402.458; 3022.750;  183.475;    0.000
402.515; 3025.750;  147.475;    0.000
402.571; 2930.750;  210.475;    0.000
402.627; 2974.750;  181.475;    0.000
402.683; 3005.750;  177.475;    0.000
402.740; 2870.750;  162.475;    0.000
402.796; 3046.750;  178.475;    0.000
402.852; 3094.750;  138.475;    0.000
402.908; 2962.750;  181.475;    0.000
402.964; 3024.750;  151.475;    0.000
403.021; 3090.750;  170.475;    0.000
403.077; 3094.750;  204.475;    0.000
403.133; 3036.750;  144.475;    0.000
403.189; 3102.750;  207.475;    0.000
403.245; 3019.750;  184.475;    0.000
403.301; 3046.750;  170.475;    0.000
403.357; 3202.750;  201.475;    0.000
403.414; 3087.750;  205.475;    0.000
403.470; 3138.750;  170.475;    0.000
403.526; 3075.750;  135.475;    0.000
403.582; 3006.750;  180.475;    0.000
403.638; 3174.750;  185.475;    0.000
403.694; 3093.750;  169.475;    0.000
403.750; 3122.750;  210.475;    0.000
403.806; 3115.750;  210.475;    0.000
403.862; 3058.750;  219.475;    0.000
403.918; 3146.750;  191.475;    0.000
403.974; 3126.750;  193.475;    0.000
404.030; 3002.750;  154.475;    0.000
404.086; 3053.750;  170.475;    0.000
404.142; 3210.750;  194.475;    0.000
404.198; 3212.750;  224.475;    0.000
404.254; 3146.750;  177.475;    0.000
404.310; 3150.750;  204.475;    0.000
404.366; 3134.750;  170.475;    0.000
404.422; 3154.750;  172.475;    0.000
404.478; 3211.750;  153.475;    0.000
404.534; 3184.750;  159.475;    0.000
404.590; 3142.750;  203.475;    0.000
404.646; 3066.750;  164.475;    0.000
404.701; 3154.750;  141.475;    0.000
404.757; 3267.750;  195.475;    0.000
404.813; 3127.750;  152.475;    0.000
404.869; 3170.750;  174.475;    0.000
404.925; 3144.750;  167.475;    0.000
404.981; 3170.750;  175.475;    0.000
405.037; 3127.750;  170.475;    0.000
405.092; 3281.750;  155.475;    0.000
405.148; 3186.750;  160.475;    0.000
405.204; 3279.750;  158.475;    0.000
405.260; 3102.750;  128.475;    0.000
405.316; 3181.750;  168.475;    0.000
405.371; 3198.750;  162.475;    0.000
405.427; 3164.750;  187.475;    0.000
405.483; 3101.750;  214.475;    0.000
405.539; 3142.750;  163.475;    0.000
405.594; 3176.750;  191.475;    0.000
405.650; 3242.750;  124.475;    0.000
405.706; 3223.750;  188.475;    0.000
405.761; 3208.750;  204.475;    0.000
405.817; 3222.750;  150.475;    0.000
405.873; 3307.750;  152.475;    0.000
405.928; 3248.750;  135.475;    0.000
405.984; 3319.750;  209.475;    0.000
406.040; 3143.750;  165.475;    0.000
406.095; 3270.750;  146.475;    0.000
406.151; 3229.750;  169.475;    0.000
406.207; 3299.750;  174.475;    0.000
406.262; 3279.750;  189.475;    0.000
406.318; 3291.750;  141.475;    0.000
406.374; 3278.750;  178.475;    0.000
406.429; 3254.750;  197.475;    0.000
406.485; 3301.750;  194.475;    0.000
406.540; 3361.750;  149.475;    0.000
406.596; 3415.750;  173.475;    0.000
406.651; 3340.750;  154.475;    0.000
406.707; 3378.750;  183.475;    0.000
406.763; 3394.750;  156.475;    0.000
406.818; 3466.750;  181.475;    0.000
406.874; 3357.750;  135.475;    0.000
406.929; 3571.750;  194.475;    0.000
406.985; 3494.750;  166.475;    0.000
407.040; 3506.750;  207.475;    0.000
407.095; 3474.750;  213.475;    0.000
407.151; 3546.750;  198.475;    0.000
407.206; 3567.750;  186.475;    0.000
407.262; 3554.750;  148.475;    0.000
407.317; 3592.750;  212.475;    0.000
407.373; 3660.750;  209.475;    0.000
407.428; 3714.750;  218.475;    0.000
407.484; 3507.750;  158.475;    0.000
407.539; 3700.750;  165.475;    0.000
407.594; 3743.750;  197.475;    0.000
407.650; 3679.750;  177.475;    0.000
407.705; 3688.750;  154.475;    0.000
407.760; 3573.750;  198.475;    0.000
407.816; 3635.750;  181.475;    0.000
407.871; 3623.750;  185.475;    0.000
407.926; 3601.750;  167.475;    0.000
407.982; 3707.750;  172.475;    0.000
408.037; 3624.750;  202.475;    0.000
408.092; 3521.750;  201.475;    0.000
408.148; 3767.750;  199.475;    0.000
408.203; 3542.750;  174.475;    0.000
408.258; 3541.750;  157.475;    0.000
408.314; 3543.750;  194.475;    0.000
408.369; 3554.750;  189.475;    0.000
408.424; 3595.750;  204.475;    0.000
408.479; 3530.750;  192.475;    0.000
408.534; 3584.750;  215.475;    0.000
408.590; 3609.750;  190.475;    0.000
408.645; 3442.750;  159.475;    0.000
408.700; 3565.750;  191.475;    0.000
408.755; 3518.750;  217.475;    0.000
408.810; 3523.750;  158.475;    0.000
408.866; 3506.750;  166.475;    0.000
408.921; 3534.750;  214.475;    0.000
408.976; 3496.750;  158.475;    0.000
409.031; 3454.750;  185.475;    0.000
409.086; 3445.750;  158.475;    0.000
409.141; 3442.750;  180.475;    0.000
409.196; 3486.750;  188.475;    0.000
409.252; 3489.750;  186.475;    0.000
409.307; 3478.750;  135.475;    0.000
409.362; 3466.750;  162.475;    0.000
409.417; 3512.750;  149.475;    0.000
409.472; 3494.750;  205.475;    0.000
409.527; 3498.750;  184.475;    0.000
409.582; 3434.750;  174.475;    0.000
409.637; 3476.750;  188.475;    0.000
409.692; 3559.750;  211.475;    0.000
409.747; 3428.750;  159.475;    0.000
409.802; 3436.750;  199.475;    0.000
409.857; 3490.750;  118.475;    0.000
409.912; 3507.750;  177.475;    0.000
409.967; 3433.750;  182.475;    0.000
410.022; 3363.750;  188.475;    0.000
410.077; 3409.750;  204.475;    0.000
410.132; 3530.750;  174.475;    0.000
410.187; 3441.750;  169.475;    0.000
410.242; 3542.750;  178.475;    0.000
410.297; 3513.750;  185.475;    0.000
410.351; 3476.750;  203.475;    0.000
410.406; 3478.750;  180.475;    0.000
410.461; 3530.750;  213.475;    0.000
410.516; 3578.750;  198.475;    0.000
410.571; 3562.750;  171.475;    0.000
410.626; 3487.750;  186.475;    0.000
410.681; 3402.750;  187.475;    0.000
410.736; 3498.750;  147.475;    0.000
410.790; 3504.750;  186.475;    0.000
410.845; 3352.750;  152.475;    0.000
410.900; 3487.750;  202.475;    0.000
410.955; 3496.750;  196.475;    0.000
411.010; 3538.750;  150.475;    0.000
411.064; 3439.750;  200.475;    0.000
411.119; 3561.750;  203.475;    0.000
411.174; 3535.750;  176.475;    0.000
411.229; 3379.750;  203.475;    0.000
411.283; 3468.750;  176.475;    0.000
411.338; 3529.750;  153.475;    0.000
411.393; 3464.750;  168.475;    0.000
411.447; 3449.750;  223.475;    0.000
411.502; 3565.750;  238.475;    0.000
411.557; 3475.750;  179.475;    0.000
411.612; 3390.750;  159.475;    0.000
411.666; 3577.750;  189.475;    0.000
411.721; 3504.750;  212.475;    0.000
411.776; 3538.750;  242.475;    0.000
411.830; 3427.750;  194.475;    0.000
411.885; 3454.750;  188.475;    0.000
411.939; 3474.750;  245.475;    0.000
411.994; 3525.750;  177.475;    0.000
412.049; 3524.750;  170.475;    0.000
412.103; 3543.750;  196.475;    0.000
412.158; 3590.750;  215.475;    0.000
412.212; 3352.750;  199.475;    0.000
412.267; 3458.750;  191.475;    0.000
412.322; 3595.750;  238.475;    0.000
412.376; 3431.750;  243.475;    0.000
412.431; 3590.750;  214.475;    0.000
412.485; 3507.750;  210.475;    0.000
412.540; 3372.750;  200.475;    0.000
412.594; 3489.750;  174.475;    0.000
412.649; 3447.750;  246.475;    0.000
412.703; 3398.750;  182.475;    0.000
412.758; 3465.750;  222.475;    0.000
412.812; 3385.750;  201.475;    0.000
412.866; 3434.750;  162.475;    0.000
412.921; 3385.750;  202.475;    0.000
412.975; 3526.750;  212.475;    0.000
413.030; 3392.750;  238.475;    0.000
413.084; 3424.750;  201.475;    0.000
413.139; 3462.750;  210.475;    0.000
413.193; 3448.750;  218.475;    0.000
413.247; 3520.750;  203.475;    0.000
413.302; 3607.750;  176.475;    0.000
413.356; 3429.750;  215.475;    0.000
413.410; 3382.750;  204.475;    0.000
413.465; 3451.750;  186.475;    0.000
413.519; 3367.750;  196.475;    0.000
413.573; 3453.750;  181.475;    0.000
413.628; 3510.750;  200.475;    0.000
413.682; 3430.750;  157.475;    0.000
413.736; 3369.750;  194.475;    0.000
413.791; 3461.750;  193.475;    0.000
413.845; 3362.750;  225.475;    0.000
413.899; 3372.750;  195.475;    0.000
413.953; 3442.750;  173.475;    0.000
414.008; 3336.750;  186.475;    0.000
414.062; 3430.750;  217.475;    0.000
414.116; 3330.750;  169.475;    0.000
414.170; 3497.750;  228.475;    0.000
414.225; 3468.750;  177.475;    0.000
414.279; 3515.750;  210.475;    0.000
414.333; 3418.750;  207.475;    0.000
414.387; 3514.750;  217.475;    0.000
414.441; 3406.750;  187.475;    0.000
414.496; 3459.750;  215.475;    0.000
414.550; 3443.750;  204.475;    0.000
414.604; 3468.750;  206.475;    0.000
414.658; 3342.750;  139.475;    0.000
414.712; 3512.750;  198.475;    0.000
414.766; 3441.750;  208.475;    0.000
414.820; 3495.750;  199.475;    0.000
414.874; 3539.750;  216.475;    0.000
414.928; 3466.750;  186.475;    0.000
414.982; 3421.750;  176.475;    0.000
415.037; 3450.750;  181.475;    0.000
415.091; 3543.750;  208.475;    0.000
415.145; 3449.750;  209.475;    0.000
415.199; 3456.750;  186.475;    0.000
415.253; 3444.750;  203.475;    0.000
415.307; 3442.750;  197.475;    0.000
415.361; 3479.750;  223.475;    0.000
415.415; 3492.750;  213.475;    0.000
415.469; 3459.750;  226.475;    0.000
415.523; 3437.750;  222.475;    0.000
415.577; 3428.750;  205.475;    0.000
415.631; 3335.750;  224.475;    0.000
415.684; 3523.750;  193.475;    0.000
415.738; 3399.750;  224.475;    0.000
415.792; 3384.750;  204.475;    0.000
415.846; 3523.750;  189.475;    0.000
415.900; 3453.750;  223.475;    0.000
415.954; 3495.750;  187.475;    0.000
416.008; 3423.750;  237.475;    0.000
416.062; 3329.750;  195.475;    0.000
416.116; 3349.750;  223.475;    0.000
416.169; 3392.750;  210.475;    0.000
416.223; 3399.750;  232.475;    0.000
416.277; 3439.750;  227.475;    0.000
416.331; 3398.750;  216.475;    0.000
416.385; 3396.750;  186.475;    0.000
416.439; 3361.750;  226.475;    0.000
416.492; 3341.750;  229.475;    0.000
416.546; 3453.750;  216.475;    0.000
416.600; 3342.750;  211.475;    0.000
416.654; 3383.750;  226.475;    0.000
416.707; 3404.750;  248.475;    0.000
416.761; 3422.750;  217.475;    0.000
416.815; 3530.750;  207.475;    0.000
416.869; 3388.750;  226.475;    0.000
416.922; 3357.750;  192.475;    0.000
416.976; 3417.750;  205.475;    0.000
417.030; 3418.750;  233.475;    0.000
417.083; 3352.750;  226.475;    0.000
417.137; 3389.750;  222.475;    0.000
417.191; 3394.750;  217.475;    0.000
417.244; 3458.750;  221.475;    0.000
417.298; 3424.750;  201.475;    0.000
417.352; 3409.750;  170.475;    0.000
417.405; 3360.750;  234.475;    0.000
417.459; 3444.750;  241.475;    0.000
417.512; 3384.750;  247.475;    0.000
417.566; 3313.750;  219.475;    0.000
417.620; 3316.750;  228.475;    0.000
417.673; 3385.750;  192.475;    0.000
417.727; 3447.750;  203.475;    0.000
417.780; 3353.750;  204.475;    0.000
417.834; 3316.750;  234.475;    0.000
417.887; 3403.750;  245.475;    0.000
417.941; 3414.750;  211.475;    0.000
417.994; 3391.750;  244.475;    0.000
418.048; 3382.750;  203.475;    0.000
418.101; 3353.750;  212.475;    0.000
418.155; 3445.750;  251.475;    0.000
418.208; 3444.750;  286.475;    0.000
418.262; 3435.750;  243.475;    0.000
418.315; 3290.750;  214.475;    0.000
418.369; 3486.750;  269.475;    0.000
418.422; 3500.750;  222.475;    0.000
418.476; 3547.750;  226.475;    0.000
418.529; 3393.750;  238.475;    0.000
418.582; 3412.750;  210.475;    0.000
418.636; 3426.750;  221.475;    0.000
418.689; 3471.750;  224.475;    0.000
418.743; 3511.750;  228.475;    0.000
418.796; 3374.750;  192.475;    0.000
418.849; 3355.750;  230.475;    0.000
418.903; 3468.750;  257.475;    0.000
418.956; 3523.750;  241.475;    0.000
419.009; 3483.750;  247.475;    0.000
419.063; 3402.750;  235.475;    0.000
419.116; 3465.750;  218.475;    0.000
419.169; 3421.750;  219.475;    0.000
419.222; 3431.750;  215.475;    0.000
419.276; 3385.750;  202.475;    0.000
419.329; 3376.750;  210.475;    0.000
419.382; 3368.750;  188.475;    0.000
419.435; 3352.750;  222.475;    0.000
419.489; 3465.750;  232.475;    0.000
419.542; 3348.750;  250.475;    0.000
419.595; 3405.750;  240.475;    0.000
419.648; 3327.750;  261.475;    0.000
419.701; 3333.750;  222.475;    0.000
419.755; 3410.750;  233.475;    0.000
419.808; 3391.750;  178.475;    0.000
419.861; 3328.750;  207.475;    0.000
419.914; 3377.750;  223.475;    0.000
419.967; 3362.750;  216.475;    0.000
420.020; 3294.750;  211.475;    0.000
420.073; 3409.750;  200.475;    0.000
420.127; 3255.750;  248.475;    0.000
420.180; 3378.750;  220.475;    0.000
420.233; 3364.750;  215.475;    0.000
420.286; 3436.750;  222.475;    0.000
420.339; 3264.750;  229.475;    0.000
420.392; 3307.750;  245.475;    0.000
420.445; 3322.750;  221.475;    0.000
420.498; 3323.750;  224.475;    0.000
420.551; 3253.750;  170.475;    0.000
420.604; 3243.750;  237.475;    0.000
420.657; 3199.750;  235.475;    0.000
420.710; 3270.750;  223.475;    0.000
420.763; 3171.750;  219.475;    0.000
420.816; 3208.750;  200.475;    0.000
420.869; 3243.750;  197.475;    0.000
420.922; 3225.750;  212.475;    0.000
420.975; 3262.750;  274.475;    0.000
421.028; 3187.750;  228.475;    0.000
421.081; 3265.750;  243.475;    0.000
421.134; 3183.750;  227.475;    0.000
421.187; 3244.750;  245.475;    0.000
421.239; 3214.750;  210.475;    0.000
421.292; 3203.750;  193.475;    0.000
421.345; 3198.750;  226.475;    0.000
421.398; 3271.750;  226.475;    0.000
421.451; 3301.750;  259.475;    0.000
421.504; 3260.750;  204.475;    0.000
421.557; 3181.750;  215.475;    0.000
421.609; 3180.750;  194.475;    0.000
421.662; 3253.750;  216.475;    0.000
421.715; 3208.750;  226.475;    0.000
421.768; 3247.750;  177.475;    0.000
421.821; 3194.750;  210.475;    0.000
421.873; 3185.750;  208.475;    0.000
421.926; 3218.750;  223.475;    0.000
421.979; 3269.750;  230.475;    0.000
422.032; 3135.750;  227.475;    0.000
422.084; 3112.750;  234.475;    0.000
422.137; 3212.750;  207.475;    0.000
422.190; 3146.750;  228.475;    0.000
422.243; 3166.750;  206.475;    0.000
422.295; 3199.750;  236.475;    0.000
422.348; 3253.750;  232.475;    0.000
422.401; 3221.750;  228.475;    0.000
422.453; 3190.750;  239.475;    0.000
422.506; 3236.750;  226.475;    0.000
422.559; 3355.750;  205.475;    0.000
422.611; 3464.750;  235.475;    0.000
422.664; 3948.750;  231.475;    0.000
422.716; 4196.750;  228.475;    0.000
422.769; 3715.750;  204.475;    0.000
422.822; 3367.750;  205.475;    0.000
422.874; 3171.750;  228.475;    0.000
422.927; 3313.750;  266.475;    0.000
422.979; 3229.750;  223.475;    0.000
423.032; 3219.750;  207.475;    0.000
423.084; 3243.750;  211.475;    0.000
423.137; 3201.750;  205.475;    0.000
423.189; 3108.750;  254.475;    0.000
423.242; 3156.750;  208.475;    0.000
423.294; 3275.750;  240.475;    0.000
423.347; 3219.750;  218.475;    0.000
423.399; 3124.750;  237.475;    0.000
423.452; 3121.750;  242.475;    0.000
423.504; 3109.750;  225.475;    0.000
423.557; 3169.750;  195.475;    0.000
423.609; 3155.750;  206.475;    0.000
423.662; 3203.750;  211.475;    0.000
423.714; 3132.750;  252.475;    0.000
423.766; 3140.750;  181.475;    0.000
423.819; 3130.750;  216.475;    0.000
423.871; 3157.750;  216.475;    0.000
423.923; 3213.750;  222.475;    0.000
423.976; 3129.750;  223.475;    0.000
424.028; 3077.750;  229.475;    0.000
424.081; 3152.750;  267.475;    0.000
424.133; 3184.750;  251.475;    0.000
424.185; 3042.750;  238.475;    0.000
424.238; 3208.750;  220.475;    0.000
424.290; 3066.750;  259.475;    0.000
424.342; 3153.750;  248.475;    0.000
424.394; 3065.750;  234.475;    0.000
424.447; 3152.750;  248.475;    0.000
424.499; 3057.750;  233.475;    0.000
424.551; 3062.750;  236.475;    0.000
424.603; 3076.750;  207.475;    0.000
424.656; 3136.750;  210.475;    0.000
424.708; 3083.750;  251.475;    0.000
424.760; 3096.750;  221.475;    0.000
424.812; 3152.750;  275.475;    0.000
424.864; 3107.750;  206.475;    0.000
424.917; 3045.750;  198.475;    0.000
424.969; 3087.750;  246.475;    0.000
425.021; 3119.750;  209.475;    0.000
425.073; 3175.750;  242.475;    0.000
425.125; 3077.750;  254.475;    0.000
425.177; 3058.750;  224.475;    0.000
425.229; 3059.750;  256.475;    0.000
425.282; 3059.750;  265.475;    0.000
425.334; 3113.750;  266.475;    0.000
425.386; 3042.750;  242.475;    0.000
425.438; 3044.750;  205.475;    0.000
425.490; 2981.750;  227.475;    0.000
425.542; 3107.750;  235.475;    0.000
425.594; 3100.750;  210.475;    0.000
425.646; 3034.750;  232.475;    0.000
425.698; 2893.750;  243.475;    0.000
425.750; 3038.750;  230.475;    0.000
425.802; 3087.750;  218.475;    0.000
425.854; 3059.750;  222.475;    0.000
425.906; 3070.750;  235.475;    0.000
425.958; 3014.750;  220.475;    0.000
426.010; 2966.750;  236.475;    0.000
426.062; 3019.750;  230.475;    0.000
426.114; 2941.750;  216.475;    0.000
426.166; 3034.750;  230.475;    0.000
426.218; 2972.750;  237.475;    0.000
426.270; 2904.750;  217.475;    0.000
426.321; 2967.750;  224.475;    0.000
426.373; 2974.750;  207.475;    0.000
426.425; 3108.750;  278.475;    0.000
426.477; 2949.750;  243.475;    0.000
426.529; 2995.750;  247.475;    0.000
426.581; 3013.750;  229.475;    0.000
426.633; 2982.750;  212.475;    0.000
426.684; 2967.750;  244.475;    0.000
426.736; 2986.750;  250.475;    0.000
426.788; 2909.750;  210.475;    0.000
426.840; 2948.750;  201.475;    0.000
426.892; 2920.750;  225.475;    0.000
426.943; 2975.750;  215.475;    0.000
426.995; 2868.750;  216.475;    0.000
427.047; 2922.750;  216.475;    0.000
427.099; 2963.750;  203.475;    0.000
427.150; 2931.750;  195.475;    0.000
427.202; 2983.750;  212.475;    0.000
427.254; 2845.750;  233.475;    0.000
427.306; 2850.750;  211.475;    0.000
427.357; 2897.750;  210.475;    0.000
427.409; 2963.750;  244.475;    0.000
427.461; 2795.750;  187.475;    0.000
427.512; 2928.750;  227.475;    0.000
427.564; 2762.750;  210.475;    0.000
427.616; 2836.750;  202.475;    0.000
427.667; 2867.750;  185.475;    0.000
427.719; 2883.750;  222.475;    0.000
427.770; 2857.750;  230.475;    0.000
427.822; 2974.750;  254.475;    0.000
427.874; 2825.750;  222.475;    0.000
427.925; 2937.750;  199.475;    0.000
427.977; 2857.750;  228.475;    0.000
428.028; 2888.750;  226.475;    0.000
428.080; 2788.750;  236.475;    0.000
428.131; 2838.750;  220.475;    0.000
428.183; 2792.750;  256.475;    0.000
428.234; 2854.750;  217.475;    0.000
428.286; 2873.750;  234.475;    0.000
428.337; 2863.750;  209.475;    0.000
428.389; 2908.750;  219.475;    0.000
428.440; 2835.750;  249.475;    0.000
428.492; 2852.750;  255.475;    0.000
428.543; 2840.750;  224.475;    0.000
428.595; 2791.750;  225.475;    0.000
428.646; 2815.750;  240.475;    0.000
428.697; 2799.750;  211.475;    0.000
428.749; 2741.750;  200.475;    0.000
428.800; 2901.750;  235.475;    0.000
428.852; 2843.750;  265.475;    0.000
428.903; 2879.750;  201.475;    0.000
428.954; 2907.750;  242.475;    0.000
429.006; 2812.750;  245.475;    0.000
429.057; 2838.750;  252.475;    0.000
429.108; 2841.750;  211.475;    0.000
429.160; 2807.750;  217.475;    0.000
429.211; 2847.750;  234.475;    0.000
429.262; 2745.750;  205.475;    0.000
429.314; 2734.750;  211.475;    0.000
429.365; 2704.750;  240.475;    0.000
429.416; 2797.750;  263.475;    0.000
429.467; 2829.750;  244.475;    0.000
429.519; 2764.750;  223.475;    0.000
429.570; 2692.750;  214.475;    0.000
429.621; 2765.750;  235.475;    0.000
429.672; 2706.750;  202.475;    0.000
429.724; 2766.750;  189.475;    0.000
429.775; 2833.750;  214.475;    0.000
429.826; 2809.750;  178.475;    0.000
429.877; 2728.750;  224.475;    0.000
429.928; 2860.750;  230.475;    0.000
429.980; 2706.750;  199.475;    0.000
430.031; 2792.750;  208.475;    0.000
430.082; 2696.750;  224.475;    0.000
430.133; 2785.750;  193.475;    0.000
430.184; 2855.750;  220.475;    0.000
430.235; 2784.750;  184.475;    0.000
430.286; 2925.750;  197.475;    0.000
430.337; 2775.750;  199.475;    0.000
430.388; 2746.750;  207.475;    0.000
430.439; 2735.750;  227.475;    0.000
430.490; 2741.750;  215.475;    0.000
430.542; 2674.750;  211.475;    0.000
430.593; 2761.750;  230.475;    0.000
430.644; 2710.750;  186.475;    0.000
430.695; 2675.750;  232.475;    0.000
430.746; 2746.750;  214.475;    0.000
430.797; 2808.750;  260.475;    0.000
430.848; 2744.750;  214.475;    0.000
430.898; 2658.750;  204.475;    0.000
430.949; 2737.750;  189.475;    0.000
431.000; 2700.750;  240.475;    0.000
431.051; 2743.750;  201.475;    0.000
431.102; 2689.750;  188.475;    0.000
431.153; 2766.750;  209.475;    0.000
431.204; 2702.750;  187.475;    0.000
431.255; 2745.750;  171.475;    0.000
431.306; 2717.750;  181.475;    0.000
431.357; 2750.750;  221.475;    0.000
431.408; 2698.750;  217.475;    0.000
431.458; 2818.750;  206.475;    0.000
431.509; 2712.750;  194.475;    0.000
431.560; 2780.750;  235.475;    0.000
431.611; 2712.750;  213.475;    0.000
431.662; 2714.750;  237.475;    0.000
431.713; 2708.750;  220.475;    0.000
431.763; 2705.750;  212.475;    0.000
431.814; 2675.750;  238.475;    0.000
431.865; 2825.750;  213.475;    0.000
431.916; 2716.750;  191.475;    0.000
431.966; 2681.750;  171.475;    0.000
432.017; 2662.750;  263.475;    0.000
432.068; 2695.750;  240.475;    0.000
432.118; 2758.750;  235.475;    0.000
432.169; 2715.750;  212.475;    0.000
432.220; 2774.750;  188.475;    0.000
432.271; 2720.750;  216.475;    0.000
432.321; 2735.750;  223.475;    0.000
432.372; 2714.750;  254.475;    0.000
432.423; 2665.750;  193.475;    0.000
432.473; 2738.750;  219.475;    0.000
432.524; 2765.750;  215.475;    0.000
432.574; 2757.750;  234.475;    0.000
432.625; 2724.750;  226.475;    0.000
432.676; 2688.750;  219.475;    0.000
432.726; 2716.750;  254.475;    0.000
432.777; 2736.750;  210.475;    0.000
432.827; 2722.750;  234.475;    0.000
432.878; 2615.750;  212.475;    0.000
432.928; 2763.750;  238.475;    0.000
432.979; 2759.750;  252.475;    0.000
433.029; 2623.750;  222.475;    0.000
433.080; 2712.750;  188.475;    0.000
433.130; 2713.750;  223.475;    0.000
433.181; 2681.750;  254.475;    0.000
433.231; 2757.750;  237.475;    0.000
433.282; 2635.750;  242.475;    0.000
433.332; 2767.750;  261.475;    0.000
433.383; 2740.750;  266.475;    0.000
433.433; 2730.750;  286.475;    0.000
433.484; 2674.750;  231.475;    0.000
433.534; 2687.750;  256.475;    0.000
433.585; 2747.750;  253.475;    0.000
433.635; 2765.750;  228.475;    0.000
433.685; 2718.750;  226.475;    0.000
433.736; 2664.750;  276.475;    0.000
433.786; 2691.750;  253.475;    0.000
433.836; 2655.750;  289.475;    0.000
433.887; 2706.750;  241.475;    0.000
433.937; 2772.750;  252.475;    0.000
433.987; 2661.750;  223.475;    0.000
434.038; 2765.750;  241.475;    0.000
434.088; 2747.750;  231.475;    0.000
434.138; 2738.750;  259.475;    0.000
434.189; 2677.750;  263.475;    0.000
434.239; 2688.750;  194.475;    0.000
434.289; 2776.750;  273.475;    0.000
434.339; 2771.750;  212.475;    0.000
434.389; 2700.750;  248.475;    0.000
434.440; 2784.750;  250.475;    0.000
434.490; 2807.750;  278.475;    0.000
434.540; 2859.750;  241.475;    0.000
434.590; 2719.750;  251.475;    0.000
434.640; 2757.750;  207.475;    0.000
434.691; 2839.750;  242.475;    0.000
434.741; 2757.750;  218.475;    0.000
434.791; 2807.750;  267.475;    0.000
434.841; 2761.750;  272.475;    0.000
434.891; 2832.750;  260.475;    0.000
434.941; 2755.750;  258.475;    0.000
434.991; 2876.750;  264.475;    0.000
435.042; 2797.750;  264.475;    0.000
435.092; 2764.750;  271.475;    0.000
435.142; 2725.750;  229.475;    0.000
435.192; 2657.750;  226.475;    0.000
435.242; 2797.750;  253.475;    0.000
435.292; 2718.750;  215.475;    0.000
435.342; 2805.750;  240.475;    0.000
435.392; 2796.750;  235.475;    0.000
435.442; 2692.750;  230.475;    0.000
435.492; 2750.750;  235.475;    0.000
435.542; 2690.750;  230.475;    0.000
435.592; 2698.750;  239.475;    0.000
435.642; 2645.750;  244.475;    0.000
435.692; 2641.750;  236.475;    0.000
435.742; 2680.750;  236.475;    0.000
435.792; 2706.750;  230.475;    0.000
435.842; 2672.750;  248.475;    0.000
435.891; 2548.750;  233.475;    0.000
435.941; 2588.750;  243.475;    0.000
435.991; 2659.750;  279.475;    0.000
436.041; 2606.750;  204.475;    0.000
436.091; 2659.750;  217.475;    0.000
436.141; 2579.750;  205.475;    0.000
436.191; 2581.750;  220.475;    0.000
436.241; 2647.750;  248.475;    0.000
436.290; 2618.750;  255.475;    0.000
436.340; 2507.750;  235.475;    0.000
436.390; 2585.750;  207.475;    0.000
436.440; 2606.750;  207.475;    0.000
436.490; 2587.750;  251.475;    0.000
436.539; 2676.750;  240.475;    0.000
436.589; 2593.750;  198.475;    0.000
436.639; 2608.750;  240.475;    0.000
436.689; 2580.750;  216.475;    0.000
436.738; 2633.750;  246.475;    0.000
436.788; 2597.750;  203.475;    0.000
436.838; 2536.750;  230.475;    0.000
436.887; 2577.750;  235.475;    0.000
436.937; 2635.750;  249.475;    0.000
436.987; 2434.750;  208.475;    0.000
437.036; 2556.750;  232.475;    0.000
437.086; 2433.750;  238.475;    0.000
437.136; 2504.750;  228.475;    0.000
437.185; 2505.750;  219.475;    0.000
437.235; 2558.750;  227.475;    0.000
437.285; 2549.750;  241.475;    0.000
437.334; 2458.750;  216.475;    0.000
437.384; 2539.750;  243.475;    0.000
437.433; 2540.750;  214.475;    0.000
437.483; 2540.750;  246.475;    0.000
437.532; 2562.750;  261.475;    0.000
437.582; 2502.750;  205.475;    0.000
437.631; 2555.750;  218.475;    0.000
437.681; 2445.750;  240.475;    0.000
437.730; 2469.750;  258.475;    0.000
437.780; 2526.750;  237.475;    0.000
437.829; 2522.750;  209.475;    0.000
437.879; 2463.750;  214.475;    0.000
437.928; 2446.750;  223.475;    0.000
437.978; 2482.750;  220.475;    0.000
438.027; 2464.750;  239.475;    0.000
438.077; 2520.750;  231.475;    0.000
438.126; 2431.750;  266.475;    0.000
438.176; 2472.750;  234.475;    0.000
438.225; 2468.750;  237.475;    0.000
438.274; 2507.750;  234.475;    0.000
438.324; 2517.750;  244.475;    0.000
438.373; 2415.750;  232.475;    0.000
438.422; 2545.750;  218.475;    0.000
438.472; 2427.750;  221.475;    0.000
438.521; 2419.750;  190.475;    0.000
438.570; 2460.750;  243.475;    0.000
438.620; 2479.750;  255.475;    0.000
438.669; 2520.750;  210.475;    0.000
438.718; 2453.750;  237.475;    0.000
438.768; 2421.750;  220.475;    0.000
438.817; 2549.750;  218.475;    0.000
438.866; 2471.750;  198.475;    0.000
438.915; 2545.750;  256.475;    0.000
438.965; 2496.750;  221.475;    0.000
439.014; 2486.750;  255.475;    0.000
439.063; 2566.750;  276.475;    0.000
439.112; 2537.750;  220.475;    0.000
439.162; 2536.750;  253.475;    0.000
439.211; 2507.750;  247.475;    0.000
439.260; 2438.750;  220.475;    0.000
439.309; 2466.750;  235.475;    0.000
439.358; 2426.750;  205.475;    0.000
439.407; 2435.750;  207.475;    0.000
439.456; 2561.750;  216.475;    0.000
439.506; 2508.750;  245.475;    0.000
439.555; 2448.750;  264.475;    0.000
439.604; 2466.750;  227.475;    0.000
439.653; 2443.750;  220.475;    0.000
439.702; 2426.750;  223.475;    0.000
439.751; 2457.750;  197.475;    0.000
439.800; 2487.750;  207.475;    0.000
439.849; 2472.750;  238.475;    0.000
439.898; 2439.750;  209.475;    0.000
439.947; 2476.750;  170.475;    0.000
439.996; 2434.750;  233.475;    0.000
440.045; 2435.750;  222.475;    0.000
440.094; 2483.750;  240.475;    0.000
440.143; 2517.750;  249.475;    0.000
440.192; 2551.750;  252.475;    0.000
440.241; 2524.750;  239.475;    0.000
440.290; 2479.750;  234.475;    0.000
440.339; 2441.750;  241.475;    0.000
440.388; 2520.750;  239.475;    0.000
440.437; 2439.750;  231.475;    0.000
440.486; 2539.750;  254.475;    0.000
440.535; 2577.750;  266.475;    0.000
440.583; 2600.750;  205.475;    0.000
440.632; 2493.750;  234.475;    0.000
440.681; 2549.750;  218.475;    0.000
440.730; 2593.750;  248.475;    0.000
440.779; 2448.750;  246.475;    0.000
440.828; 2589.750;  235.475;    0.000
440.876; 2582.750;  218.475;    0.000
440.925; 2512.750;  228.475;    0.000
440.974; 2568.750;  249.475;    0.000
441.023; 2537.750;  192.475;    0.000
441.072; 2556.750;  226.475;    0.000
441.120; 2582.750;  238.475;    0.000
441.169; 2665.750;  255.475;    0.000
441.218; 2685.750;  233.475;    0.000
441.267; 2582.750;  231.475;    0.000
441.315; 2629.750;  214.475;    0.000
441.364; 2656.750;  250.475;    0.000
441.413; 2588.750;  228.475;    0.000
441.461; 2566.750;  209.475;    0.000
441.510; 2710.750;  260.475;    0.000
441.559; 2644.750;  230.475;    0.000
441.607; 2627.750;  220.475;    0.000
441.656; 2669.750;  251.475;    0.000
441.705; 2700.750;  237.475;    0.000
441.753; 2658.750;  257.475;    0.000
441.802; 2735.750;  256.475;    0.000
441.850; 2555.750;  253.475;    0.000
441.899; 2710.750;  212.475;    0.000
441.948; 2725.750;  251.475;    0.000
441.996; 2578.750;  239.475;    0.000
442.045; 2639.750;  223.475;    0.000
442.093; 2617.750;  211.475;    0.000
442.142; 2606.750;  235.475;    0.000
442.190; 2600.750;  254.475;    0.000
442.239; 2654.750;  226.475;    0.000
442.287; 2623.750;  242.475;    0.000
442.336; 2646.750;  256.475;    0.000
442.384; 2478.750;  252.475;    0.000
442.433; 2647.750;  262.475;    0.000
442.481; 2656.750;  246.475;    0.000
442.529; 2657.750;  290.475;    0.000
442.578; 2740.750;  247.475;    0.000
442.626; 2586.750;  247.475;    0.000
442.675; 2667.750;  272.475;    0.000
442.723; 2681.750;  230.475;    0.000
442.771; 2710.750;  234.475;    0.000
442.820; 2715.750;  224.475;    0.000
442.868; 2688.750;  246.475;    0.000
442.917; 2689.750;  249.475;    0.000
442.965; 2610.750;  260.475;    0.000
443.013; 2696.750;  258.475;    0.000
443.062; 2667.750;  259.475;    0.000
443.110; 2683.750;  226.475;    0.000
443.158; 2658.750;  213.475;    0.000
443.206; 2710.750;  201.475;    0.000
443.255; 2785.750;  280.475;    0.000
443.303; 2697.750;  292.475;    0.000
443.351; 2687.750;  256.475;    0.000
443.399; 2724.750;  215.475;    0.000
443.448; 2782.750;  243.475;    0.000
443.496; 2806.750;  249.475;    0.000
443.544; 2792.750;  231.475;    0.000
443.592; 2769.750;  243.475;    0.000
443.640; 2757.750;  252.475;    0.000
443.689; 2660.750;  220.475;    0.000
443.737; 2748.750;  231.475;    0.000
443.785; 2775.750;  256.475;    0.000
443.833; 2702.750;  268.475;    0.000
443.881; 2742.750;  181.475;    0.000
443.929; 2795.750;  245.475;    0.000
443.977; 2737.750;  278.475;    0.000
444.025; 2723.750;  245.475;    0.000
444.074; 2818.750;  233.475;    0.000
444.122; 2860.750;  267.475;    0.000
444.170; 2783.750;  247.475;    0.000
444.218; 2768.750;  246.475;    0.000
444.266; 2783.750;  275.475;    0.000
444.314; 2836.750;  263.475;    0.000
444.362; 2889.750;  240.475;    0.000
444.410; 2867.750;  220.475;    0.000
444.458; 2919.750;  258.475;    0.000
444.506; 2817.750;  258.475;    0.000
444.554; 2899.750;  224.475;    0.000
444.602; 2962.750;  245.475;    0.000
444.650; 2917.750;  261.475;    0.000
444.698; 2893.750;  232.475;    0.000
444.746; 2898.750;  206.475;    0.000
444.793; 2923.750;  249.475;    0.000
444.841; 2976.750;  261.475;    0.000
444.889; 2944.750;  221.475;    0.000
444.937; 2816.750;  215.475;    0.000
444.985; 2854.750;  244.475;    0.000
445.033; 2929.750;  211.475;    0.000
445.081; 2951.750;  225.475;    0.000
445.129; 2851.750;  217.475;    0.000
445.176; 2807.750;  196.475;    0.000
445.224; 2854.750;  211.475;    0.000
445.272; 2872.750;  242.475;    0.000
445.320; 2813.750;  225.475;    0.000
445.368; 2921.750;  249.475;    0.000
445.415; 2939.750;  243.475;    0.000
445.463; 2978.750;  242.475;    0.000
445.511; 3033.750;  248.475;    0.000
445.559; 2986.750;  219.475;    0.000
445.606; 2998.750;  221.475;    0.000
445.654; 2891.750;  202.475;    0.000
445.702; 2930.750;  210.475;    0.000
445.749; 2992.750;  249.475;    0.000
445.797; 2926.750;  206.475;    0.000
445.845; 2832.750;  213.475;    0.000
445.892; 2859.750;  224.475;    0.000
445.940; 2856.750;  214.475;    0.000
445.988; 2905.750;  247.475;    0.000
446.035; 2900.750;  204.475;    0.000
446.083; 2943.750;  235.475;    0.000
446.130; 2833.750;  195.475;    0.000
446.178; 2907.750;  236.475;    0.000
446.226; 2832.750;  218.475;    0.000
446.273; 2967.750;  215.475;    0.000
446.321; 2857.750;  222.475;    0.000
446.368; 2960.750;  228.475;    0.000
446.416; 2937.750;  223.475;    0.000
446.463; 3089.750;  220.475;    0.000
446.511; 2981.750;  198.475;    0.000
446.558; 2994.750;  208.475;    0.000
446.606; 3103.750;  253.475;    0.000
446.653; 3066.750;  198.475;    0.000
446.701; 3124.750;  231.475;    0.000
446.748; 3006.750;  224.475;    0.000
446.796; 3016.750;  201.475;    0.000
446.843; 3051.750;  257.475;    0.000
446.891; 3156.750;  218.475;    0.000
446.938; 3225.750;  232.475;    0.000
446.985; 3152.750;  229.475;    0.000
447.033; 3211.750;  251.475;    0.000
447.080; 3145.750;  257.475;    0.000
447.128; 3217.750;  232.475;    0.000
447.175; 3338.750;  269.475;    0.000
447.222; 3285.750;  185.475;    0.000
447.270; 3377.750;  264.475;    0.000
447.317; 3364.750;  225.475;    0.000
447.364; 3332.750;  243.475;    0.000
447.411; 3546.750;  263.475;    0.000
447.459; 3400.750;  257.475;    0.000
447.506; 3514.750;  175.475;    0.000
447.553; 3535.750;  203.475;    0.000
447.601; 3649.750;  238.475;    0.000
447.648; 3740.750;  244.475;    0.000
447.695; 3713.750;  249.475;    0.000
447.742; 3796.750;  234.475;    0.000
447.789; 3883.750;  228.475;    0.000
447.837; 3932.750;  258.475;    0.000
447.884; 4049.750;  243.475;    0.000
447.931; 4100.750;  235.475;    0.000
447.978; 4127.750;  224.475;    0.000
448.025; 4237.750;  245.475;    0.000
448.072; 4313.750;  212.475;    0.000
448.120; 4322.750;  256.475;    0.000
448.167; 4331.750;  240.475;    0.000
448.214; 4219.750;  247.475;    0.000
448.261; 4086.750;  245.475;    0.000
448.308; 4046.750;  273.475;    0.000
448.355; 3944.750;  257.475;    0.000
448.402; 3819.750;  259.475;    0.000
448.449; 3661.750;  238.475;    0.000
448.496; 3758.750;  245.475;    0.000
448.543; 3568.750;  217.475;    0.000
448.590; 3595.750;  269.475;    0.000
448.637; 3587.750;  250.475;    0.000
448.684; 3432.750;  250.475;    0.000
448.731; 3384.750;  235.475;    0.000
448.778; 3359.750;  265.475;    0.000
448.825; 3249.750;  257.475;    0.000
448.872; 3223.750;  234.475;    0.000
448.919; 3127.750;  216.475;    0.000
448.966; 3217.750;  274.475;    0.000
449.013; 3121.750;  263.475;    0.000
449.060; 3230.750;  247.475;    0.000
449.107; 3019.750;  218.475;    0.000
449.154; 3083.750;  225.475;    0.000
449.200; 2964.750;  212.475;    0.000
449.247; 3012.750;  242.475;    0.000
449.294; 2994.750;  228.475;    0.000
449.341; 2987.750;  232.475;    0.000
449.388; 2993.750;  247.475;    0.000
449.435; 2915.750;  227.475;    0.000
449.481; 2901.750;  270.475;    0.000
449.528; 2884.750;  265.475;    0.000
449.575; 2857.750;  255.475;    0.000
449.622; 2880.750;  210.475;    0.000
449.668; 2799.750;  234.475;    0.000
449.715; 2874.750;  262.475;    0.000
449.762; 2809.750;  247.475;    0.000
449.809; 2810.750;  286.475;    0.000
449.855; 2787.750;  246.475;    0.000
449.902; 2745.750;  224.475;    0.000
449.949; 2766.750;  244.475;    0.000
449.995; 2810.750;  274.475;    0.000
450.042; 2636.750;  272.475;    0.000
450.089; 2743.750;  274.475;    0.000
450.135; 2764.750;  285.475;    0.000
450.182; 2760.750;  251.475;    0.000
450.229; 2704.750;  242.475;    0.000
450.275; 2701.750;  277.475;    0.000
450.322; 2691.750;  260.475;    0.000
450.368; 2733.750;  257.475;    0.000
450.415; 2615.750;  276.475;    0.000
450.462; 2675.750;  298.475;    0.000
450.508; 2628.750;  255.475;    0.000
450.555; 2675.750;  271.475;    0.000
450.601; 2660.750;  281.475;    0.000
450.648; 2647.750;  249.475;    0.000
450.694; 2665.750;  270.475;    0.000
450.741; 2633.750;  256.475;    0.000
450.787; 2615.750;  292.475;    0.000
450.834; 2547.750;  221.475;    0.000
450.880; 2587.750;  265.475;    0.000
450.927; 2658.750;  242.475;    0.000
450.973; 2614.750;  259.475;    0.000
451.019; 2523.750;  221.475;    0.000
451.066; 2539.750;  257.475;    0.000
451.112; 2619.750;  251.475;    0.000
451.159; 2568.750;  278.475;    0.000
451.205; 2526.750;  274.475;    0.000
451.251; 2533.750;  281.475;    0.000
451.298; 2539.750;  273.475;    0.000
451.344; 2589.750;  246.475;    0.000
451.390; 2583.750;  286.475;    0.000
451.437; 2612.750;  268.475;    0.000
451.483; 2502.750;  315.475;    0.000
451.529; 2523.750;  251.475;    0.000
451.576; 2542.750;  306.475;    0.000
451.622; 2449.750;  234.475;    0.000
451.668; 2597.750;  243.475;    0.000
451.714; 2532.750;  256.475;    0.000
451.761; 2463.750;  264.475;    0.000
451.807; 2518.750;  284.475;    0.000
451.853; 2480.750;  282.475;    0.000
451.899; 2432.750;  240.475;    0.000
451.945; 2475.750;  263.475;    0.000
451.992; 2459.750;  255.475;    0.000
452.038; 2442.750;  273.475;    0.000
452.084; 2539.750;  274.475;    0.000
452.130; 2507.750;  261.475;    0.000
452.176; 2421.750;  246.475;    0.000
452.222; 2495.750;  238.475;    0.000
452.268; 2496.750;  267.475;    0.000
452.315; 2477.750;  274.475;    0.000
452.361; 2481.750;  241.475;    0.000
452.407; 2424.750;  274.475;    0.000
452.453; 2433.750;  260.475;    0.000
452.499; 2365.750;  232.475;    0.000
452.545; 2446.750;  252.475;    0.000
452.591; 2416.750;  263.475;    0.000
452.637; 2349.750;  208.475;    0.000
452.683; 2440.750;  237.475;    0.000
452.729; 2420.750;  263.475;    0.000
452.775; 2440.750;  291.475;    0.000
452.821; 2369.750;  238.475;    0.000
452.867; 2374.750;  223.475;    0.000
452.913; 2409.750;  257.475;    0.000
452.959; 2387.750;  238.475;    0.000
453.005; 2429.750;  252.475;    0.000
453.051; 2412.750;  260.475;    0.000
453.097; 2374.750;  268.475;    0.000
453.142; 2398.750;  231.475;    0.000
453.188; 2393.750;  266.475;    0.000
453.234; 2398.750;  233.475;    0.000
453.280; 2389.750;  219.475;    0.000
453.326; 2438.750;  265.475;    0.000
453.372; 2244.750;  238.475;    0.000
453.418; 2314.750;  240.475;    0.000
453.463; 2350.750;  219.475;    0.000
453.509; 2306.750;  264.475;    0.000
453.555; 2388.750;  247.475;    0.000
453.601; 2283.750;  230.475;    0.000
453.647; 2394.750;  285.475;    0.000
453.692; 2400.750;  240.475;    0.000
453.738; 2322.750;  233.475;    0.000
453.784; 2371.750;  230.475;    0.000
453.829; 2411.750;  246.475;    0.000
453.875; 2312.750;  261.475;    0.000
453.921; 2323.750;  203.475;    0.000
453.967; 2272.750;  241.475;    0.000
454.012; 2233.750;  250.475;    0.000
454.058; 2399.750;  252.475;    0.000
454.104; 2375.750;  239.475;    0.000
454.149; 2325.750;  250.475;    0.000
454.195; 2331.750;  243.475;    0.000
454.240; 2338.750;  252.475;    0.000
454.286; 2317.750;  245.475;    0.000
454.332; 2337.750;  286.475;    0.000
454.377; 2340.750;  254.475;    0.000
454.423; 2249.750;  246.475;    0.000
454.468; 2402.750;  235.475;    0.000
454.514; 2320.750;  231.475;    0.000
454.559; 2356.750;  246.475;    0.000
454.605; 2351.750;  204.475;    0.000
454.650; 2318.750;  272.475;    0.000
454.696; 2358.750;  222.475;    0.000
454.741; 2299.750;  290.475;    0.000
454.787; 2311.750;  262.475;    0.000
454.832; 2341.750;  227.475;    0.000
454.878; 2368.750;  241.475;    0.000
454.923; 2322.750;  272.475;    0.000
454.969; 2329.750;  290.475;    0.000
455.014; 2299.750;  278.475;    0.000
455.060; 2314.750;  246.475;    0.000
455.105; 2305.750;  231.475;    0.000
455.150; 2346.750;  265.475;    0.000
455.196; 2298.750;  266.475;    0.000
455.241; 2363.750;  258.475;    0.000
455.286; 2222.750;  266.475;    0.000
455.332; 2268.750;  252.475;    0.000
455.377; 2220.750;  219.475;    0.000
455.422; 2362.750;  262.475;    0.000
455.468; 2417.750;  260.475;    0.000
455.513; 2242.750;  212.475;    0.000
455.558; 2303.750;  197.475;    0.000
455.604; 2271.750;  262.475;    0.000
455.649; 2260.750;  238.475;    0.000
455.694; 2300.750;  221.475;    0.000
455.739; 2274.750;  251.475;    0.000
455.785; 2331.750;  287.475;    0.000
455.830; 2201.750;  284.475;    0.000
455.875; 2317.750;  234.475;    0.000
455.920; 2295.750;  215.475;    0.000
455.965; 2254.750;  256.475;    0.000
456.010; 2237.750;  266.475;    0.000
456.056; 2250.750;  263.475;    0.000
456.101; 2266.750;  240.475;    0.000
456.146; 2319.750;  258.475;    0.000
456.191; 2294.750;  241.475;    0.000
456.236; 2252.750;  252.475;    0.000
456.281; 2250.750;  218.475;    0.000
456.326; 2308.750;  251.475;    0.000
456.371; 2273.750;  256.475;    0.000
456.416; 2398.750;  301.475;    0.000
456.461; 2267.750;  233.475;    0.000
456.507; 2248.750;  218.475;    0.000
456.552; 2263.750;  278.475;    0.000
456.597; 2316.750;  223.475;    0.000
456.642; 2296.750;  203.475;    0.000
456.687; 2273.750;  245.475;    0.000
456.732; 2371.750;  256.475;    0.000
456.776; 2305.750;  244.475;    0.000
456.821; 2311.750;  276.475;    0.000
456.866; 2357.750;  232.475;    0.000
456.911; 2226.750;  225.475;    0.000
456.956; 2321.750;  237.475;    0.000
457.001; 2282.750;  261.475;    0.000
457.046; 2319.750;  205.475;    0.000
457.091; 2298.750;  241.475;    0.000
457.136; 2236.750;  217.475;    0.000
457.181; 2270.750;  251.475;    0.000
457.225; 2308.750;  241.475;    0.000
457.270; 2303.750;  237.475;    0.000
457.315; 2292.750;  279.475;    0.000
457.360; 2307.750;  245.475;    0.000
457.405; 2270.750;  202.475;    0.000
457.450; 2257.750;  247.475;    0.000
457.494; 2267.750;  243.475;    0.000
457.539; 2395.750;  222.475;    0.000
457.584; 2353.750;  239.475;    0.000
457.629; 2362.750;  236.475;    0.000
457.673; 2308.750;  234.475;    0.000
457.718; 2329.750;  202.475;    0.000
457.763; 2315.750;  274.475;    0.000
457.807; 2276.750;  236.475;    0.000
457.852; 2372.750;  265.475;    0.000
457.897; 2397.750;  252.475;    0.000
457.941; 2312.750;  264.475;    0.000
457.986; 2369.750;  280.475;    0.000
458.031; 2295.750;  217.475;    0.000
458.075; 2301.750;  249.475;    0.000
458.120; 2336.750;  257.475;    0.000
458.165; 2303.750;  183.475;    0.000
458.209; 2340.750;  245.475;    0.000
458.254; 2345.750;  245.475;    0.000
458.298; 2448.750;  265.475;    0.000
458.343; 2297.750;  241.475;    0.000
458.387; 2431.750;  262.475;    0.000
458.432; 2359.750;  245.475;    0.000
458.476; 2394.750;  255.475;    0.000
458.521; 2399.750;  269.475;    0.000
458.565; 2402.750;  265.475;    0.000
458.610; 2343.750;  222.475;    0.000
458.654; 2425.750;  257.475;    0.000
458.699; 2530.750;  296.475;    0.000
458.743; 2391.750;  203.475;    0.000
458.788; 2426.750;  267.475;    0.000
458.832; 2523.750;  274.475;    0.000
458.877; 2476.750;  251.475;    0.000
458.921; 2522.750;  237.475;    0.000
458.965; 2455.750;  264.475;    0.000
459.010; 2500.750;  256.475;    0.000
459.054; 2539.750;  280.475;    0.000
459.099; 2523.750;  240.475;    0.000
459.143; 2510.750;  287.475;    0.000
459.187; 2503.750;  257.475;    0.000
459.231; 2643.750;  273.475;    0.000
459.276; 2517.750;  231.475;    0.000
459.320; 2499.750;  261.475;    0.000
459.364; 2512.750;  278.475;    0.000
459.409; 2541.750;  249.475;    0.000
459.453; 2561.750;  235.475;    0.000
459.497; 2658.750;  262.475;    0.000
459.541; 2543.750;  269.475;    0.000
459.586; 2499.750;  240.475;    0.000
459.630; 2580.750;  261.475;    0.000
459.674; 2578.750;  276.475;    0.000
459.718; 2514.750;  236.475;    0.000
459.762; 2541.750;  263.475;    0.000
459.807; 2559.750;  263.475;    0.000
459.851; 2561.750;  225.475;    0.000
459.895; 2590.750;  247.475;    0.000
459.939; 2526.750;  231.475;    0.000
459.983; 2546.750;  242.475;    0.000
460.027; 2623.750;  248.475;    0.000
460.071; 2670.750;  273.475;    0.000
460.115; 2668.750;  282.475;    0.000
460.159; 2666.750;  264.475;    0.000
460.204; 2662.750;  288.475;    0.000
460.248; 2685.750;  293.475;    0.000
460.292; 2658.750;  277.475;    0.000
460.336; 2697.750;  250.475;    0.000
460.380; 2610.750;  275.475;    0.000
460.424; 2604.750;  243.475;    0.000
460.468; 2628.750;  277.475;    0.000
460.512; 2660.750;  261.475;    0.000
460.556; 2640.750;  266.475;    0.000
460.599; 2640.750;  246.475;    0.000
460.643; 2631.750;  256.475;    0.000
460.687; 2699.750;  257.475;    0.000
460.731; 2651.750;  235.475;    0.000
460.775; 2723.750;  278.475;    0.000
460.819; 2697.750;  268.475;    0.000
460.863; 2757.750;  257.475;    0.000
460.907; 2619.750;  213.475;    0.000
460.951; 2685.750;  274.475;    0.000
460.995; 2659.750;  258.475;    0.000
461.038; 2622.750;  219.475;    0.000
461.082; 2640.750;  253.475;    0.000
461.126; 2755.750;  281.475;    0.000
461.170; 2718.750;  244.475;    0.000
461.214; 2611.750;  262.475;    0.000
461.257; 2642.750;  284.475;    0.000
461.301; 2749.750;  275.475;    0.000
461.345; 2709.750;  267.475;    0.000
461.389; 2740.750;  255.475;    0.000
461.432; 2715.750;  282.475;    0.000
461.476; 2672.750;  263.475;    0.000
461.520; 2674.750;  260.475;    0.000
461.563; 2714.750;  278.475;    0.000
461.607; 2645.750;  236.475;    0.000
461.651; 2633.750;  262.475;    0.000
461.694; 2681.750;  236.475;    0.000
461.738; 2722.750;  295.475;    0.000
461.782; 2720.750;  252.475;    0.000
461.825; 2660.750;  271.475;    0.000
461.869; 2738.750;  278.475;    0.000
461.913; 2806.750;  255.475;    0.000
461.956; 2780.750;  254.475;    0.000
462.000; 2775.750;  299.475;    0.000
462.043; 2779.750;  282.475;    0.000
462.087; 2746.750;  274.475;    0.000
462.130; 2742.750;  270.475;    0.000
462.174; 2845.750;  274.475;    0.000
462.217; 2847.750;  272.475;    0.000
462.261; 2717.750;  286.475;    0.000
462.304; 2780.750;  236.475;    0.000
462.348; 2748.750;  262.475;    0.000
462.391; 2848.750;  244.475;    0.000
462.435; 2803.750;  321.475;    0.000
462.478; 2700.750;  230.475;    0.000
462.522; 2783.750;  245.475;    0.000
462.565; 2923.750;  278.475;    0.000
462.608; 2981.750;  303.475;    0.000
462.652; 2961.750;  275.475;    0.000
462.695; 2977.750;  314.475;    0.000
462.739; 2915.750;  307.475;    0.000
462.782; 2983.750;  286.475;    0.000
462.825; 2982.750;  312.475;    0.000
462.869; 2996.750;  338.475;    0.000
462.912; 2930.750;  304.475;    0.000
462.955; 2991.750;  288.475;    0.000
462.998; 3011.750;  292.475;    0.000
463.042; 3060.750;  309.475;    0.000
463.085; 3067.750;  292.475;    0.000
463.128; 2996.750;  317.475;    0.000
463.172; 2887.750;  287.475;    0.000
463.215;  405.750;  313.475;    0.000
463.258;  335.750;  295.475;    0.000
463.301;  285.750;  275.475;    0.000
463.344;  311.750;  311.475;    0.000
463.388;  345.750;  296.475;    0.000
463.431;  310.750;  277.475;    0.000
463.474;  345.750;  364.475;    0.000
463.517;  298.750;  306.475;    0.000
463.560;  343.750;  308.475;    0.000
463.603;  356.750;  343.475;    0.000
463.646;  304.750;  309.475;    0.000
463.690;  276.750;  309.475;    0.000
463.733;  336.750;  320.475;    0.000
463.776;  277.750;  299.475;    0.000
463.819;  337.750;  320.475;    0.000
463.862;  295.750;  283.475;    0.000

