
Integration time [ms]:   0.300
Averaging Nr. [scans]: 1
Smoothing Nr. [pixels]: 0
Data measured with spectrometer [name]: VIS
Wave   ;Sample   ;Dark     ;Reference
[nm]   ;[counts] ;[counts] ;[counts] 

450.961;  248.025;  204.350;    0.000
451.100;  257.025;  243.350;    0.000
451.239;  249.025;  228.350;    0.000
451.377;  254.025;  250.350;    0.000
451.516;  214.025;  189.350;    0.000
451.655;  247.025;  235.350;    0.000
451.794;  213.025;  223.350;    0.000
451.932;  257.025;  269.350;    0.000
452.071;  246.025;  250.350;    0.000
452.210;  230.025;  262.350;    0.000
452.348;  274.025;  259.350;    0.000
452.487;  249.025;  231.350;    0.000
452.626;  249.025;  220.350;    0.000
452.764;  256.025;  252.350;    0.000
452.903;  238.025;  236.350;    0.000
453.042;  246.025;  217.350;    0.000
453.180;  985.025;  273.350;    0.000
453.319; 1117.025;  261.350;    0.000
453.458; 1089.025;  219.350;    0.000
453.596; 1100.025;  307.350;    0.000
453.735; 1112.025;  246.350;    0.000
453.873; 1071.025;  270.350;    0.000
454.012; 1089.025;  232.350;    0.000
454.150; 1079.025;  211.350;    0.000
454.289; 1155.025;  245.350;    0.000
454.427; 1115.025;  224.350;    0.000
454.566; 1142.025;  252.350;    0.000
454.704; 1115.025;  225.350;    0.000
454.843; 1070.025;  195.350;    0.000
454.981; 1146.025;  258.350;    0.000
455.120; 1096.025;  191.350;    0.000
455.258; 1178.025;  243.350;    0.000
455.397; 1090.025;  188.350;    0.000
455.535; 1266.025;  219.350;    0.000
455.674; 1114.025;  184.350;    0.000
455.812; 1175.025;  225.350;    0.000
455.951; 1118.025;  201.350;    0.000
456.089; 1306.025;  187.350;    0.000
456.227; 1136.025;  199.350;    0.000
456.366; 1142.025;  235.350;    0.000
456.504; 1158.025;  216.350;    0.000
456.642; 1344.025;  256.350;    0.000
456.781; 1152.025;  201.350;    0.000
456.919; 1223.025;  231.350;    0.000
457.057; 1304.025;  181.350;    0.000
457.196; 1198.025;  231.350;    0.000
457.334; 1213.025;  229.350;    0.000
457.472; 1251.025;  242.350;    0.000
457.610; 1260.025;  221.350;    0.000
457.749; 1345.025;  218.350;    0.000
457.887; 1232.025;  213.350;    0.000
458.025; 1365.025;  228.350;    0.000
458.163; 1414.025;  204.350;    0.000
458.301; 1465.025;  230.350;    0.000
458.440; 1413.025;  200.350;    0.000
458.578; 1579.025;  222.350;    0.000
458.716; 1393.025;  137.350;    0.000
458.854; 1412.025;  259.350;    0.000
458.992; 1513.025;  172.350;    0.000
459.130; 1417.025;  253.350;    0.000
459.269; 1430.025;  212.350;    0.000
459.407; 1521.025;  212.350;    0.000
459.545; 1485.025;  225.350;    0.000
459.683; 1501.025;  225.350;    0.000
459.821; 1539.025;  192.350;    0.000
459.959; 1536.025;  205.350;    0.000
460.097; 1509.025;  199.350;    0.000
460.235; 1463.025;  232.350;    0.000
460.373; 1475.025;  248.350;    0.000
460.511; 1506.025;  225.350;    0.000
460.649; 1563.025;  204.350;    0.000
460.787; 1485.025;  221.350;    0.000
460.925; 1634.025;  181.350;    0.000
461.063; 1632.025;  243.350;    0.000
461.201; 1526.025;  212.350;    0.000
461.339; 1748.025;  229.350;    0.000
461.477; 1517.025;  162.350;    0.000
461.615; 1604.025;  232.350;    0.000
461.753; 1617.025;  193.350;    0.000
461.891; 1612.025;  217.350;    0.000
462.029; 1639.025;  224.350;    0.000
462.166; 1673.025;  222.350;    0.000
462.304; 1583.025;  185.350;    0.000
462.442; 1741.025;  246.350;    0.000
462.580; 1633.025;  246.350;    0.000
462.718; 1654.025;  235.350;    0.000
462.856; 1603.025;  230.350;    0.000
462.993; 1516.025;  266.350;    0.000
463.131; 1533.025;  208.350;    0.000
463.269; 1509.025;  218.350;    0.000
463.407; 1598.025;  215.350;    0.000
463.545; 1602.025;  200.350;    0.000
463.682; 1621.025;  206.350;    0.000
463.820; 1611.025;  211.350;    0.000
463.958; 1705.025;  206.350;    0.000
464.095; 1786.025;  193.350;    0.000
464.233; 1822.025;  203.350;    0.000
464.371; 1755.025;  258.350;    0.000
464.509; 1800.025;  219.350;    0.000
464.646; 1831.025;  210.350;    0.000
464.784; 1856.025;  206.350;    0.000
464.921; 1896.025;  233.350;    0.000
465.059; 1730.025;  186.350;    0.000
465.197; 1765.025;  213.350;    0.000
465.334; 1666.025;  202.350;    0.000
465.472; 1723.025;  236.350;    0.000
465.609; 1733.025;  206.350;    0.000
465.747; 1784.025;  208.350;    0.000
465.885; 1719.025;  198.350;    0.000
466.022; 1736.025;  210.350;    0.000
466.160; 1726.025;  245.350;    0.000
466.297; 1819.025;  226.350;    0.000
466.435; 1791.025;  235.350;    0.000
466.572; 1722.025;  226.350;    0.000
466.710; 1785.025;  266.350;    0.000
466.847; 1776.025;  258.350;    0.000
466.985; 1810.025;  228.350;    0.000
467.122; 1734.025;  201.350;    0.000
467.260; 1624.025;  170.350;    0.000
467.397; 1635.025;  174.350;    0.000
467.534; 1763.025;  244.350;    0.000
467.672; 1732.025;  247.350;    0.000
467.809; 1658.025;  182.350;    0.000
467.947; 1869.025;  208.350;    0.000
468.084; 1808.025;  206.350;    0.000
468.221; 1832.025;  249.350;    0.000
468.359; 1783.025;  253.350;    0.000
468.496; 1620.025;  208.350;    0.000
468.633; 1637.025;  189.350;    0.000
468.771; 1847.025;  216.350;    0.000
468.908; 1713.025;  240.350;    0.000
469.045; 1800.025;  234.350;    0.000
469.183; 1715.025;  203.350;    0.000
469.320; 1701.025;  230.350;    0.000
469.457; 1686.025;  219.350;    0.000
469.594; 1681.025;  233.350;    0.000
469.732; 1735.025;  230.350;    0.000
469.869; 1802.025;  239.350;    0.000
470.006; 1725.025;  224.350;    0.000
470.143; 1798.025;  241.350;    0.000
470.280; 1921.025;  234.350;    0.000
470.417; 1880.025;  236.350;    0.000
470.555; 1800.025;  207.350;    0.000
470.692; 1741.025;  251.350;    0.000
470.829; 1784.025;  238.350;    0.000
470.966; 1751.025;  242.350;    0.000
471.103; 1821.025;  215.350;    0.000
471.240; 1707.025;  237.350;    0.000
471.377; 1731.025;  235.350;    0.000
471.514; 1741.025;  256.350;    0.000
471.651; 1812.025;  198.350;    0.000
471.789; 1749.025;  215.350;    0.000
471.926; 1852.025;  210.350;    0.000
472.063; 1764.025;  237.350;    0.000
472.200; 1745.025;  265.350;    0.000
472.337; 1697.025;  240.350;    0.000
472.474; 1663.025;  195.350;    0.000
472.611; 1703.025;  228.350;    0.000
472.748; 1691.025;  234.350;    0.000
472.884; 1673.025;  230.350;    0.000
473.021; 1689.025;  219.350;    0.000
473.158; 1712.025;  253.350;    0.000
473.295; 1782.025;  207.350;    0.000
473.432; 1868.025;  238.350;    0.000
473.569; 1751.025;  236.350;    0.000
473.706; 1765.025;  203.350;    0.000
473.843; 1705.025;  232.350;    0.000
473.980; 1734.025;  207.350;    0.000
474.117; 1721.025;  182.350;    0.000
474.253; 1762.025;  261.350;    0.000
474.390; 1589.025;  211.350;    0.000
474.527; 1701.025;  229.350;    0.000
474.664; 1662.025;  181.350;    0.000
474.801; 1759.025;  250.350;    0.000
474.937; 1836.025;  196.350;    0.000
475.074; 1885.025;  213.350;    0.000
475.211; 1717.025;  232.350;    0.000
475.348; 1748.025;  228.350;    0.000
475.484; 1790.025;  240.350;    0.000
475.621; 1799.025;  235.350;    0.000
475.758; 1715.025;  232.350;    0.000
475.894; 1735.025;  227.350;    0.000
476.031; 1775.025;  233.350;    0.000
476.168; 1702.025;  205.350;    0.000
476.304; 1746.025;  263.350;    0.000
476.441; 1804.025;  255.350;    0.000
476.578; 1662.025;  191.350;    0.000
476.714; 1794.025;  218.350;    0.000
476.851; 1744.025;  224.350;    0.000
476.987; 1852.025;  225.350;    0.000
477.124; 1805.025;  231.350;    0.000
477.261; 1770.025;  291.350;    0.000
477.397; 1726.025;  218.350;    0.000
477.534; 1705.025;  209.350;    0.000
477.670; 1621.025;  210.350;    0.000
477.807; 1635.025;  199.350;    0.000
477.943; 1972.025;  219.350;    0.000
478.080; 1758.025;  234.350;    0.000
478.216; 1891.025;  196.350;    0.000
478.353; 1709.025;  234.350;    0.000
478.489; 1746.025;  219.350;    0.000
478.626; 1855.025;  209.350;    0.000
478.762; 1890.025;  206.350;    0.000
478.898; 1900.025;  209.350;    0.000
479.035; 1929.025;  232.350;    0.000
479.171; 1704.025;  219.350;    0.000
479.308; 1836.025;  226.350;    0.000
479.444; 1826.025;  184.350;    0.000
479.580; 1657.025;  192.350;    0.000
479.717; 1881.025;  247.350;    0.000
479.853; 1805.025;  181.350;    0.000
479.989; 1883.025;  212.350;    0.000
480.126; 1874.025;  187.350;    0.000
480.262; 1823.025;  217.350;    0.000
480.398; 1919.025;  249.350;    0.000
480.535; 1917.025;  196.350;    0.000
480.671; 1806.025;  199.350;    0.000
480.807; 1916.025;  231.350;    0.000
480.943; 1840.025;  192.350;    0.000
481.080; 1762.025;  206.350;    0.000
481.216; 1857.025;  189.350;    0.000
481.352; 1816.025;  215.350;    0.000
481.488; 1833.025;  223.350;    0.000
481.624; 2009.025;  235.350;    0.000
481.760; 1862.025;  218.350;    0.000
481.897; 1795.025;  204.350;    0.000
482.033; 1919.025;  243.350;    0.000
482.169; 1855.025;  239.350;    0.000
482.305; 1829.025;  221.350;    0.000
482.441; 1894.025;  162.350;    0.000
482.577; 1860.025;  241.350;    0.000
482.713; 1768.025;  223.350;    0.000
482.849; 1774.025;  195.350;    0.000
482.985; 1779.025;  230.350;    0.000
483.121; 1898.025;  230.350;    0.000
483.258; 1831.025;  254.350;    0.000
483.394; 1981.025;  199.350;    0.000
483.530; 1878.025;  209.350;    0.000
483.665; 1940.025;  196.350;    0.000
483.801; 1814.025;  208.350;    0.000
483.937; 1832.025;  202.350;    0.000
484.073; 1741.025;  247.350;    0.000
484.209; 1856.025;  188.350;    0.000
484.345; 1925.025;  241.350;    0.000
484.481; 1930.025;  247.350;    0.000
484.617; 1905.025;  248.350;    0.000
484.753; 1975.025;  255.350;    0.000
484.889; 1883.025;  253.350;    0.000
485.025; 1891.025;  226.350;    0.000
485.161; 1968.025;  207.350;    0.000
485.296; 1811.025;  247.350;    0.000
485.432; 2016.025;  255.350;    0.000
485.568; 1838.025;  216.350;    0.000
485.704; 1916.025;  232.350;    0.000
485.840; 1917.025;  231.350;    0.000
485.975; 1990.025;  233.350;    0.000
486.111; 1775.025;  207.350;    0.000
486.247; 2008.025;  211.350;    0.000
486.383; 1915.025;  219.350;    0.000
486.518; 1949.025;  213.350;    0.000
486.654; 1918.025;  216.350;    0.000
486.790; 2018.025;  253.350;    0.000
486.926; 2055.025;  229.350;    0.000
487.061; 1968.025;  241.350;    0.000
487.197; 1919.025;  218.350;    0.000
487.333; 1828.025;  221.350;    0.000
487.468; 1874.025;  206.350;    0.000
487.604; 1888.025;  254.350;    0.000
487.740; 1863.025;  240.350;    0.000
487.875; 2052.025;  260.350;    0.000
488.011; 1895.025;  232.350;    0.000
488.146; 1970.025;  206.350;    0.000
488.282; 1905.025;  236.350;    0.000
488.417; 1982.025;  255.350;    0.000
488.553; 1891.025;  221.350;    0.000
488.688; 1862.025;  233.350;    0.000
488.824; 1948.025;  246.350;    0.000
488.960; 2057.025;  267.350;    0.000
489.095; 2010.025;  217.350;    0.000
489.230; 1816.025;  226.350;    0.000
489.366; 1880.025;  232.350;    0.000
489.501; 1955.025;  220.350;    0.000
489.637; 1935.025;  245.350;    0.000
489.772; 1956.025;  228.350;    0.000
489.908; 2111.025;  250.350;    0.000
490.043; 1947.025;  239.350;    0.000
490.178; 1936.025;  213.350;    0.000
490.314; 2078.025;  270.350;    0.000
490.449; 1839.025;  245.350;    0.000
490.585; 2094.025;  218.350;    0.000
490.720; 1970.025;  243.350;    0.000
490.855; 1991.025;  196.350;    0.000
490.991; 2082.025;  208.350;    0.000
491.126; 2180.025;  268.350;    0.000
491.261; 2192.025;  226.350;    0.000
491.396; 2096.025;  201.350;    0.000
491.532; 2068.025;  213.350;    0.000
491.667; 2010.025;  183.350;    0.000
491.802; 2055.025;  239.350;    0.000
491.937; 2115.025;  228.350;    0.000
492.073; 1993.025;  258.350;    0.000
492.208; 2113.025;  218.350;    0.000
492.343; 1964.025;  205.350;    0.000
492.478; 2132.025;  247.350;    0.000
492.613; 2158.025;  217.350;    0.000
492.749; 2061.025;  258.350;    0.000
492.884; 1997.025;  208.350;    0.000
493.019; 1981.025;  248.350;    0.000
493.154; 1933.025;  231.350;    0.000
493.289; 2064.025;  226.350;    0.000
493.424; 2125.025;  216.350;    0.000
493.559; 1879.025;  205.350;    0.000
493.694; 2149.025;  203.350;    0.000
493.829; 2097.025;  231.350;    0.000
493.964; 1997.025;  200.350;    0.000
494.099; 1983.025;  253.350;    0.000
494.234; 2142.025;  244.350;    0.000
494.369; 2055.025;  239.350;    0.000
494.504; 2029.025;  223.350;    0.000
494.639; 2031.025;  263.350;    0.000
494.774; 2034.025;  240.350;    0.000
494.909; 2002.025;  231.350;    0.000
495.044; 2058.025;  195.350;    0.000
495.179; 2079.025;  231.350;    0.000
495.314; 2046.025;  231.350;    0.000
495.449; 2076.025;  239.350;    0.000
495.584; 2050.025;  201.350;    0.000
495.719; 2096.025;  201.350;    0.000
495.854; 2080.025;  201.350;    0.000
495.988; 2182.025;  239.350;    0.000
496.123; 2145.025;  199.350;    0.000
496.258; 2180.025;  256.350;    0.000
496.393; 2077.025;  214.350;    0.000
496.528; 2223.025;  220.350;    0.000
496.663; 2172.025;  207.350;    0.000
496.797; 2105.025;  241.350;    0.000
496.932; 2355.025;  215.350;    0.000
497.067; 2299.025;  240.350;    0.000
497.202; 2290.025;  177.350;    0.000
497.336; 2387.025;  221.350;    0.000
497.471; 2427.025;  228.350;    0.000
497.606; 2464.025;  213.350;    0.000
497.740; 2516.025;  217.350;    0.000
497.875; 2598.025;  182.350;    0.000
498.010; 2852.025;  230.350;    0.000
498.144; 2896.025;  217.350;    0.000
498.279; 3029.025;  194.350;    0.000
498.414; 2955.025;  270.350;    0.000
498.548; 2856.025;  184.350;    0.000
498.683; 2931.025;  188.350;    0.000
498.817; 2737.025;  216.350;    0.000
498.952; 2609.025;  208.350;    0.000
499.087; 2696.025;  236.350;    0.000
499.221; 2653.025;  219.350;    0.000
499.356; 2646.025;  263.350;    0.000
499.490; 2851.025;  221.350;    0.000
499.625; 2981.025;  233.350;    0.000
499.759; 2625.025;  245.350;    0.000
499.894; 2981.025;  241.350;    0.000
500.028; 2934.025;  237.350;    0.000
500.162; 2694.025;  282.350;    0.000
500.297; 2913.025;  232.350;    0.000
500.431; 2797.025;  266.350;    0.000
500.566; 2879.025;  254.350;    0.000
500.700; 2906.025;  238.350;    0.000
500.835; 2744.025;  264.350;    0.000
500.969; 2761.025;  165.350;    0.000
501.103; 2681.025;  190.350;    0.000
501.238; 2782.025;  274.350;    0.000
501.372; 2746.025;  270.350;    0.000
501.506; 2425.025;  231.350;    0.000
501.641; 2619.025;  224.350;    0.000
501.775; 2539.025;  224.350;    0.000
501.909; 2500.025;  218.350;    0.000
502.043; 2234.025;  238.350;    0.000
502.178; 2405.025;  289.350;    0.000
502.312; 2238.025;  225.350;    0.000
502.446; 2246.025;  295.350;    0.000
502.580; 2201.025;  200.350;    0.000
502.715; 2314.025;  256.350;    0.000
502.849; 2307.025;  226.350;    0.000
502.983; 2250.025;  250.350;    0.000
503.117; 2162.025;  229.350;    0.000
503.251; 2181.025;  267.350;    0.000
503.385; 2118.025;  237.350;    0.000
503.520; 2188.025;  210.350;    0.000
503.654; 2150.025;  204.350;    0.000
503.788; 2140.025;  236.350;    0.000
503.922; 2131.025;  225.350;    0.000
504.056; 1994.025;  222.350;    0.000
504.190; 1903.025;  220.350;    0.000
504.324; 2058.025;  257.350;    0.000
504.458; 2061.025;  223.350;    0.000
504.592; 1932.025;  252.350;    0.000
504.726; 1924.025;  216.350;    0.000
504.860; 1900.025;  231.350;    0.000
504.994; 1812.025;  228.350;    0.000
505.128; 1863.025;  239.350;    0.000
505.262; 1879.025;  245.350;    0.000
505.396; 1929.025;  231.350;    0.000
505.530; 1757.025;  211.350;    0.000
505.664; 1905.025;  223.350;    0.000
505.798; 1776.025;  239.350;    0.000
505.932; 1786.025;  232.350;    0.000
506.066; 1909.025;  263.350;    0.000
506.199; 1747.025;  231.350;    0.000
506.333; 1705.025;  213.350;    0.000
506.467; 1771.025;  241.350;    0.000
506.601; 1810.025;  233.350;    0.000
506.735; 1799.025;  235.350;    0.000
506.869; 1702.025;  269.350;    0.000
507.002; 1765.025;  244.350;    0.000
507.136; 1678.025;  258.350;    0.000
507.270; 1800.025;  218.350;    0.000
507.404; 1758.025;  191.350;    0.000
507.537; 1774.025;  226.350;    0.000
507.671; 1655.025;  243.350;    0.000
507.805; 1708.025;  234.350;    0.000
507.939; 1665.025;  234.350;    0.000
508.072; 1650.025;  261.350;    0.000
508.206; 1718.025;  220.350;    0.000
508.340; 1752.025;  241.350;    0.000
508.473; 1691.025;  214.350;    0.000
508.607; 1679.025;  232.350;    0.000
508.740; 1724.025;  222.350;    0.000
508.874; 1642.025;  225.350;    0.000
509.008; 1685.025;  258.350;    0.000
509.141; 1754.025;  210.350;    0.000
509.275; 1690.025;  199.350;    0.000
509.408; 1667.025;  260.350;    0.000
509.542; 1592.025;  252.350;    0.000
509.675; 1707.025;  276.350;    0.000
509.809; 1564.025;  266.350;    0.000
509.942; 1670.025;  227.350;    0.000
510.076; 1552.025;  243.350;    0.000
510.209; 1691.025;  221.350;    0.000
510.343; 1562.025;  229.350;    0.000
510.476; 1577.025;  246.350;    0.000
510.610; 1614.025;  211.350;    0.000
510.743; 1647.025;  279.350;    0.000
510.877; 1662.025;  274.350;    0.000
511.010; 1516.025;  252.350;    0.000
511.143; 1515.025;  228.350;    0.000
511.277; 1548.025;  261.350;    0.000
511.410; 1656.025;  217.350;    0.000
511.543; 1604.025;  230.350;    0.000
511.677; 1717.025;  245.350;    0.000
511.810; 1608.025;  237.350;    0.000
511.943; 1627.025;  224.350;    0.000
512.077; 1595.025;  194.350;    0.000
512.210; 1541.025;  212.350;    0.000
512.343; 1567.025;  236.350;    0.000
512.476; 1643.025;  248.350;    0.000
512.610; 1612.025;  249.350;    0.000
512.743; 1586.025;  224.350;    0.000
512.876; 1671.025;  277.350;    0.000
513.009; 1638.025;  261.350;    0.000
513.142; 1618.025;  213.350;    0.000
513.276; 1609.025;  192.350;    0.000
513.409; 1576.025;  267.350;    0.000
513.542; 1560.025;  224.350;    0.000
513.675; 1584.025;  244.350;    0.000
513.808; 1474.025;  218.350;    0.000
513.941; 1671.025;  237.350;    0.000
514.074; 1489.025;  257.350;    0.000
514.207; 1559.025;  245.350;    0.000
514.340; 1597.025;  195.350;    0.000
514.474; 1702.025;  244.350;    0.000
514.607; 1616.025;  230.350;    0.000
514.740; 1737.025;  246.350;    0.000
514.873; 1802.025;  268.350;    0.000
515.006; 1855.025;  253.350;    0.000
515.139; 1712.025;  235.350;    0.000
515.272; 1729.025;  214.350;    0.000
515.404; 1825.025;  228.350;    0.000
515.537; 1936.025;  263.350;    0.000
515.670; 1808.025;  270.350;    0.000
515.803; 1777.025;  243.350;    0.000
515.936; 1639.025;  226.350;    0.000
516.069; 1689.025;  227.350;    0.000
516.202; 1787.025;  259.350;    0.000
516.335; 1659.025;  260.350;    0.000
516.468; 1815.025;  243.350;    0.000
516.600; 1916.025;  258.350;    0.000
516.733; 2323.025;  235.350;    0.000
516.866; 2534.025;  267.350;    0.000
516.999; 2132.025;  251.350;    0.000
517.132; 2528.025;  261.350;    0.000
517.264; 3527.025;  260.350;    0.000
517.397; 3746.025;  231.350;    0.000
517.530; 2822.025;  257.350;    0.000
517.663; 2341.025;  263.350;    0.000
517.795; 2117.025;  250.350;    0.000
517.928; 2050.025;  257.350;    0.000
518.061; 2048.025;  227.350;    0.000
518.193; 2494.025;  252.350;    0.000
518.326; 4343.025;  227.350;    0.000
518.459; 4877.025;  210.350;    0.000
518.591; 3736.025;  214.350;    0.000
518.724; 2541.025;  269.350;    0.000
518.857; 2118.025;  215.350;    0.000
518.989; 2052.025;  259.350;    0.000
519.122; 1899.025;  238.350;    0.000
519.254; 1877.025;  248.350;    0.000
519.387; 1651.025;  246.350;    0.000
519.519; 1786.025;  239.350;    0.000
519.652; 1721.025;  249.350;    0.000
519.784; 1684.025;  238.350;    0.000
519.917; 1681.025;  231.350;    0.000
520.049; 1578.025;  244.350;    0.000
520.182; 1728.025;  205.350;    0.000
520.314; 1571.025;  262.350;    0.000
520.447; 1675.025;  234.350;    0.000
520.579; 1647.025;  273.350;    0.000
520.712; 1502.025;  215.350;    0.000
520.844; 1609.025;  258.350;    0.000
520.976; 1564.025;  242.350;    0.000
521.109; 1506.025;  232.350;    0.000
521.241; 1440.025;  236.350;    0.000
521.373; 1424.025;  227.350;    0.000
521.506; 1475.025;  212.350;    0.000
521.638; 1411.025;  292.350;    0.000
521.770; 1606.025;  259.350;    0.000
521.903; 1529.025;  263.350;    0.000
522.035; 1435.025;  269.350;    0.000
522.167; 1498.025;  289.350;    0.000
522.300; 1438.025;  255.350;    0.000
522.432; 1420.025;  247.350;    0.000
522.564; 1481.025;  239.350;    0.000
522.696; 1450.025;  246.350;    0.000
522.828; 1486.025;  230.350;    0.000
522.961; 1414.025;  239.350;    0.000
523.093; 1501.025;  269.350;    0.000
523.225; 1395.025;  251.350;    0.000
523.357; 1420.025;  244.350;    0.000
523.489; 1346.025;  266.350;    0.000
523.621; 1384.025;  267.350;    0.000
523.753; 1443.025;  234.350;    0.000
523.885; 1350.025;  229.350;    0.000
524.018; 1541.025;  221.350;    0.000
524.150; 1356.025;  264.350;    0.000
524.282; 1421.025;  283.350;    0.000
524.414; 1468.025;  258.350;    0.000
524.546; 1466.025;  286.350;    0.000
524.678; 1275.025;  274.350;    0.000
524.810; 1447.025;  253.350;    0.000
524.942; 1305.025;  183.350;    0.000
525.074; 1365.025;  232.350;    0.000
525.206; 1322.025;  250.350;    0.000
525.338; 1350.025;  228.350;    0.000
525.469; 1278.025;  224.350;    0.000
525.601; 1405.025;  247.350;    0.000
525.733; 1299.025;  199.350;    0.000
525.865; 1370.025;  230.350;    0.000
525.997; 1322.025;  209.350;    0.000
526.129; 1376.025;  211.350;    0.000
526.261; 1435.025;  233.350;    0.000
526.393; 1354.025;  261.350;    0.000
526.524; 1254.025;  206.350;    0.000
526.656; 1438.025;  260.350;    0.000
526.788; 1361.025;  293.350;    0.000
526.920; 1348.025;  208.350;    0.000
527.052; 1262.025;  204.350;    0.000
527.183; 1186.025;  244.350;    0.000
527.315; 1352.025;  237.350;    0.000
527.447; 1275.025;  236.350;    0.000
527.578; 1331.025;  235.350;    0.000
527.710; 1374.025;  253.350;    0.000
527.842; 1222.025;  231.350;    0.000
527.973; 1251.025;  224.350;    0.000
528.105; 1376.025;  237.350;    0.000
528.237; 1370.025;  213.350;    0.000
528.368; 1294.025;  194.350;    0.000
528.500; 1262.025;  195.350;    0.000
528.632; 1308.025;  201.350;    0.000
528.763; 1261.025;  196.350;    0.000
528.895; 1338.025;  204.350;    0.000
529.026; 1270.025;  214.350;    0.000
529.158; 1260.025;  197.350;    0.000
529.289; 1293.025;  230.350;    0.000
529.421; 1411.025;  247.350;    0.000
529.552; 1448.025;  255.350;    0.000
529.684; 1314.025;  270.350;    0.000
529.815; 1359.025;  248.350;    0.000
529.947; 1309.025;  234.350;    0.000
530.078; 1362.025;  223.350;    0.000
530.210; 1285.025;  243.350;    0.000
530.341; 1308.025;  222.350;    0.000
530.472; 1288.025;  217.350;    0.000
530.604; 1335.025;  242.350;    0.000
530.735; 1376.025;  249.350;    0.000
530.867; 1305.025;  257.350;    0.000
530.998; 1319.025;  250.350;    0.000
531.129; 1337.025;  244.350;    0.000
531.260; 1340.025;  276.350;    0.000
531.392; 1347.025;  220.350;    0.000
531.523; 1367.025;  262.350;    0.000
531.654; 1458.025;  264.350;    0.000
531.786; 1373.025;  225.350;    0.000
531.917; 1439.025;  285.350;    0.000
532.048; 1248.025;  239.350;    0.000
532.179; 1338.025;  248.350;    0.000
532.311; 1348.025;  219.350;    0.000
532.442; 1433.025;  264.350;    0.000
532.573; 1334.025;  230.350;    0.000
532.704; 1377.025;  253.350;    0.000
532.835; 1412.025;  239.350;    0.000
532.966; 1377.025;  247.350;    0.000
533.097; 1411.025;  225.350;    0.000
533.229; 1352.025;  282.350;    0.000
533.360; 1295.025;  236.350;    0.000
533.491; 1383.025;  247.350;    0.000
533.622; 1313.025;  265.350;    0.000
533.753; 1264.025;  226.350;    0.000
533.884; 1393.025;  294.350;    0.000
534.015; 1380.025;  215.350;    0.000
534.146; 1408.025;  223.350;    0.000
534.277; 1357.025;  264.350;    0.000
534.408; 1343.025;  232.350;    0.000
534.539; 1395.025;  274.350;    0.000
534.670; 1391.025;  275.350;    0.000
534.801; 1301.025;  261.350;    0.000
534.932; 1311.025;  225.350;    0.000
535.063; 1406.025;  235.350;    0.000
535.194; 1314.025;  300.350;    0.000
535.324; 1296.025;  249.350;    0.000
535.455; 1261.025;  260.350;    0.000
535.586; 1392.025;  288.350;    0.000
535.717; 1272.025;  237.350;    0.000
535.848; 1350.025;  271.350;    0.000
535.979; 1351.025;  234.350;    0.000
536.109; 1357.025;  255.350;    0.000
536.240; 1263.025;  269.350;    0.000
536.371; 1289.025;  232.350;    0.000
536.502; 1364.025;  253.350;    0.000
536.632; 1338.025;  240.350;    0.000
536.763; 1339.025;  251.350;    0.000
536.894; 1268.025;  256.350;    0.000
537.025; 1237.025;  247.350;    0.000
537.155; 1297.025;  272.350;    0.000
537.286; 1302.025;  241.350;    0.000
537.417; 1374.025;  279.350;    0.000
537.547; 1335.025;  229.350;    0.000
537.678; 1371.025;  227.350;    0.000
537.808; 1289.025;  225.350;    0.000
537.939; 1264.025;  250.350;    0.000
538.070; 1338.025;  263.350;    0.000
538.200; 1294.025;  270.350;    0.000
538.331; 1350.025;  249.350;    0.000
538.461; 1391.025;  230.350;    0.000
538.592; 1345.025;  282.350;    0.000
538.722; 1354.025;  253.350;    0.000
538.853; 1238.025;  240.350;    0.000
538.983; 1352.025;  232.350;    0.000
539.114; 1316.025;  248.350;    0.000
539.244; 1347.025;  256.350;    0.000
539.375; 1364.025;  248.350;    0.000
539.505; 1272.025;  235.350;    0.000
539.636; 1343.025;  237.350;    0.000
539.766; 1369.025;  263.350;    0.000
539.896; 1226.025;  217.350;    0.000
540.027; 1279.025;  217.350;    0.000
540.157; 1259.025;  231.350;    0.000
540.287; 1210.025;  210.350;    0.000
540.418; 1355.025;  239.350;    0.000
540.548; 1380.025;  260.350;    0.000
540.678; 1250.025;  228.350;    0.000
540.809; 1362.025;  241.350;    0.000
540.939; 1336.025;  238.350;    0.000
541.069; 1366.025;  245.350;    0.000
541.200; 1255.025;  225.350;    0.000
541.330; 1300.025;  219.350;    0.000
541.460; 1354.025;  254.350;    0.000
541.590; 1257.025;  234.350;    0.000
541.720; 1360.025;  196.350;    0.000
541.851; 1316.025;  200.350;    0.000
541.981; 1311.025;  235.350;    0.000
542.111; 1440.025;  246.350;    0.000
542.241; 1317.025;  214.350;    0.000
542.371; 1401.025;  221.350;    0.000
542.501; 1529.025;  259.350;    0.000
542.631; 1392.025;  213.350;    0.000
542.761; 1579.025;  240.350;    0.000
542.891; 1449.025;  242.350;    0.000
543.021; 1423.025;  230.350;    0.000
543.151; 1449.025;  261.350;    0.000
543.281; 1425.025;  212.350;    0.000
543.411; 1342.025;  229.350;    0.000
543.542; 1341.025;  204.350;    0.000
543.671; 1452.025;  260.350;    0.000
543.801; 1401.025;  236.350;    0.000
543.931; 1369.025;  243.350;    0.000
544.061; 1392.025;  262.350;    0.000
544.191; 1405.025;  223.350;    0.000
544.321; 1285.025;  217.350;    0.000
544.451; 1315.025;  209.350;    0.000
544.581; 1321.025;  213.350;    0.000
544.711; 1391.025;  256.350;    0.000
544.841; 1455.025;  235.350;    0.000
544.970; 1501.025;  260.350;    0.000
545.100; 1384.025;  236.350;    0.000
545.230; 1415.025;  220.350;    0.000
545.360; 1496.025;  219.350;    0.000
545.490; 1392.025;  217.350;    0.000
545.619; 1339.025;  199.350;    0.000
545.749; 1393.025;  183.350;    0.000
545.879; 1298.025;  169.350;    0.000
546.009; 1347.025;  215.350;    0.000
546.138; 1345.025;  228.350;    0.000
546.268; 1316.025;  209.350;    0.000
546.398; 1333.025;  167.350;    0.000
546.527; 1244.025;  178.350;    0.000
546.657; 1302.025;  175.350;    0.000
546.786; 1417.025;  225.350;    0.000
546.916; 1397.025;  196.350;    0.000
547.046; 1309.025;  185.350;    0.000
547.175; 1253.025;  184.350;    0.000
547.305; 1342.025;  197.350;    0.000
547.434; 1349.025;  168.350;    0.000
547.564; 1355.025;  183.350;    0.000
547.693; 1321.025;  204.350;    0.000
547.823; 1365.025;  211.350;    0.000
547.953; 1414.025;  174.350;    0.000
548.082; 1449.025;  217.350;    0.000
548.211; 1340.025;  201.350;    0.000
548.341; 1449.025;  195.350;    0.000
548.470; 1385.025;  225.350;    0.000
548.600; 1384.025;  194.350;    0.000
548.729; 1415.025;  218.350;    0.000
548.859; 1301.025;  202.350;    0.000
548.988; 1285.025;  193.350;    0.000
549.117; 1299.025;  182.350;    0.000
549.247; 1331.025;  198.350;    0.000
549.376; 1448.025;  200.350;    0.000
549.505; 1391.025;  200.350;    0.000
549.635; 1385.025;  224.350;    0.000
549.764; 1380.025;  200.350;    0.000
549.893; 1326.025;  224.350;    0.000
550.023; 1333.025;  207.350;    0.000
550.152; 1394.025;  167.350;    0.000
550.281; 1321.025;  219.350;    0.000
550.410; 1399.025;  217.350;    0.000
550.539; 1390.025;  211.350;    0.000
550.669; 1429.025;  173.350;    0.000
550.798; 1392.025;  211.350;    0.000
550.927; 1365.025;  195.350;    0.000
551.056; 1352.025;  176.350;    0.000
551.185; 1394.025;  203.350;    0.000
551.314; 1421.025;  178.350;    0.000
551.443; 1361.025;  185.350;    0.000
551.573; 1387.025;  167.350;    0.000
551.702; 1445.025;  193.350;    0.000
551.831; 1484.025;  245.350;    0.000
551.960; 1277.025;  190.350;    0.000
552.089; 1383.025;  202.350;    0.000
552.218; 1428.025;  211.350;    0.000
552.347; 1533.025;  184.350;    0.000
552.476; 1519.025;  200.350;    0.000
552.605; 1401.025;  174.350;    0.000
552.734; 1436.025;  206.350;    0.000
552.863; 1453.025;  189.350;    0.000
552.992; 1511.025;  209.350;    0.000
553.121; 1478.025;  201.350;    0.000
553.249; 1491.025;  208.350;    0.000
553.378; 1433.025;  142.350;    0.000
553.507; 1529.025;  208.350;    0.000
553.636; 1398.025;  192.350;    0.000
553.765; 1514.025;  182.350;    0.000
553.894; 1344.025;  183.350;    0.000
554.023; 1427.025;  182.350;    0.000
554.151; 1429.025;  211.350;    0.000
554.280; 1364.025;  179.350;    0.000
554.409; 1324.025;  182.350;    0.000
554.538; 1501.025;  209.350;    0.000
554.666; 1436.025;  182.350;    0.000
554.795; 1391.025;  179.350;    0.000
554.924; 1399.025;  217.350;    0.000
555.052; 1429.025;  220.350;    0.000
555.181; 1469.025;  228.350;    0.000
555.310; 1405.025;  212.350;    0.000
555.439; 1512.025;  199.350;    0.000
555.567; 1372.025;  220.350;    0.000
555.696; 1407.025;  187.350;    0.000
555.824; 1351.025;  189.350;    0.000
555.953; 1371.025;  217.350;    0.000
556.082; 1287.025;  187.350;    0.000
556.210; 1347.025;  245.350;    0.000
556.339; 1430.025;  195.350;    0.000
556.467; 1488.025;  218.350;    0.000
556.596; 1386.025;  198.350;    0.000
556.724; 1396.025;  201.350;    0.000
556.853; 1248.025;  196.350;    0.000
556.981; 1382.025;  175.350;    0.000
557.110; 1381.025;  210.350;    0.000
557.238; 1342.025;  190.350;    0.000
557.367; 1441.025;  192.350;    0.000
557.495; 1401.025;  219.350;    0.000
557.623; 1418.025;  203.350;    0.000
557.752; 1331.025;  166.350;    0.000
557.880; 1384.025;  172.350;    0.000
558.008; 1423.025;  221.350;    0.000
558.137; 1395.025;  211.350;    0.000
558.265; 1424.025;  157.350;    0.000
558.393; 1428.025;  198.350;    0.000
558.522; 1487.025;  209.350;    0.000
558.650; 1414.025;  260.350;    0.000
558.778; 1430.025;  203.350;    0.000
558.906; 1477.025;  210.350;    0.000
559.035; 1489.025;  194.350;    0.000
559.163; 1448.025;  192.350;    0.000
559.291; 1358.025;  215.350;    0.000
559.419; 1412.025;  197.350;    0.000
559.548; 1459.025;  160.350;    0.000
559.676; 1525.025;  200.350;    0.000
559.804; 1505.025;  223.350;    0.000
559.932; 1464.025;  213.350;    0.000
560.060; 1559.025;  224.350;    0.000
560.188; 1514.025;  221.350;    0.000
560.316; 1505.025;  223.350;    0.000
560.444; 1469.025;  159.350;    0.000
560.572; 1447.025;  204.350;    0.000
560.700; 1532.025;  213.350;    0.000
560.828; 1612.025;  216.350;    0.000
560.956; 1605.025;  207.350;    0.000
561.085; 1573.025;  231.350;    0.000
561.212; 1402.025;  197.350;    0.000
561.340; 1477.025;  192.350;    0.000
561.468; 1523.025;  215.350;    0.000
561.596; 1559.025;  215.350;    0.000
561.724; 1519.025;  181.350;    0.000
561.852; 1366.025;  184.350;    0.000
561.980; 1535.025;  217.350;    0.000
562.108; 1614.025;  199.350;    0.000
562.236; 1480.025;  181.350;    0.000
562.364; 1694.025;  234.350;    0.000
562.492; 1510.025;  225.350;    0.000
562.619; 1620.025;  204.350;    0.000
562.747; 1518.025;  223.350;    0.000
562.875; 1623.025;  210.350;    0.000
563.003; 1610.025;  232.350;    0.000
563.130; 1612.025;  224.350;    0.000
563.258; 1715.025;  213.350;    0.000
563.386; 1628.025;  191.350;    0.000
563.514; 1704.025;  252.350;    0.000
563.641; 1724.025;  201.350;    0.000
563.769; 1727.025;  201.350;    0.000
563.897; 1660.025;  176.350;    0.000
564.024; 1883.025;  167.350;    0.000
564.152; 1905.025;  205.350;    0.000
564.280; 1723.025;  222.350;    0.000
564.407; 1816.025;  192.350;    0.000
564.535; 1831.025;  231.350;    0.000
564.662; 1888.025;  197.350;    0.000
564.790; 1929.025;  200.350;    0.000
564.917; 1888.025;  172.350;    0.000
565.045; 1895.025;  187.350;    0.000
565.173; 1872.025;  173.350;    0.000
565.300; 2049.025;  196.350;    0.000
565.428; 2033.025;  195.350;    0.000
565.555; 1997.025;  191.350;    0.000
565.682; 2144.025;  169.350;    0.000
565.810; 2159.025;  198.350;    0.000
565.937; 2303.025;  213.350;    0.000
566.065; 2165.025;  221.350;    0.000
566.192; 2423.025;  173.350;    0.000
566.320; 2313.025;  214.350;    0.000
566.447; 2466.025;  214.350;    0.000
566.574; 2394.025;  188.350;    0.000
566.702; 2549.025;  198.350;    0.000
566.829; 2546.025;  200.350;    0.000
566.956; 2555.025;  194.350;    0.000
567.083; 2538.025;  176.350;    0.000
567.211; 2634.025;  189.350;    0.000
567.338; 2623.025;  184.350;    0.000
567.465; 2510.025;  181.350;    0.000
567.593; 2704.025;  194.350;    0.000
567.720; 2782.025;  193.350;    0.000
567.847; 2594.025;  196.350;    0.000
567.974; 2708.025;  199.350;    0.000
568.101; 3044.025;  150.350;    0.000
568.228; 3919.025;  174.350;    0.000
568.356; 4512.025;  164.350;    0.000
568.483; 4500.025;  163.350;    0.000
568.610; 4407.025;  187.350;    0.000
568.737; 5123.025;  192.350;    0.000
568.864; 6332.025;  218.350;    0.000
568.991; 6361.025;  169.350;    0.000
569.118; 5831.025;  161.350;    0.000
569.245; 4962.025;  161.350;    0.000
569.372; 4392.025;  187.350;    0.000
569.499; 4037.025;  146.350;    0.000
569.626; 3797.025;  172.350;    0.000
569.753; 3480.025;  188.350;    0.000
569.880; 3306.025;  180.350;    0.000
570.007; 3041.025;  187.350;    0.000
570.134; 2945.025;  196.350;    0.000
570.261; 2817.025;  127.350;    0.000
570.388; 2747.025;  189.350;    0.000
570.515; 2792.025;  219.350;    0.000
570.642; 2709.025;  187.350;    0.000
570.768; 2585.025;  175.350;    0.000
570.895; 2487.025;  165.350;    0.000
571.022; 2540.025;  180.350;    0.000
571.149; 2397.025;  209.350;    0.000
571.276; 2241.025;  187.350;    0.000
571.402; 2369.025;  227.350;    0.000
571.529; 2306.025;  166.350;    0.000
571.656; 2225.025;  203.350;    0.000
571.783; 2267.025;  156.350;    0.000
571.909; 2185.025;  195.350;    0.000
572.036; 2235.025;  165.350;    0.000
572.163; 2024.025;  156.350;    0.000
572.289; 2047.025;  193.350;    0.000
572.416; 2054.025;  199.350;    0.000
572.543; 2065.025;  185.350;    0.000
572.669; 2046.025;  180.350;    0.000
572.796; 2057.025;  173.350;    0.000
572.922; 1976.025;  186.350;    0.000
573.049; 1962.025;  185.350;    0.000
573.176; 1931.025;  196.350;    0.000
573.302; 1944.025;  189.350;    0.000
573.429; 1989.025;  186.350;    0.000
573.555; 1911.025;  220.350;    0.000
573.682; 1914.025;  196.350;    0.000
573.808; 1868.025;  201.350;    0.000
573.935; 1861.025;  188.350;    0.000
574.061; 1951.025;  216.350;    0.000
574.188; 1900.025;  161.350;    0.000
574.314; 1910.025;  189.350;    0.000
574.440; 1749.025;  190.350;    0.000
574.567; 1747.025;  201.350;    0.000
574.693; 1766.025;  175.350;    0.000
574.820; 1915.025;  188.350;    0.000
574.946; 1870.025;  182.350;    0.000
575.072; 1835.025;  188.350;    0.000
575.198; 1960.025;  232.350;    0.000
575.325; 1868.025;  159.350;    0.000
575.451; 1828.025;  231.350;    0.000
575.577; 1814.025;  196.350;    0.000
575.704; 1800.025;  177.350;    0.000
575.830; 1949.025;  171.350;    0.000
575.956; 1867.025;  163.350;    0.000
576.082; 1801.025;  197.350;    0.000
576.208; 1802.025;  181.350;    0.000
576.335; 1765.025;  218.350;    0.000
576.461; 1775.025;  207.350;    0.000
576.587; 1740.025;  173.350;    0.000
576.713; 1779.025;  170.350;    0.000
576.839; 1952.025;  186.350;    0.000
576.965; 1869.025;  194.350;    0.000
577.091; 1814.025;  167.350;    0.000
577.217; 1843.025;  212.350;    0.000
577.343; 1734.025;  214.350;    0.000
577.469; 1789.025;  208.350;    0.000
577.596; 1859.025;  188.350;    0.000
577.722; 1884.025;  221.350;    0.000
577.848; 1708.025;  197.350;    0.000
577.974; 1958.025;  222.350;    0.000
578.099; 1763.025;  187.350;    0.000
578.225; 1882.025;  213.350;    0.000
578.351; 1795.025;  190.350;    0.000
578.477; 1861.025;  212.350;    0.000
578.603; 1932.025;  178.350;    0.000
578.729; 1924.025;  193.350;    0.000
578.855; 1836.025;  194.350;    0.000
578.981; 1826.025;  152.350;    0.000
579.107; 1819.025;  175.350;    0.000
579.232; 1983.025;  192.350;    0.000
579.358; 1915.025;  186.350;    0.000
579.484; 1963.025;  186.350;    0.000
579.610; 1946.025;  199.350;    0.000
579.735; 1988.025;  197.350;    0.000
579.861; 1956.025;  203.350;    0.000
579.987; 2058.025;  220.350;    0.000
580.113; 2070.025;  210.350;    0.000
580.238; 1942.025;  189.350;    0.000
580.364; 2105.025;  214.350;    0.000
580.490; 2139.025;  205.350;    0.000
580.615; 2004.025;  231.350;    0.000
580.741; 2088.025;  212.350;    0.000
580.867; 2046.025;  196.350;    0.000
580.992; 2027.025;  214.350;    0.000
581.118; 2152.025;  178.350;    0.000
581.243; 2111.025;  209.350;    0.000
581.369; 2107.025;  173.350;    0.000
581.494; 2134.025;  209.350;    0.000
581.620; 2088.025;  204.350;    0.000
581.745; 2219.025;  168.350;    0.000
581.871; 2350.025;  236.350;    0.000
581.996; 2174.025;  212.350;    0.000
582.122; 2296.025;  192.350;    0.000
582.247; 2173.025;  179.350;    0.000
582.373; 2364.025;  189.350;    0.000
582.498; 2338.025;  217.350;    0.000
582.624; 2466.025;  231.350;    0.000
582.749; 2505.025;  237.350;    0.000
582.874; 2475.025;  205.350;    0.000
583.000; 2543.025;  204.350;    0.000
583.125; 2594.025;  192.350;    0.000
583.250; 2580.025;  229.350;    0.000
583.376; 2643.025;  256.350;    0.000
583.501; 2720.025;  200.350;    0.000
583.626; 2656.025;  207.350;    0.000
583.751; 2726.025;  215.350;    0.000
583.877; 2985.025;  212.350;    0.000
584.002; 2808.025;  227.350;    0.000
584.127; 3045.025;  153.350;    0.000
584.252; 2927.025;  197.350;    0.000
584.377; 2974.025;  183.350;    0.000
584.503; 3277.025;  211.350;    0.000
584.628; 3325.025;  215.350;    0.000
584.753; 3179.025;  194.350;    0.000
584.878; 3390.025;  154.350;    0.000
585.003; 3582.025;  213.350;    0.000
585.128; 3395.025;  199.350;    0.000
585.253; 3663.025;  219.350;    0.000
585.378; 3702.025;  174.350;    0.000
585.503; 3800.025;  202.350;    0.000
585.628; 3944.025;  186.350;    0.000
585.753; 4232.025;  209.350;    0.000
585.878; 4250.025;  167.350;    0.000
586.003; 4438.025;  226.350;    0.000
586.128; 4713.025;  206.350;    0.000
586.253; 4851.025;  198.350;    0.000
586.378; 4925.025;  180.350;    0.000
586.503; 5360.025;  201.350;    0.000
586.628; 5592.025;  206.350;    0.000
586.753; 6025.025;  178.350;    0.000
586.878; 6114.025;  228.350;    0.000
587.003; 6687.025;  199.350;    0.000
587.127; 7063.025;  194.350;    0.000
587.252; 7509.025;  212.350;    0.000
587.377; 8123.025;  172.350;    0.000
587.502; 8520.025;  219.350;    0.000
587.627; 9302.025;  247.350;    0.000
587.751; 9878.025;  184.350;    0.000
587.876;10913.025;  215.350;    0.000
588.001;11912.025;  163.350;    0.000
588.125;13205.025;  185.350;    0.000
588.250;14538.025;  171.350;    0.000
588.375;15886.025;  255.350;    0.000
588.499;17603.025;  185.350;    0.000
588.624;20331.025;  167.350;    0.000
588.749;22371.025;  170.350;    0.000
588.873;23016.025;  173.350;    0.000
588.998;22232.025;  203.350;    0.000
589.122;24406.025;  184.350;    0.000
589.247;26928.025;  217.350;    0.000
589.372;25354.025;  250.350;    0.000
589.496;24137.025;  200.350;    0.000
589.621;23743.025;  199.350;    0.000
589.745;24442.025;  235.350;    0.000
589.870;23439.025;  206.350;    0.000
589.994;20894.025;  194.350;    0.000
590.118;18465.025;  177.350;    0.000
590.243;16562.025;  231.350;    0.000
590.367;14970.025;  173.350;    0.000
590.492;13724.025;  170.350;    0.000
590.616;12280.025;  182.350;    0.000
590.740;11227.025;  178.350;    0.000
590.865;10214.025;  219.350;    0.000
590.989; 9786.025;  210.350;    0.000
591.114; 8963.025;  194.350;    0.000
591.238; 7983.025;  154.350;    0.000
591.362; 7880.025;  210.350;    0.000
591.486; 7512.025;  215.350;    0.000
591.611; 6998.025;  194.350;    0.000
591.735; 6782.025;  206.350;    0.000
591.859; 6480.025;  188.350;    0.000
591.983; 6105.025;  202.350;    0.000
592.107; 5787.025;  175.350;    0.000
592.232; 5470.025;  214.350;    0.000
592.356; 5210.025;  232.350;    0.000
592.480; 5021.025;  203.350;    0.000
592.604; 4863.025;  204.350;    0.000
592.728; 4796.025;  187.350;    0.000
592.852; 4590.025;  204.350;    0.000
592.976; 4412.025;  163.350;    0.000
593.100; 4181.025;  177.350;    0.000
593.224; 4116.025;  209.350;    0.000
593.349; 4175.025;  255.350;    0.000
593.473; 3760.025;  225.350;    0.000
593.597; 3987.025;  211.350;    0.000
593.721; 3643.025;  222.350;    0.000
593.844; 3529.025;  202.350;    0.000
593.968; 3720.025;  223.350;    0.000
594.092; 3543.025;  162.350;    0.000
594.216; 3386.025;  211.350;    0.000
594.340; 3240.025;  198.350;    0.000
594.464; 3251.025;  242.350;    0.000
594.588; 3253.025;  213.350;    0.000
594.712; 3166.025;  198.350;    0.000
594.836; 2880.025;  207.350;    0.000
594.959; 2991.025;  192.350;    0.000
595.083; 2810.025;  180.350;    0.000
595.207; 2811.025;  242.350;    0.000
595.331; 2756.025;  172.350;    0.000
595.455; 2735.025;  185.350;    0.000
595.578; 2726.025;  221.350;    0.000
595.702; 2570.025;  233.350;    0.000
595.826; 2444.025;  164.350;    0.000
595.949; 2663.025;  215.350;    0.000
596.073; 2478.025;  198.350;    0.000
596.197; 2420.025;  266.350;    0.000
596.320; 2502.025;  236.350;    0.000
596.444; 2377.025;  215.350;    0.000
596.568; 2372.025;  213.350;    0.000
596.691; 2306.025;  198.350;    0.000
596.815; 2397.025;  210.350;    0.000
596.938; 2362.025;  207.350;    0.000
597.062; 2353.025;  187.350;    0.000
597.186; 2273.025;  234.350;    0.000
597.309; 2286.025;  176.350;    0.000
597.433; 2215.025;  222.350;    0.000
597.556; 2090.025;  219.350;    0.000
597.680; 2115.025;  227.350;    0.000
597.803; 2041.025;  240.350;    0.000
597.926; 2066.025;  227.350;    0.000
598.050; 1954.025;  198.350;    0.000
598.173; 2040.025;  235.350;    0.000
598.297; 2012.025;  233.350;    0.000
598.420; 1967.025;  211.350;    0.000
598.543; 1898.025;  207.350;    0.000
598.667; 1888.025;  232.350;    0.000
598.790; 1945.025;  205.350;    0.000
598.913; 1913.025;  200.350;    0.000
599.037; 1916.025;  193.350;    0.000
599.160; 1978.025;  199.350;    0.000
599.283; 2009.025;  237.350;    0.000
599.406; 1865.025;  168.350;    0.000
599.530; 1929.025;  231.350;    0.000
599.653; 1887.025;  220.350;    0.000
599.776; 1706.025;  203.350;    0.000
599.899; 1849.025;  202.350;    0.000
600.022; 1713.025;  189.350;    0.000
600.145; 1843.025;  175.350;    0.000
600.269; 1698.025;  235.350;    0.000
600.392; 1732.025;  213.350;    0.000
600.515; 1799.025;  236.350;    0.000
600.638; 1689.025;  198.350;    0.000
600.761; 1780.025;  195.350;    0.000
600.884; 1604.025;  221.350;    0.000
601.007; 1711.025;  236.350;    0.000
601.130; 1744.025;  223.350;    0.000
601.253; 1731.025;  250.350;    0.000
601.376; 1657.025;  195.350;    0.000
601.499; 1699.025;  168.350;    0.000
601.622; 1682.025;  221.350;    0.000
601.745; 1641.025;  223.350;    0.000
601.868; 1782.025;  204.350;    0.000
601.991; 1533.025;  207.350;    0.000
602.113; 1648.025;  223.350;    0.000
602.236; 1598.025;  182.350;    0.000
602.359; 1679.025;  235.350;    0.000
602.482; 1626.025;  173.350;    0.000
602.605; 1533.025;  227.350;    0.000
602.728; 1583.025;  227.350;    0.000
602.850; 1556.025;  250.350;    0.000
602.973; 1474.025;  195.350;    0.000
603.096; 1520.025;  270.350;    0.000
603.219; 1585.025;  197.350;    0.000
603.341; 1578.025;  195.350;    0.000
603.464; 1525.025;  204.350;    0.000
603.587; 1570.025;  243.350;    0.000
603.709; 1491.025;  188.350;    0.000
603.832; 1577.025;  214.350;    0.000
603.955; 1510.025;  213.350;    0.000
604.077; 1519.025;  201.350;    0.000
604.200; 1570.025;  209.350;    0.000
604.323; 1560.025;  201.350;    0.000
604.445; 1509.025;  202.350;    0.000
604.568; 1608.025;  230.350;    0.000
604.690; 1398.025;  212.350;    0.000
604.813; 1440.025;  226.350;    0.000
604.935; 1549.025;  216.350;    0.000
605.058; 1507.025;  182.350;    0.000
605.180; 1535.025;  204.350;    0.000
605.303; 1486.025;  199.350;    0.000
605.425; 1517.025;  178.350;    0.000
605.547; 1459.025;  209.350;    0.000
605.670; 1370.025;  206.350;    0.000
605.792; 1390.025;  199.350;    0.000
605.915; 1492.025;  221.350;    0.000
606.037; 1445.025;  222.350;    0.000
606.159; 1364.025;  160.350;    0.000
606.282; 1462.025;  188.350;    0.000
606.404; 1392.025;  205.350;    0.000
606.526; 1417.025;  228.350;    0.000
606.648; 1397.025;  184.350;    0.000
606.771; 1381.025;  195.350;    0.000
606.893; 1490.025;  193.350;    0.000
607.015; 1447.025;  202.350;    0.000
607.137; 1367.025;  189.350;    0.000
607.260; 1347.025;  201.350;    0.000
607.382; 1435.025;  211.350;    0.000
607.504; 1448.025;  206.350;    0.000
607.626; 1492.025;  236.350;    0.000
607.748; 1528.025;  228.350;    0.000
607.870; 1346.025;  212.350;    0.000
607.992; 1490.025;  201.350;    0.000
608.114; 1371.025;  214.350;    0.000
608.237; 1377.025;  235.350;    0.000
608.359; 1369.025;  215.350;    0.000
608.481; 1346.025;  183.350;    0.000
608.603; 1342.025;  206.350;    0.000
608.725; 1278.025;  238.350;    0.000
608.847; 1359.025;  237.350;    0.000
608.969; 1383.025;  227.350;    0.000
609.090; 1472.025;  205.350;    0.000
609.212; 1332.025;  182.350;    0.000
609.334; 1386.025;  210.350;    0.000
609.456; 1416.025;  208.350;    0.000
609.578; 1330.025;  195.350;    0.000
609.700; 1287.025;  196.350;    0.000
609.822; 1267.025;  184.350;    0.000
609.944; 1300.025;  258.350;    0.000
610.065; 1309.025;  219.350;    0.000
610.187; 1358.025;  217.350;    0.000
610.309; 1334.025;  179.350;    0.000
610.431; 1258.025;  189.350;    0.000
610.552; 1323.025;  212.350;    0.000
610.674; 1355.025;  211.350;    0.000
610.796; 1314.025;  168.350;    0.000
610.918; 1278.025;  201.350;    0.000
611.039; 1302.025;  212.350;    0.000
611.161; 1436.025;  207.350;    0.000
611.282; 1238.025;  219.350;    0.000
611.404; 1330.025;  243.350;    0.000
611.526; 1320.025;  180.350;    0.000
611.647; 1352.025;  235.350;    0.000
611.769; 1203.025;  189.350;    0.000
611.890; 1250.025;  201.350;    0.000
612.012; 1288.025;  191.350;    0.000
612.133; 1345.025;  227.350;    0.000
612.255; 1307.025;  191.350;    0.000
612.377; 1264.025;  192.350;    0.000
612.498; 1390.025;  202.350;    0.000
612.619; 1315.025;  207.350;    0.000
612.741; 1267.025;  241.350;    0.000
612.862; 1340.025;  219.350;    0.000
612.984; 1207.025;  203.350;    0.000
613.105; 1270.025;  228.350;    0.000
613.226; 1316.025;  199.350;    0.000
613.348; 1312.025;  238.350;    0.000
613.469; 1261.025;  239.350;    0.000
613.590; 1204.025;  183.350;    0.000
613.712; 1212.025;  245.350;    0.000
613.833; 1247.025;  241.350;    0.000
613.954; 1449.025;  208.350;    0.000
614.076; 1365.025;  181.350;    0.000
614.197; 1257.025;  217.350;    0.000
614.318; 1359.025;  182.350;    0.000
614.439; 1364.025;  204.350;    0.000
614.560; 1351.025;  219.350;    0.000
614.682; 1233.025;  238.350;    0.000
614.803; 1239.025;  240.350;    0.000
614.924; 1392.025;  212.350;    0.000
615.045; 1389.025;  225.350;    0.000
615.166; 1394.025;  227.350;    0.000
615.287; 1541.025;  230.350;    0.000
615.408; 2094.025;  187.350;    0.000
615.529; 2299.025;  211.350;    0.000
615.650; 2093.025;  202.350;    0.000
615.771; 1820.025;  203.350;    0.000
615.892; 1713.025;  222.350;    0.000
616.013; 2314.025;  215.350;    0.000
616.134; 3150.025;  193.350;    0.000
616.255; 3025.025;  242.350;    0.000
616.376; 2389.025;  205.350;    0.000
616.497; 2043.025;  200.350;    0.000
616.618; 1808.025;  177.350;    0.000
616.739; 1680.025;  218.350;    0.000
616.860; 1635.025;  214.350;    0.000
616.981; 1539.025;  208.350;    0.000
617.102; 1492.025;  203.350;    0.000
617.222; 1475.025;  212.350;    0.000
617.343; 1327.025;  162.350;    0.000
617.464; 1462.025;  230.350;    0.000
617.585; 1410.025;  197.350;    0.000
617.705; 1361.025;  209.350;    0.000
617.826; 1416.025;  229.350;    0.000
617.947; 1248.025;  216.350;    0.000
618.068; 1322.025;  192.350;    0.000
618.188; 1256.025;  230.350;    0.000
618.309; 1317.025;  238.350;    0.000
618.430; 1327.025;  242.350;    0.000
618.550; 1295.025;  235.350;    0.000
618.671; 1258.025;  207.350;    0.000
618.791; 1299.025;  228.350;    0.000
618.912; 1265.025;  266.350;    0.000
619.033; 1266.025;  232.350;    0.000
619.153; 1304.025;  207.350;    0.000
619.274; 1220.025;  193.350;    0.000
619.394; 1292.025;  237.350;    0.000
619.515; 1249.025;  216.350;    0.000
619.635; 1250.025;  203.350;    0.000
619.756; 1173.025;  227.350;    0.000
619.876; 1201.025;  244.350;    0.000
619.996; 1237.025;  220.350;    0.000
620.117; 1259.025;  231.350;    0.000
620.237; 1248.025;  235.350;    0.000
620.358; 1191.025;  241.350;    0.000
620.478; 1271.025;  237.350;    0.000
620.598; 1215.025;  255.350;    0.000
620.719; 1238.025;  243.350;    0.000
620.839; 1273.025;  237.350;    0.000
620.959; 1256.025;  216.350;    0.000
621.079; 1204.025;  240.350;    0.000
621.200; 1046.025;  195.350;    0.000
621.320; 1198.025;  287.350;    0.000
621.440; 1193.025;  236.350;    0.000
621.560; 1223.025;  231.350;    0.000
621.681; 1205.025;  177.350;    0.000
621.801; 1214.025;  257.350;    0.000
621.921; 1148.025;  241.350;    0.000
622.041; 1183.025;  239.350;    0.000
622.161; 1160.025;  233.350;    0.000
622.281; 1183.025;  204.350;    0.000
622.401; 1268.025;  204.350;    0.000
622.521; 1189.025;  242.350;    0.000
622.641; 1194.025;  205.350;    0.000
622.761; 1171.025;  254.350;    0.000
622.882; 1128.025;  225.350;    0.000
623.002; 1211.025;  255.350;    0.000
623.121; 1157.025;  244.350;    0.000
623.241; 1234.025;  238.350;    0.000
623.361; 1080.025;  208.350;    0.000
623.481; 1135.025;  194.350;    0.000
623.601; 1166.025;  249.350;    0.000
623.721; 1139.025;  229.350;    0.000
623.841; 1222.025;  244.350;    0.000
623.961; 1207.025;  253.350;    0.000
624.081; 1096.025;  218.350;    0.000
624.201; 1192.025;  218.350;    0.000
624.320; 1138.025;  212.350;    0.000
624.440; 1090.025;  251.350;    0.000
624.560; 1202.025;  244.350;    0.000
624.680; 1131.025;  224.350;    0.000
624.799; 1023.025;  198.350;    0.000
624.919; 1158.025;  215.350;    0.000
625.039; 1154.025;  225.350;    0.000
625.159; 1136.025;  209.350;    0.000
625.278; 1172.025;  211.350;    0.000
625.398; 1166.025;  260.350;    0.000
625.518; 1072.025;  205.350;    0.000
625.637; 1168.025;  240.350;    0.000
625.757; 1195.025;  208.350;    0.000
625.876; 1095.025;  221.350;    0.000
625.996; 1054.025;  245.350;    0.000
626.115; 1179.025;  196.350;    0.000
626.235; 1061.025;  241.350;    0.000
626.354; 1190.025;  231.350;    0.000
626.474; 1112.025;  220.350;    0.000
626.594; 1092.025;  210.350;    0.000
626.713; 1094.025;  229.350;    0.000
626.832; 1119.025;  236.350;    0.000
626.952; 1116.025;  223.350;    0.000
627.071; 1055.025;  211.350;    0.000
627.191; 1119.025;  220.350;    0.000
627.310; 1104.025;  206.350;    0.000
627.429; 1068.025;  223.350;    0.000
627.549; 1029.025;  205.350;    0.000
627.668; 1060.025;  227.350;    0.000
627.787; 1134.025;  221.350;    0.000
627.907; 1071.025;  194.350;    0.000
628.026; 1065.025;  231.350;    0.000
628.145; 1073.025;  210.350;    0.000
628.264; 1093.025;  245.350;    0.000
628.384; 1120.025;  234.350;    0.000
628.503; 1058.025;  210.350;    0.000
628.622; 1063.025;  223.350;    0.000
628.741; 1093.025;  210.350;    0.000
628.860; 1039.025;  222.350;    0.000
628.980; 1041.025;  184.350;    0.000
629.099; 1090.025;  234.350;    0.000
629.218; 1032.025;  157.350;    0.000
629.337; 1125.025;  220.350;    0.000
629.456; 1078.025;  210.350;    0.000
629.575; 1161.025;  239.350;    0.000
629.694; 1052.025;  216.350;    0.000
629.813; 1097.025;  218.350;    0.000
629.932;  981.025;  175.350;    0.000
630.051; 1006.025;  218.350;    0.000
630.170; 1167.025;  215.350;    0.000
630.289; 1061.025;  203.350;    0.000
630.408; 1019.025;  180.350;    0.000
630.527; 1015.025;  249.350;    0.000
630.646; 1040.025;  186.350;    0.000
630.764; 1110.025;  189.350;    0.000
630.883; 1095.025;  221.350;    0.000
631.002; 1008.025;  191.350;    0.000
631.121; 1078.025;  210.350;    0.000
631.240;  963.025;  256.350;    0.000
631.359; 1124.025;  246.350;    0.000
631.477; 1048.025;  230.350;    0.000
631.596; 1155.025;  229.350;    0.000
631.715; 1150.025;  242.350;    0.000
631.834; 1094.025;  261.350;    0.000
631.952; 1033.025;  250.350;    0.000
632.071; 1069.025;  218.350;    0.000
632.190; 1016.025;  200.350;    0.000
632.308;  988.025;  226.350;    0.000
632.427; 1058.025;  234.350;    0.000
632.546; 1145.025;  250.350;    0.000
632.664; 1071.025;  224.350;    0.000
632.783; 1099.025;  211.350;    0.000
632.901; 1133.025;  254.350;    0.000
633.020; 1052.025;  204.350;    0.000
633.138; 1117.025;  228.350;    0.000
633.257; 1104.025;  219.350;    0.000
633.375; 1072.025;  243.350;    0.000
633.494; 1097.025;  242.350;    0.000
633.612; 1081.025;  227.350;    0.000
633.731; 1041.025;  221.350;    0.000
633.849; 1021.025;  239.350;    0.000
633.968;  985.025;  219.350;    0.000
634.086; 1051.025;  218.350;    0.000
634.204; 1093.025;  203.350;    0.000
634.323; 1099.025;  222.350;    0.000
634.441; 1071.025;  257.350;    0.000
634.559; 1035.025;  201.350;    0.000
634.678;  994.025;  214.350;    0.000
634.796; 1047.025;  207.350;    0.000
634.914;  940.025;  226.350;    0.000
635.032; 1034.025;  250.350;    0.000
635.151; 1012.025;  228.350;    0.000
635.269;  998.025;  188.350;    0.000
635.387; 1072.025;  247.350;    0.000
635.505; 1021.025;  250.350;    0.000
635.623; 1014.025;  230.350;    0.000
635.742; 1063.025;  209.350;    0.000
635.860; 1080.025;  239.350;    0.000
635.978;  981.025;  213.350;    0.000
636.096; 1033.025;  176.350;    0.000
636.214; 1004.025;  246.350;    0.000
636.332;  980.025;  224.350;    0.000
636.450; 1009.025;  215.350;    0.000
636.568; 1017.025;  246.350;    0.000
636.686;  907.025;  225.350;    0.000
636.804;  993.025;  218.350;    0.000
636.922; 1003.025;  195.350;    0.000
637.040; 1005.025;  213.350;    0.000
637.158;  979.025;  228.350;    0.000
637.276; 1072.025;  206.350;    0.000
637.394;  941.025;  224.350;    0.000
637.512; 1038.025;  245.350;    0.000
637.629; 1009.025;  234.350;    0.000
637.747; 1038.025;  233.350;    0.000
637.865;  959.025;  236.350;    0.000
637.983;  995.025;  235.350;    0.000
638.101;  964.025;  232.350;    0.000
638.218;  917.025;  256.350;    0.000
638.336; 1018.025;  216.350;    0.000
638.454; 1008.025;  255.350;    0.000
638.572; 1170.025;  237.350;    0.000
638.689;  947.025;  271.350;    0.000
638.807; 1077.025;  243.350;    0.000
638.925; 1028.025;  259.350;    0.000
639.042;  965.025;  185.350;    0.000
639.160; 1068.025;  250.350;    0.000
639.278;  946.025;  207.350;    0.000
639.395; 1029.025;  243.350;    0.000
639.513;  987.025;  235.350;    0.000
639.630; 1015.025;  230.350;    0.000
639.748; 1027.025;  192.350;    0.000
639.865; 1054.025;  219.350;    0.000
639.983;  993.025;  183.350;    0.000
640.100;  992.025;  251.350;    0.000
640.218;  964.025;  246.350;    0.000
640.335;  966.025;  227.350;    0.000
640.453;  996.025;  259.350;    0.000
640.570;  971.025;  251.350;    0.000
640.688; 1019.025;  223.350;    0.000
640.805; 1023.025;  246.350;    0.000
640.922; 1020.025;  249.350;    0.000
641.040; 1021.025;  257.350;    0.000
641.157;  962.025;  207.350;    0.000
641.274; 1140.025;  241.350;    0.000
641.391;  976.025;  246.350;    0.000
641.509;  939.025;  216.350;    0.000
641.626;  983.025;  252.350;    0.000
641.743; 1024.025;  215.350;    0.000
641.860; 1011.025;  234.350;    0.000
641.978;  953.025;  216.350;    0.000
642.095;  986.025;  247.350;    0.000
642.212; 1000.025;  199.350;    0.000
642.329;  991.025;  237.350;    0.000
642.446;  988.025;  222.350;    0.000
642.563; 1063.025;  287.350;    0.000
642.681;  926.025;  261.350;    0.000
642.798;  963.025;  251.350;    0.000
642.915;  998.025;  238.350;    0.000
643.032;  985.025;  246.350;    0.000
643.149;  974.025;  239.350;    0.000
643.266;  980.025;  238.350;    0.000
643.383;  958.025;  231.350;    0.000
643.500;  942.025;  212.350;    0.000
643.617;  931.025;  236.350;    0.000
643.734;  988.025;  239.350;    0.000
643.850; 1001.025;  234.350;    0.000
643.967; 1036.025;  253.350;    0.000
644.084;  964.025;  253.350;    0.000
644.201;  934.025;  227.350;    0.000
644.318; 1005.025;  247.350;    0.000
644.435;  985.025;  264.350;    0.000
644.552;  955.025;  230.350;    0.000
644.668;  943.025;  250.350;    0.000
644.785; 1050.025;  235.350;    0.000
644.902; 1075.025;  227.350;    0.000
645.019;  971.025;  203.350;    0.000
645.135; 1018.025;  210.350;    0.000
645.252;  964.025;  206.350;    0.000
645.369;  938.025;  235.350;    0.000
645.485;  916.025;  223.350;    0.000
645.602; 1010.025;  205.350;    0.000
645.719;  952.025;  222.350;    0.000
645.835; 1031.025;  246.350;    0.000
645.952;  958.025;  239.350;    0.000
646.068; 1021.025;  225.350;    0.000
646.185; 1086.025;  248.350;    0.000
646.302;  995.025;  226.350;    0.000
646.418; 1014.025;  228.350;    0.000
646.535; 1002.025;  219.350;    0.000
646.651; 1037.025;  204.350;    0.000
646.768;  966.025;  247.350;    0.000
646.884;  988.025;  228.350;    0.000
647.000;  948.025;  223.350;    0.000
647.117; 1004.025;  251.350;    0.000
647.233; 1011.025;  223.350;    0.000
647.350;  922.025;  237.350;    0.000
647.466; 1061.025;  223.350;    0.000
647.582;  989.025;  243.350;    0.000
647.699; 1009.025;  223.350;    0.000
647.815; 1034.025;  215.350;    0.000
647.931;  960.025;  214.350;    0.000
648.047;  951.025;  199.350;    0.000
648.164;  951.025;  233.350;    0.000
648.280; 1107.025;  231.350;    0.000
648.396;  974.025;  215.350;    0.000
648.512; 1037.025;  252.350;    0.000
648.629;  984.025;  237.350;    0.000
648.745;  956.025;  216.350;    0.000
648.861; 1072.025;  207.350;    0.000
648.977; 1014.025;  247.350;    0.000
649.093;  949.025;  221.350;    0.000
649.209; 1055.025;  232.350;    0.000
649.325; 1077.025;  245.350;    0.000
649.441; 1043.025;  253.350;    0.000
649.557;  976.025;  221.350;    0.000
649.673;  991.025;  182.350;    0.000
649.789; 1030.025;  245.350;    0.000
649.905;  919.025;  204.350;    0.000
650.021; 1048.025;  270.350;    0.000
650.137; 1063.025;  218.350;    0.000
650.253; 1126.025;  268.350;    0.000
650.369; 1046.025;  222.350;    0.000
650.485;  984.025;  215.350;    0.000
650.601; 1039.025;  218.350;    0.000
650.717; 1012.025;  208.350;    0.000
650.833; 1014.025;  263.350;    0.000
650.948; 1012.025;  266.350;    0.000
651.064; 1015.025;  271.350;    0.000
651.180; 1146.025;  232.350;    0.000
651.296; 1023.025;  237.350;    0.000
651.411; 1060.025;  233.350;    0.000
651.527;  975.025;  232.350;    0.000
651.643; 1052.025;  259.350;    0.000
651.759; 1030.025;  257.350;    0.000
651.874; 1030.025;  216.350;    0.000
651.990; 1027.025;  234.350;    0.000
652.105; 1014.025;  195.350;    0.000
652.221; 1007.025;  245.350;    0.000
652.337; 1008.025;  210.350;    0.000
652.452; 1006.025;  259.350;    0.000
652.568;  986.025;  202.350;    0.000
652.683; 1020.025;  233.350;    0.000
652.799; 1100.025;  230.350;    0.000
652.914;  975.025;  198.350;    0.000
653.030; 1042.025;  203.350;    0.000
653.145; 1080.025;  228.350;    0.000
653.261; 1043.025;  244.350;    0.000
653.376; 1027.025;  214.350;    0.000
653.492; 1010.025;  246.350;    0.000
653.607; 1086.025;  241.350;    0.000
653.722; 1105.025;  257.350;    0.000
653.838; 1118.025;  265.350;    0.000
653.953; 1014.025;  252.350;    0.000
654.068; 1100.025;  270.350;    0.000
654.184; 1186.025;  248.350;    0.000
654.299; 1119.025;  226.350;    0.000
654.414; 1036.025;  190.350;    0.000
654.530; 1086.025;  263.350;    0.000
654.645; 1141.025;  240.350;    0.000
654.760; 1260.025;  243.350;    0.000
654.875; 1226.025;  210.350;    0.000
654.990; 1309.025;  250.350;    0.000
655.106; 1272.025;  277.350;    0.000
655.221; 1305.025;  249.350;    0.000
655.336; 1279.025;  239.350;    0.000
655.451; 1312.025;  226.350;    0.000
655.566; 1307.025;  236.350;    0.000
655.681; 1433.025;  272.350;    0.000
655.796; 1417.025;  224.350;    0.000
655.911; 1424.025;  247.350;    0.000
656.026; 1423.025;  240.350;    0.000
656.141; 1596.025;  239.350;    0.000
656.256; 1467.025;  241.350;    0.000
656.371; 1577.025;  213.350;    0.000
656.486; 1545.025;  275.350;    0.000
656.601; 1628.025;  225.350;    0.000
656.716; 1389.025;  239.350;    0.000
656.831; 1604.025;  260.350;    0.000
656.946; 1517.025;  250.350;    0.000
657.060; 1449.025;  257.350;    0.000
657.175; 1443.025;  256.350;    0.000
657.290; 1421.025;  255.350;    0.000
657.405; 1357.025;  303.350;    0.000
657.520; 1297.025;  272.350;    0.000
657.634; 1273.025;  268.350;    0.000
657.749; 1210.025;  261.350;    0.000
657.864; 1319.025;  235.350;    0.000
657.979; 1261.025;  257.350;    0.000
658.093; 1211.025;  243.350;    0.000
658.208; 1307.025;  281.350;    0.000
658.323; 1196.025;  240.350;    0.000
658.437; 1222.025;  285.350;    0.000
658.552; 1199.025;  262.350;    0.000
658.666; 1184.025;  269.350;    0.000
658.781; 1218.025;  244.350;    0.000
658.895; 1119.025;  259.350;    0.000
659.010; 1152.025;  254.350;    0.000
659.125; 1198.025;  210.350;    0.000
659.239; 1097.025;  212.350;    0.000
659.353; 1116.025;  269.350;    0.000
659.468; 1100.025;  269.350;    0.000
659.582; 1105.025;  244.350;    0.000
659.697; 1086.025;  262.350;    0.000
659.811; 1077.025;  271.350;    0.000
659.926; 1041.025;  232.350;    0.000
660.040; 1131.025;  250.350;    0.000
660.154; 1057.025;  209.350;    0.000
660.269; 1138.025;  212.350;    0.000
660.383; 1019.025;  237.350;    0.000
660.497; 1037.025;  231.350;    0.000
660.612; 1036.025;  232.350;    0.000
660.726; 1133.025;  276.350;    0.000
660.840; 1052.025;  235.350;    0.000
660.954; 1024.025;  224.350;    0.000
661.068; 1057.025;  241.350;    0.000
661.183; 1041.025;  223.350;    0.000
661.297; 1033.025;  255.350;    0.000
661.411;  969.025;  223.350;    0.000
661.525; 1025.025;  249.350;    0.000
661.639;  937.025;  264.350;    0.000
661.753; 1027.025;  225.350;    0.000
661.867;  989.025;  245.350;    0.000
661.981; 1007.025;  225.350;    0.000
662.095; 1009.025;  262.350;    0.000
662.209;  931.025;  225.350;    0.000
662.323; 1000.025;  228.350;    0.000
662.437;  993.025;  230.350;    0.000
662.551;  960.025;  234.350;    0.000
662.665;  953.025;  212.350;    0.000
662.779;  934.025;  254.350;    0.000
662.893; 1033.025;  269.350;    0.000
663.007;  921.025;  196.350;    0.000
663.121;  955.025;  262.350;    0.000
663.235;  927.025;  263.350;    0.000
663.349;  968.025;  242.350;    0.000
663.462;  901.025;  234.350;    0.000
663.576;  917.025;  219.350;    0.000
663.690;  968.025;  234.350;    0.000
663.804;  860.025;  205.350;    0.000
663.917;  833.025;  224.350;    0.000
664.031;  869.025;  208.350;    0.000
664.145;  905.025;  241.350;    0.000
664.258;  907.025;  188.350;    0.000
664.372;  901.025;  214.350;    0.000
664.486;  871.025;  203.350;    0.000
664.599;  847.025;  217.350;    0.000
664.713;  935.025;  286.350;    0.000
664.827;  886.025;  199.350;    0.000
664.940;  933.025;  250.350;    0.000
665.054;  866.025;  261.350;    0.000
665.167;  864.025;  258.350;    0.000
665.281;  890.025;  234.350;    0.000
665.394;  868.025;  213.350;    0.000
665.508;  929.025;  222.350;    0.000
665.621;  900.025;  254.350;    0.000
665.735;  891.025;  252.350;    0.000
665.848;  904.025;  248.350;    0.000
665.961;  871.025;  234.350;    0.000
666.075;  931.025;  262.350;    0.000
666.188;  897.025;  270.350;    0.000
666.301;  940.025;  237.350;    0.000
666.415;  861.025;  245.350;    0.000
666.528;  888.025;  248.350;    0.000
666.641;  908.025;  210.350;    0.000
666.755;  875.025;  218.350;    0.000
666.868;  837.025;  224.350;    0.000
666.981;  923.025;  244.350;    0.000
667.094;  885.025;  279.350;    0.000
667.207;  839.025;  190.350;    0.000
667.321;  804.025;  210.350;    0.000
667.434;  831.025;  205.350;    0.000
667.547;  928.025;  253.350;    0.000
667.660;  803.025;  243.350;    0.000
667.773;  874.025;  242.350;    0.000
667.886;  815.025;  218.350;    0.000
667.999;  852.025;  226.350;    0.000
668.112;  887.025;  258.350;    0.000
668.225;  862.025;  243.350;    0.000
668.338;  836.025;  224.350;    0.000
668.451;  782.025;  250.350;    0.000
668.564;  853.025;  260.350;    0.000
668.677;  776.025;  204.350;    0.000
668.790;  802.025;  229.350;    0.000
668.903;  879.025;  269.350;    0.000
669.016;  816.025;  228.350;    0.000
669.129;  805.025;  253.350;    0.000
669.242;  815.025;  245.350;    0.000
669.354;  864.025;  234.350;    0.000
669.467;  842.025;  256.350;    0.000
669.580;  795.025;  223.350;    0.000
669.693;  823.025;  252.350;    0.000
669.806;  822.025;  212.350;    0.000
669.918;  827.025;  228.350;    0.000
670.031;  846.025;  265.350;    0.000
670.144;  830.025;  255.350;    0.000
670.256;  804.025;  229.350;    0.000
670.369;  802.025;  301.350;    0.000
670.482;  762.025;  263.350;    0.000
670.594;  816.025;  246.350;    0.000
670.707;  844.025;  255.350;    0.000
670.820;  809.025;  256.350;    0.000
670.932;  796.025;  210.350;    0.000
671.045;  802.025;  249.350;    0.000
671.157;  797.025;  254.350;    0.000
671.270;  809.025;  265.350;    0.000
671.382;  827.025;  219.350;    0.000
671.495;  809.025;  242.350;    0.000
671.607;  862.025;  266.350;    0.000
671.720;  865.025;  238.350;    0.000
671.832;  733.025;  220.350;    0.000
671.944;  874.025;  251.350;    0.000
672.057;  825.025;  232.350;    0.000
672.169;  822.025;  240.350;    0.000
672.281;  889.025;  270.350;    0.000
672.394;  869.025;  257.350;    0.000
672.506;  840.025;  247.350;    0.000
672.618;  857.025;  229.350;    0.000
672.731;  826.025;  227.350;    0.000
672.843;  765.025;  282.350;    0.000
672.955;  833.025;  262.350;    0.000
673.067;  817.025;  277.350;    0.000
673.180;  831.025;  280.350;    0.000
673.292;  818.025;  241.350;    0.000
673.404;  809.025;  234.350;    0.000
673.516;  803.025;  224.350;    0.000
673.628;  793.025;  272.350;    0.000
673.740;  776.025;  249.350;    0.000
673.852;  872.025;  288.350;    0.000
673.964;  821.025;  278.350;    0.000
674.076;  822.025;  273.350;    0.000
674.188;  791.025;  251.350;    0.000
674.300;  805.025;  244.350;    0.000
674.412;  841.025;  267.350;    0.000
674.524;  833.025;  276.350;    0.000
674.636;  810.025;  234.350;    0.000
674.748;  814.025;  267.350;    0.000
674.860;  797.025;  255.350;    0.000
674.972;  851.025;  253.350;    0.000
675.084;  761.025;  253.350;    0.000
675.196;  842.025;  300.350;    0.000
675.307;  848.025;  307.350;    0.000
675.419;  753.025;  245.350;    0.000
675.531;  894.025;  292.350;    0.000
675.643;  787.025;  244.350;    0.000
675.755;  762.025;  265.350;    0.000
675.866;  821.025;  281.350;    0.000
675.978;  777.025;  266.350;    0.000
676.090;  746.025;  267.350;    0.000
676.201;  776.025;  265.350;    0.000
676.313;  810.025;  222.350;    0.000
676.425;  825.025;  248.350;    0.000
676.536;  803.025;  234.350;    0.000
676.648;  774.025;  261.350;    0.000
676.759;  789.025;  280.350;    0.000
676.871;  790.025;  260.350;    0.000
676.983;  839.025;  277.350;    0.000
677.094;  798.025;  252.350;    0.000
677.206;  778.025;  238.350;    0.000
677.317;  745.025;  269.350;    0.000
677.429;  756.025;  245.350;    0.000
677.540;  778.025;  244.350;    0.000
677.651;  666.025;  225.350;    0.000
677.763;  762.025;  216.350;    0.000
677.874;  721.025;  226.350;    0.000
677.986;  781.025;  234.350;    0.000
678.097;  770.025;  237.350;    0.000
678.208;  794.025;  278.350;    0.000
678.320;  786.025;  243.350;    0.000
678.431;  743.025;  248.350;    0.000
678.542;  765.025;  240.350;    0.000
678.653;  716.025;  250.350;    0.000
678.765;  814.025;  258.350;    0.000
678.876;  750.025;  221.350;    0.000
678.987;  702.025;  229.350;    0.000
679.098;  765.025;  233.350;    0.000
679.209;  781.025;  274.350;    0.000
679.320;  704.025;  216.350;    0.000
679.432;  740.025;  246.350;    0.000
679.543;  694.025;  226.350;    0.000
679.654;  737.025;  232.350;    0.000
679.765;  755.025;  246.350;    0.000
679.876;  783.025;  263.350;    0.000
679.987;  753.025;  216.350;    0.000
680.098;  746.025;  262.350;    0.000
680.209;  731.025;  219.350;    0.000
680.320;  778.025;  232.350;    0.000
680.431;  726.025;  261.350;    0.000
680.542;  705.025;  219.350;    0.000
680.653;  778.025;  238.350;    0.000
680.763;  686.025;  191.350;    0.000
680.874;  680.025;  267.350;    0.000
680.985;  714.025;  240.350;    0.000
681.096;  707.025;  251.350;    0.000
681.207;  808.025;  232.350;    0.000
681.318;  742.025;  211.350;    0.000
681.428;  739.025;  233.350;    0.000
681.539;  682.025;  197.350;    0.000
681.650;  718.025;  197.350;    0.000
681.760;  763.025;  243.350;    0.000
681.871;  716.025;  245.350;    0.000
681.982;  758.025;  218.350;    0.000
682.093;  752.025;  262.350;    0.000
682.203;  774.025;  250.350;    0.000
682.314;  752.025;  239.350;    0.000
682.424;  769.025;  250.350;    0.000
682.535;  676.025;  206.350;    0.000
682.646;  765.025;  302.350;    0.000
682.756;  766.025;  258.350;    0.000
682.867;  797.025;  265.350;    0.000
682.977;  763.025;  218.350;    0.000
683.088;  661.025;  264.350;    0.000
683.198;  669.025;  236.350;    0.000
683.308;  752.025;  246.350;    0.000
683.419;  721.025;  296.350;    0.000
683.529;  744.025;  242.350;    0.000
683.640;  709.025;  245.350;    0.000
683.750;  721.025;  213.350;    0.000
683.860;  781.025;  256.350;    0.000
683.971;  767.025;  251.350;    0.000
684.081;  769.025;  232.350;    0.000
684.191;  789.025;  252.350;    0.000
684.301;  655.025;  214.350;    0.000
684.412;  749.025;  261.350;    0.000
684.522;  678.025;  243.350;    0.000
684.632;  747.025;  257.350;    0.000
684.742;  719.025;  271.350;    0.000
684.852;  736.025;  258.350;    0.000
684.963;  759.025;  262.350;    0.000
685.073;  676.025;  219.350;    0.000
685.183;  722.025;  270.350;    0.000
685.293;  700.025;  233.350;    0.000
685.403;  867.025;  274.350;    0.000
685.513;  746.025;  280.350;    0.000
685.623;  713.025;  267.350;    0.000
685.733;  706.025;  274.350;    0.000
685.843;  725.025;  274.350;    0.000
685.953;  724.025;  244.350;    0.000
686.063;  736.025;  261.350;    0.000
686.173;  781.025;  283.350;    0.000
686.283;  728.025;  260.350;    0.000
686.393;  707.025;  256.350;    0.000
686.503;  729.025;  295.350;    0.000
686.612;  753.025;  294.350;    0.000
686.722;  761.025;  263.350;    0.000
686.832;  769.025;  291.350;    0.000
686.942;  782.025;  229.350;    0.000
687.052;  745.025;  241.350;    0.000
687.161;  763.025;  304.350;    0.000
687.271;  755.025;  223.350;    0.000
687.381;  733.025;  273.350;    0.000
687.491;  758.025;  246.350;    0.000
687.600;  739.025;  242.350;    0.000
687.710;  722.025;  225.350;    0.000
687.820;  718.025;  259.350;    0.000
687.929;  749.025;  232.350;    0.000
688.039;  748.025;  248.350;    0.000
688.148;  704.025;  250.350;    0.000
688.258;  670.025;  240.350;    0.000
688.367;  748.025;  253.350;    0.000
688.477;  707.025;  229.350;    0.000
688.586;  657.025;  259.350;    0.000
688.696;  697.025;  250.350;    0.000
688.805;  746.025;  279.350;    0.000
688.915;  693.025;  250.350;    0.000
689.024;  716.025;  240.350;    0.000
689.134;  727.025;  269.350;    0.000
689.243;  669.025;  214.350;    0.000
689.352;  798.025;  257.350;    0.000
689.462;  697.025;  248.350;    0.000
689.571;  655.025;  233.350;    0.000
689.680;  728.025;  236.350;    0.000
689.790;  701.025;  238.350;    0.000
689.899;  732.025;  232.350;    0.000
690.008;  729.025;  259.350;    0.000
690.117;  666.025;  254.350;    0.000
690.227;  733.025;  251.350;    0.000
690.336;  739.025;  240.350;    0.000
690.445;  711.025;  235.350;    0.000
690.554;  679.025;  243.350;    0.000
690.663;  714.025;  214.350;    0.000
690.772;  713.025;  247.350;    0.000
690.881;  742.025;  249.350;    0.000
690.990;  722.025;  265.350;    0.000
691.099;  704.025;  217.350;    0.000
691.209;  700.025;  272.350;    0.000
691.318;  693.025;  223.350;    0.000
691.427;  688.025;  212.350;    0.000
691.536;  700.025;  260.350;    0.000
691.644;  705.025;  246.350;    0.000
691.753;  747.025;  251.350;    0.000
691.862;  747.025;  239.350;    0.000
691.971;  687.025;  253.350;    0.000
692.080;  723.025;  255.350;    0.000
692.189;  685.025;  228.350;    0.000
692.298;  726.025;  243.350;    0.000
692.406;  752.025;  269.350;    0.000
692.515;  786.025;  254.350;    0.000
692.624;  728.025;  225.350;    0.000
692.733;  723.025;  245.350;    0.000
692.842;  736.025;  259.350;    0.000
692.950;  759.025;  226.350;    0.000
693.059;  724.025;  216.350;    0.000
693.168;  691.025;  266.350;    0.000
693.276;  728.025;  236.350;    0.000
693.385;  717.025;  257.350;    0.000
693.494;  712.025;  268.350;    0.000
693.602;  687.025;  239.350;    0.000
693.711;  698.025;  224.350;    0.000
693.819;  745.025;  263.350;    0.000
693.928;  741.025;  270.350;    0.000
694.036;  657.025;  247.350;    0.000
694.145;  706.025;  261.350;    0.000
694.253;  734.025;  261.350;    0.000
694.362;  727.025;  253.350;    0.000
694.470;  741.025;  270.350;    0.000
694.579;  663.025;  233.350;    0.000
694.687;  732.025;  260.350;    0.000
694.795;  726.025;  228.350;    0.000
694.904;  674.025;  228.350;    0.000
695.012;  767.025;  288.350;    0.000
695.120;  750.025;  230.350;    0.000
695.229;  707.025;  287.350;    0.000
695.337;  702.025;  249.350;    0.000
695.445;  790.025;  283.350;    0.000
695.553;  746.025;  251.350;    0.000
695.662;  674.025;  236.350;    0.000
695.770;  728.025;  267.350;    0.000
695.878;  750.025;  268.350;    0.000
695.986;  778.025;  297.350;    0.000
696.094;  726.025;  275.350;    0.000
696.202;  668.025;  201.350;    0.000
696.310;  755.025;  283.350;    0.000
696.419;  762.025;  261.350;    0.000
696.527;  734.025;  252.350;    0.000
696.635;  714.025;  249.350;    0.000
696.743;  691.025;  236.350;    0.000
696.851;  706.025;  241.350;    0.000
696.959;  764.025;  278.350;    0.000
697.067;  674.025;  239.350;    0.000
697.174;  694.025;  260.350;    0.000
697.282;  736.025;  259.350;    0.000
697.390;  730.025;  302.350;    0.000
697.498;  725.025;  216.350;    0.000
697.606;  692.025;  245.350;    0.000
697.714;  680.025;  279.350;    0.000
697.822;  797.025;  267.350;    0.000
697.929;  704.025;  234.350;    0.000
698.037;  701.025;  255.350;    0.000
698.145;  707.025;  226.350;    0.000
698.253;  733.025;  261.350;    0.000
698.360;  757.025;  299.350;    0.000
698.468;  699.025;  254.350;    0.000
698.576;  723.025;  307.350;    0.000
698.683;  648.025;  280.350;    0.000
698.791;  729.025;  284.350;    0.000
698.899;  751.025;  279.350;    0.000
699.006;  716.025;  264.350;    0.000
699.114;  752.025;  263.350;    0.000
699.221;  733.025;  291.350;    0.000
699.329;  751.025;  309.350;    0.000
699.436;  720.025;  261.350;    0.000
699.544;  709.025;  259.350;    0.000
699.651;  713.025;  251.350;    0.000
699.759;  733.025;  251.350;    0.000
699.866;  730.025;  266.350;    0.000
699.974;  649.025;  264.350;    0.000
700.081;  703.025;  295.350;    0.000
700.188;  749.025;  293.350;    0.000
700.296;  705.025;  233.350;    0.000
700.403;  768.025;  290.350;    0.000
700.510;  735.025;  275.350;    0.000
700.618;  700.025;  273.350;    0.000
700.725;  701.025;  262.350;    0.000
700.832;  709.025;  250.350;    0.000
700.940;  803.025;  300.350;    0.000
701.047;  724.025;  245.350;    0.000
701.154;  715.025;  280.350;    0.000
701.261;  673.025;  270.350;    0.000
701.368;  761.025;  286.350;    0.000
701.475;  708.025;  301.350;    0.000
701.582;  751.025;  286.350;    0.000
701.690;  758.025;  279.350;    0.000
701.797;  773.025;  292.350;    0.000
701.904;  745.025;  314.350;    0.000
702.011;  803.025;  340.350;    0.000
702.118;  716.025;  276.350;    0.000
702.225;  786.025;  351.350;    0.000
702.332;  753.025;  301.350;    0.000
702.439;  727.025;  334.350;    0.000
702.546;  746.025;  325.350;    0.000
702.652;  761.025;  343.350;    0.000
702.759;  802.025;  339.350;    0.000
702.866;  767.025;  344.350;    0.000
702.973;  788.025;  330.350;    0.000
703.080;  792.025;  322.350;    0.000
703.187;  799.025;  327.350;    0.000
703.294;  802.025;  339.350;    0.000
703.400;  712.025;  325.350;    0.000
703.507;  431.025;  372.350;    0.000
703.614;  335.025;  348.350;    0.000
703.720;  348.025;  333.350;    0.000
703.827;  362.025;  331.350;    0.000
703.934;  339.025;  330.350;    0.000
704.040;  298.025;  327.350;    0.000
704.147;  312.025;  327.350;    0.000
704.254;  395.025;  354.350;    0.000
704.360;  352.025;  337.350;    0.000
704.467;  372.025;  370.350;    0.000
704.573;  318.025;  367.350;    0.000
704.680;  351.025;  339.350;    0.000
704.786;  350.025;  356.350;    0.000
704.893;  349.025;  352.350;    0.000
704.999;  305.025;  332.350;    0.000
705.106;  360.025;  359.350;    0.000

