
Integration time [ms]:   1.000
Averaging Nr. [scans]: 1
Smoothing Nr. [pixels]: 0
Data measured with spectrometer [name]: NIR
Wave   ;Sample   ;Dark     ;Reference
[nm]   ;[counts] ;[counts] ;[counts] 

691.496;  -76.900;  163.125;    0.000
691.696;   16.100;  208.125;    0.000
691.896;  -34.900;  111.125;    0.000
692.096;   -9.900;  178.125;    0.000
692.296;  -56.900;   93.125;    0.000
692.496;    1.100;  161.125;    0.000
692.695;  -52.900;  135.125;    0.000
692.895;   28.100;  179.125;    0.000
693.095;  -33.900;  158.125;    0.000
693.295;   -8.900;  168.125;    0.000
693.495;  -33.900;  170.125;    0.000
693.695;  -52.900;  155.125;    0.000
693.894;  -32.900;  151.125;    0.000
694.094;  -33.900;  164.125;    0.000
694.294;  -22.900;  129.125;    0.000
694.494;  338.100;  170.125;    0.000
694.693; 3399.100;  137.125;    0.000
694.893; 3871.100;  163.125;    0.000
695.093; 3898.100;  121.125;    0.000
695.293; 3732.100;  144.125;    0.000
695.492; 3792.100;   88.125;    0.000
695.692; 3815.100;  148.125;    0.000
695.891; 3917.100;  125.125;    0.000
696.091; 3952.100;  184.125;    0.000
696.291; 3843.100;  153.125;    0.000
696.490; 3987.100;  131.125;    0.000
696.690; 3837.100;  123.125;    0.000
696.889; 3954.100;  180.125;    0.000
697.089; 3919.100;  147.125;    0.000
697.288; 4117.100;  164.125;    0.000
697.488; 3977.100;  133.125;    0.000
697.687; 3978.100;  153.125;    0.000
697.887; 3912.100;  119.125;    0.000
698.086; 3915.100;  143.125;    0.000
698.286; 3994.100;  125.125;    0.000
698.485; 3998.100;  120.125;    0.000
698.684; 4044.100;  116.125;    0.000
698.884; 4019.100;  131.125;    0.000
699.083; 4007.100;  115.125;    0.000
699.282; 3948.100;  144.125;    0.000
699.482; 3958.100;  109.125;    0.000
699.681; 3985.100;  115.125;    0.000
699.880; 4053.100;  125.125;    0.000
700.080; 4123.100;  139.125;    0.000
700.279; 3951.100;  111.125;    0.000
700.478; 4086.100;  146.125;    0.000
700.677; 4082.100;  131.125;    0.000
700.877; 4184.100;  156.125;    0.000
701.076; 4123.100;  153.125;    0.000
701.275; 4015.100;  123.125;    0.000
701.474; 4134.100;  150.125;    0.000
701.673; 4022.100;   97.125;    0.000
701.872; 4073.100;  139.125;    0.000
702.071; 4171.100;  108.125;    0.000
702.271; 4003.100;  125.125;    0.000
702.470; 4300.100;  108.125;    0.000
702.669; 4158.100;  102.125;    0.000
702.868; 4172.100;  153.125;    0.000
703.067; 4165.100;  145.125;    0.000
703.266; 4111.100;   96.125;    0.000
703.465; 4187.100;  165.125;    0.000
703.664; 4106.100;  106.125;    0.000
703.863; 4123.100;  144.125;    0.000
704.062; 4144.100;   86.125;    0.000
704.260; 4279.100;   99.125;    0.000
704.459; 4299.100;  112.125;    0.000
704.658; 4208.100;  106.125;    0.000
704.857; 4197.100;  129.125;    0.000
705.056; 4235.100;   98.125;    0.000
705.255; 4233.100;   97.125;    0.000
705.454; 4219.100;  101.125;    0.000
705.652; 4143.100;  142.125;    0.000
705.851; 4108.100;  100.125;    0.000
706.050; 4295.100;  162.125;    0.000
706.249; 4276.100;  146.125;    0.000
706.447; 4323.100;  120.125;    0.000
706.646; 4263.100;  114.125;    0.000
706.845; 4151.100;  117.125;    0.000
707.043; 4391.100;  136.125;    0.000
707.242; 4245.100;   90.125;    0.000
707.441; 4327.100;  131.125;    0.000
707.639; 4443.100;  120.125;    0.000
707.838; 4193.100;  122.125;    0.000
708.037; 4277.100;  109.125;    0.000
708.235; 4362.100;  122.125;    0.000
708.434; 4365.100;  109.125;    0.000
708.632; 4247.100;   47.125;    0.000
708.831; 4414.100;  122.125;    0.000
709.029; 4338.100;  130.125;    0.000
709.228; 4416.100;  112.125;    0.000
709.426; 4450.100;  128.125;    0.000
709.625; 4391.100;  129.125;    0.000
709.823; 4472.100;  130.125;    0.000
710.022; 4350.100;   90.125;    0.000
710.220; 4407.100;  131.125;    0.000
710.418; 4406.100;  133.125;    0.000
710.617; 4413.100;   82.125;    0.000
710.815; 4425.100;   90.125;    0.000
711.013; 4474.100;   86.125;    0.000
711.212; 4417.100;  117.125;    0.000
711.410; 4510.100;  106.125;    0.000
711.608; 4456.100;  138.125;    0.000
711.807; 4502.100;  116.125;    0.000
712.005; 4502.100;   82.125;    0.000
712.203; 4394.100;   90.125;    0.000
712.401; 4540.100;  124.125;    0.000
712.599; 4495.100;   64.125;    0.000
712.798; 4518.100;  113.125;    0.000
712.996; 4616.100;  100.125;    0.000
713.194; 4566.100;  130.125;    0.000
713.392; 4637.100;   89.125;    0.000
713.590; 4609.100;  105.125;    0.000
713.788; 4674.100;  100.125;    0.000
713.986; 4803.100;  117.125;    0.000
714.184; 4702.100;   72.125;    0.000
714.382; 4662.100;   88.125;    0.000
714.580; 4810.100;   88.125;    0.000
714.778; 4808.100;  129.125;    0.000
714.976; 4901.100;   90.125;    0.000
715.174; 4892.100;  119.125;    0.000
715.372; 5006.100;  117.125;    0.000
715.570; 5342.100;  101.125;    0.000
715.768; 5617.100;  122.125;    0.000
715.966; 5716.100;  114.125;    0.000
716.164; 5417.100;  135.125;    0.000
716.362; 5458.100;  126.125;    0.000
716.560; 5348.100;  126.125;    0.000
716.758; 5336.100;   98.125;    0.000
716.955; 5207.100;   76.125;    0.000
717.153; 5194.100;   45.125;    0.000
717.351; 5214.100;  106.125;    0.000
717.549; 5139.100;  108.125;    0.000
717.746; 5181.100;   66.125;    0.000
717.944; 5075.100;  127.125;    0.000
718.142; 5178.100;  148.125;    0.000
718.340; 4968.100;   94.125;    0.000
718.537; 5037.100;  107.125;    0.000
718.735; 5182.100;  130.125;    0.000
718.933; 5103.100;  111.125;    0.000
719.130; 5016.100;  107.125;    0.000
719.328; 5089.100;  128.125;    0.000
719.525; 5036.100;  141.125;    0.000
719.723; 5112.100;  122.125;    0.000
719.920; 4969.100;   85.125;    0.000
720.118; 4971.100;  115.125;    0.000
720.316; 5052.100;  153.125;    0.000
720.513; 5105.100;  120.125;    0.000
720.711; 4965.100;  134.125;    0.000
720.908; 5046.100;  126.125;    0.000
721.105; 5099.100;  119.125;    0.000
721.303; 5047.100;  112.125;    0.000
721.500; 4972.100;  125.125;    0.000
721.698; 5060.100;   94.125;    0.000
721.895; 5030.100;  118.125;    0.000
722.092; 5109.100;   77.125;    0.000
722.290; 4999.100;  135.125;    0.000
722.487; 5023.100;  154.125;    0.000
722.684; 4899.100;  122.125;    0.000
722.882; 5028.100;   90.125;    0.000
723.079; 5070.100;  132.125;    0.000
723.276; 5109.100;   95.125;    0.000
723.473; 5119.100;  106.125;    0.000
723.671; 4969.100;   80.125;    0.000
723.868; 5081.100;  112.125;    0.000
724.065; 5090.100;  107.125;    0.000
724.262; 5278.100;  119.125;    0.000
724.459; 5077.100;   80.125;    0.000
724.656; 5166.100;  109.125;    0.000
724.854; 5106.100;  107.125;    0.000
725.051; 5184.100;  103.125;    0.000
725.248; 5168.100;  101.125;    0.000
725.445; 5140.100;   93.125;    0.000
725.642; 5240.100;   92.125;    0.000
725.839; 5224.100;  157.125;    0.000
726.036; 5193.100;   71.125;    0.000
726.233; 5175.100;   80.125;    0.000
726.430; 5251.100;  146.125;    0.000
726.627; 5213.100;  103.125;    0.000
726.824; 5247.100;   46.125;    0.000
727.021; 5220.100;  149.125;    0.000
727.218; 5297.100;   87.125;    0.000
727.414; 5291.100;  112.125;    0.000
727.611; 5152.100;  111.125;    0.000
727.808; 5221.100;  122.125;    0.000
728.005; 5213.100;   58.125;    0.000
728.202; 5330.100;  129.125;    0.000
728.399; 5303.100;  111.125;    0.000
728.595; 5161.100;   93.125;    0.000
728.792; 5278.100;   78.125;    0.000
728.989; 5346.100;  104.125;    0.000
729.186; 5242.100;  110.125;    0.000
729.382; 5103.100;   93.125;    0.000
729.579; 5288.100;  102.125;    0.000
729.776; 5352.100;  112.125;    0.000
729.972; 5410.100;  101.125;    0.000
730.169; 5318.100;  150.125;    0.000
730.366; 5347.100;   92.125;    0.000
730.562; 5337.100;   74.125;    0.000
730.759; 5341.100;   97.125;    0.000
730.955; 5182.100;   86.125;    0.000
731.152; 5426.100;   88.125;    0.000
731.348; 5345.100;  117.125;    0.000
731.545; 5286.100;   62.125;    0.000
731.741; 5198.100;   84.125;    0.000
731.938; 5438.100;  108.125;    0.000
732.134; 5422.100;  115.125;    0.000
732.331; 5332.100;   88.125;    0.000
732.527; 5368.100;   96.125;    0.000
732.724; 5408.100;  103.125;    0.000
732.920; 5338.100;   93.125;    0.000
733.116; 5390.100;  109.125;    0.000
733.313; 5419.100;   77.125;    0.000
733.509; 5429.100;   81.125;    0.000
733.705; 5427.100;  141.125;    0.000
733.902; 5428.100;   88.125;    0.000
734.098; 5424.100;   56.125;    0.000
734.294; 5355.100;  122.125;    0.000
734.490; 5596.100;  102.125;    0.000
734.687; 5425.100;   70.125;    0.000
734.883; 5449.100;   73.125;    0.000
735.079; 5457.100;   65.125;    0.000
735.275; 5355.100;  112.125;    0.000
735.471; 5393.100;  124.125;    0.000
735.667; 5554.100;   94.125;    0.000
735.863; 5406.100;  106.125;    0.000
736.060; 5554.100;  106.125;    0.000
736.256; 5469.100;   95.125;    0.000
736.452; 5514.100;  103.125;    0.000
736.648; 5520.100;  106.125;    0.000
736.844; 5580.100;   98.125;    0.000
737.040; 5680.100;  118.125;    0.000
737.236; 5568.100;   95.125;    0.000
737.432; 5536.100;   59.125;    0.000
737.628; 5781.100;  120.125;    0.000
737.824; 5565.100;   78.125;    0.000
738.019; 5695.100;   98.125;    0.000
738.215; 5733.100;  127.125;    0.000
738.411; 5691.100;  111.125;    0.000
738.607; 5690.100;   69.125;    0.000
738.803; 5750.100;   40.125;    0.000
738.999; 5747.100;  128.125;    0.000
739.195; 5752.100;   81.125;    0.000
739.390; 5831.100;   97.125;    0.000
739.586; 5868.100;  100.125;    0.000
739.782; 5814.100;  135.125;    0.000
739.978; 5861.100;  121.125;    0.000
740.173; 5831.100;   92.125;    0.000
740.369; 5801.100;   92.125;    0.000
740.565; 5981.100;  119.125;    0.000
740.760; 6022.100;  139.125;    0.000
740.956; 5940.100;  134.125;    0.000
741.152; 5903.100;  107.125;    0.000
741.347; 5984.100;   63.125;    0.000
741.543; 6134.100;   99.125;    0.000
741.738; 6218.100;  119.125;    0.000
741.934; 6383.100;  156.125;    0.000
742.129; 6651.100;   87.125;    0.000
742.325; 7369.100;  143.125;    0.000
742.520; 8114.100;  109.125;    0.000
742.716; 7756.100;  135.125;    0.000
742.911; 7299.100;   77.125;    0.000
743.107; 7065.100;  117.125;    0.000
743.302; 7086.100;   93.125;    0.000
743.498; 7272.100;  118.125;    0.000
743.693; 7215.100;   95.125;    0.000
743.888; 7593.100;  122.125;    0.000
744.084; 8564.100;  104.125;    0.000
744.279;10136.100;   94.125;    0.000
744.474;10185.100;  138.125;    0.000
744.670; 9297.100;  113.125;    0.000
744.865; 8674.100;  116.125;    0.000
745.060; 8223.100;   89.125;    0.000
745.255; 8059.100;  144.125;    0.000
745.451; 7812.100;   98.125;    0.000
745.646; 7804.100;  110.125;    0.000
745.841; 7740.100;   87.125;    0.000
746.036; 7823.100;   98.125;    0.000
746.231; 7925.100;  153.125;    0.000
746.426; 8211.100;   90.125;    0.000
746.622; 9225.100;  154.125;    0.000
746.817;11931.100;  111.125;    0.000
747.012;13365.100;  110.125;    0.000
747.207;12080.100;   76.125;    0.000
747.402;10829.100;   94.125;    0.000
747.597;10040.100;   68.125;    0.000
747.792; 9609.100;  125.125;    0.000
747.987; 9144.100;   92.125;    0.000
748.182; 8873.100;  113.125;    0.000
748.377; 8518.100;   72.125;    0.000
748.572; 8189.100;  135.125;    0.000
748.767; 7990.100;   98.125;    0.000
748.961; 7939.100;  123.125;    0.000
749.156; 7620.100;   96.125;    0.000
749.351; 7480.100;  121.125;    0.000
749.546; 7308.100;   95.125;    0.000
749.741; 7200.100;  144.125;    0.000
749.936; 7237.100;  105.125;    0.000
750.130; 6957.100;  101.125;    0.000
750.325; 6933.100;  126.125;    0.000
750.520; 6907.100;  113.125;    0.000
750.715; 6849.100;  135.125;    0.000
750.909; 6744.100;  138.125;    0.000
751.104; 6704.100;   96.125;    0.000
751.299; 6800.100;  118.125;    0.000
751.493; 6739.100;  124.125;    0.000
751.688; 6636.100;  131.125;    0.000
751.882; 6671.100;   96.125;    0.000
752.077; 6583.100;  123.125;    0.000
752.272; 6507.100;  112.125;    0.000
752.466; 6667.100;  143.125;    0.000
752.661; 6409.100;  107.125;    0.000
752.855; 6307.100;   97.125;    0.000
753.050; 6437.100;  125.125;    0.000
753.244; 6403.100;  161.125;    0.000
753.439; 6227.100;  101.125;    0.000
753.633; 6316.100;  129.125;    0.000
753.828; 6389.100;  114.125;    0.000
754.022; 6310.100;  118.125;    0.000
754.216; 6235.100;  126.125;    0.000
754.411; 6235.100;  148.125;    0.000
754.605; 6155.100;  100.125;    0.000
754.799; 6144.100;  146.125;    0.000
754.994; 6190.100;  116.125;    0.000
755.188; 6251.100;  146.125;    0.000
755.382; 6229.100;  103.125;    0.000
755.576; 6179.100;  119.125;    0.000
755.771; 6249.100;  100.125;    0.000
755.965; 6214.100;  129.125;    0.000
756.159; 6089.100;  100.125;    0.000
756.353; 6206.100;  153.125;    0.000
756.547; 6269.100;  113.125;    0.000
756.742; 6142.100;  129.125;    0.000
756.936; 6176.100;   70.125;    0.000
757.130; 6114.100;   91.125;    0.000
757.324; 6064.100;   92.125;    0.000
757.518; 6232.100;  128.125;    0.000
757.712; 6106.100;  146.125;    0.000
757.906; 6211.100;  114.125;    0.000
758.100; 6188.100;  153.125;    0.000
758.294; 6167.100;  133.125;    0.000
758.488; 6121.100;  149.125;    0.000
758.682; 6208.100;  132.125;    0.000
758.876; 6059.100;  128.125;    0.000
759.070; 6161.100;  178.125;    0.000
759.264; 6083.100;   98.125;    0.000
759.458; 5998.100;  168.125;    0.000
759.651; 5975.100;  131.125;    0.000
759.845; 6079.100;  133.125;    0.000
760.039; 6028.100;  120.125;    0.000
760.233; 6109.100;  116.125;    0.000
760.427; 6080.100;  121.125;    0.000
760.620; 6009.100;  163.125;    0.000
760.814; 5969.100;  106.125;    0.000
761.008; 6225.100;  119.125;    0.000
761.202; 5984.100;  121.125;    0.000
761.395; 6149.100;  136.125;    0.000
761.589; 6056.100;  111.125;    0.000
761.783; 6030.100;  116.125;    0.000
761.976; 6202.100;  139.125;    0.000
762.170; 6225.100;  140.125;    0.000
762.363; 6146.100;  115.125;    0.000
762.557; 6135.100;  129.125;    0.000
762.750; 6120.100;   85.125;    0.000
762.944; 6066.100;  107.125;    0.000
763.138; 6098.100;   99.125;    0.000
763.331; 6134.100;   97.125;    0.000
763.524; 6297.100;  100.125;    0.000
763.718; 6219.100;  130.125;    0.000
763.911; 6332.100;  127.125;    0.000
764.105; 6158.100;   69.125;    0.000
764.298; 6264.100;   94.125;    0.000
764.492; 6240.100;  129.125;    0.000
764.685; 6237.100;  114.125;    0.000
764.878; 6187.100;  145.125;    0.000
765.072; 6118.100;  124.125;    0.000
765.265; 6127.100;  124.125;    0.000
765.458; 6283.100;  108.125;    0.000
765.651; 6358.100;  132.125;    0.000
765.845; 6243.100;  106.125;    0.000
766.038; 6412.100;  155.125;    0.000
766.231; 7593.100;  153.125;    0.000
766.424;12475.100;  165.125;    0.000
766.617;12854.100;   85.125;    0.000
766.811; 7279.100;  140.125;    0.000
767.004; 6647.100;  151.125;    0.000
767.197; 6426.100;  178.125;    0.000
767.390; 6335.100;  112.125;    0.000
767.583; 6368.100;  134.125;    0.000
767.776; 6489.100;  101.125;    0.000
767.969; 6427.100;   99.125;    0.000
768.162; 6492.100;  152.125;    0.000
768.355; 6429.100;  115.125;    0.000
768.548; 6381.100;  154.125;    0.000
768.741; 6430.100;  124.125;    0.000
768.934; 6577.100;  129.125;    0.000
769.127; 6469.100;  137.125;    0.000
769.320; 6628.100;  115.125;    0.000
769.513; 6908.100;  144.125;    0.000
769.706; 8054.100;  107.125;    0.000
769.898;12122.100;  134.125;    0.000
770.091; 9230.100;  128.125;    0.000
770.284; 7149.100;   97.125;    0.000
770.477; 6909.100;  135.125;    0.000
770.670; 6950.100;  137.125;    0.000
770.862; 6804.100;  112.125;    0.000
771.055; 6904.100;  127.125;    0.000
771.248; 6950.100;  116.125;    0.000
771.441; 6922.100;  101.125;    0.000
771.633; 7134.100;  130.125;    0.000
771.826; 6997.100;  147.125;    0.000
772.018; 7089.100;  117.125;    0.000
772.211; 7126.100;  141.125;    0.000
772.404; 7270.100;  104.125;    0.000
772.596; 7090.100;  128.125;    0.000
772.789; 7268.100;  131.125;    0.000
772.981; 7400.100;  134.125;    0.000
773.174; 7574.100;  108.125;    0.000
773.366; 7510.100;  153.125;    0.000
773.559; 7656.100;  137.125;    0.000
773.751; 7643.100;  119.125;    0.000
773.944; 8017.100;  148.125;    0.000
774.136; 8156.100;  155.125;    0.000
774.329; 8328.100;  126.125;    0.000
774.521; 8489.100;  116.125;    0.000
774.713; 8881.100;  119.125;    0.000
774.906; 8906.100;  179.125;    0.000
775.098; 9407.100;  127.125;    0.000
775.290; 9691.100;  146.125;    0.000
775.483;10246.100;  123.125;    0.000
775.675;10712.100;  119.125;    0.000
775.867;11468.100;  119.125;    0.000
776.059;12453.100;  137.125;    0.000
776.251;13629.100;  154.125;    0.000
776.444;15102.100;  101.125;    0.000
776.636;17497.100;  153.125;    0.000
776.828;21745.100;  127.125;    0.000
777.020;29708.100;  140.125;    0.000
777.212;42804.102;  160.125;    0.000
777.404;47378.102;  170.125;    0.000
777.596;44136.102;  136.125;    0.000
777.788;33842.102;  137.125;    0.000
777.980;26659.100;  129.125;    0.000
778.172;21873.100;  139.125;    0.000
778.364;18938.100;  124.125;    0.000
778.556;16669.100;  163.125;    0.000
778.748;15066.100;  142.125;    0.000
778.940;13727.100;  178.125;    0.000
779.132;12816.100;  159.125;    0.000
779.324;11756.100;  109.125;    0.000
779.516;11288.100;  143.125;    0.000
779.708;10766.100;  158.125;    0.000
779.900;10141.100;  142.125;    0.000
780.091; 9637.100;  131.125;    0.000
780.283; 9365.100;  176.125;    0.000
780.475; 8911.100;  151.125;    0.000
780.667; 8796.100;  120.125;    0.000
780.859; 8490.100;  134.125;    0.000
781.050; 8314.100;  183.125;    0.000
781.242; 8196.100;   95.125;    0.000
781.434; 8063.100;  127.125;    0.000
781.625; 7937.100;  163.125;    0.000
781.817; 7634.100;  170.125;    0.000
782.008; 7612.100;  123.125;    0.000
782.200; 7479.100;  141.125;    0.000
782.392; 7519.100;  149.125;    0.000
782.583; 7258.100;  155.125;    0.000
782.775; 7292.100;  140.125;    0.000
782.966; 7033.100;  167.125;    0.000
783.158; 7019.100;  164.125;    0.000
783.349; 7039.100;  174.125;    0.000
783.541; 7172.100;  141.125;    0.000
783.732; 6945.100;  115.125;    0.000
783.924; 6740.100;  135.125;    0.000
784.115; 6699.100;  157.125;    0.000
784.306; 6563.100;  102.125;    0.000
784.498; 6657.100;  124.125;    0.000
784.689; 6628.100;  171.125;    0.000
784.880; 6543.100;  165.125;    0.000
785.072; 6441.100;  152.125;    0.000
785.263; 6471.100;  146.125;    0.000
785.454; 6466.100;  145.125;    0.000
785.645; 6347.100;  127.125;    0.000
785.837; 6405.100;  138.125;    0.000
786.028; 6384.100;  151.125;    0.000
786.219; 6445.100;  142.125;    0.000
786.410; 6416.100;  140.125;    0.000
786.601; 6339.100;  137.125;    0.000
786.792; 6472.100;  158.125;    0.000
786.984; 6317.100;  139.125;    0.000
787.175; 6416.100;  140.125;    0.000
787.366; 6391.100;  145.125;    0.000
787.557; 6333.100;  156.125;    0.000
787.748; 6347.100;  148.125;    0.000
787.939; 6432.100;  157.125;    0.000
788.130; 6361.100;  179.125;    0.000
788.321; 6473.100;  142.125;    0.000
788.512; 6676.100;  167.125;    0.000
788.703; 6555.100;  145.125;    0.000
788.894; 6489.100;  132.125;    0.000
789.084; 6658.100;  113.125;    0.000
789.275; 6670.100;  134.125;    0.000
789.466; 6689.100;  151.125;    0.000
789.657; 6635.100;  138.125;    0.000
789.848; 6676.100;  145.125;    0.000
790.039; 6700.100;  130.125;    0.000
790.229; 6696.100;  140.125;    0.000
790.420; 6696.100;  135.125;    0.000
790.611; 6575.100;  156.125;    0.000
790.801; 6593.100;   64.125;    0.000
790.992; 6607.100;  150.125;    0.000
791.183; 6659.100;  177.125;    0.000
791.373; 6525.100;   91.125;    0.000
791.564; 6501.100;   85.125;    0.000
791.755; 6446.100;  125.125;    0.000
791.945; 6549.100;   94.125;    0.000
792.136; 6533.100;   98.125;    0.000
792.326; 6550.100;  105.125;    0.000
792.517; 6608.100;  136.125;    0.000
792.707; 6738.100;  140.125;    0.000
792.898; 6688.100;  164.125;    0.000
793.088; 6786.100;  116.125;    0.000
793.279; 6764.100;  112.125;    0.000
793.469; 6735.100;  105.125;    0.000
793.660; 6922.100;  161.125;    0.000
793.850; 7175.100;  133.125;    0.000
794.040; 7220.100;  121.125;    0.000
794.231; 7531.100;  115.125;    0.000
794.421; 8105.100;  152.125;    0.000
794.611; 8866.100;  132.125;    0.000
794.802; 9925.100;  144.125;    0.000
794.992;10407.100;  142.125;    0.000
795.182;10665.100;  179.125;    0.000
795.372;10262.100;  167.125;    0.000
795.563; 9182.100;  149.125;    0.000
795.753; 8600.100;  117.125;    0.000
795.943; 8131.100;  146.125;    0.000
796.133; 7614.100;  119.125;    0.000
796.323; 7498.100;  141.125;    0.000
796.513; 7290.100;  134.125;    0.000
796.703; 7127.100;  116.125;    0.000
796.893; 7013.100;  120.125;    0.000
797.083; 6688.100;  131.125;    0.000
797.273; 6640.100;  118.125;    0.000
797.463; 6540.100;  130.125;    0.000
797.653; 6413.100;   87.125;    0.000
797.843; 6418.100;  123.125;    0.000
798.033; 6265.100;  115.125;    0.000
798.223; 6329.100;  142.125;    0.000
798.413; 6135.100;  148.125;    0.000
798.603; 6064.100;  147.125;    0.000
798.793; 6028.100;  107.125;    0.000
798.983; 5824.100;  121.125;    0.000
799.172; 5908.100;  120.125;    0.000
799.362; 5853.100;  145.125;    0.000
799.552; 5833.100;  101.125;    0.000
799.742; 5863.100;  149.125;    0.000
799.932; 5675.100;  104.125;    0.000
800.121; 5711.100;  175.125;    0.000
800.311; 5602.100;  132.125;    0.000
800.501; 5632.100;  118.125;    0.000
800.690; 5687.100;  162.125;    0.000
800.880; 5607.100;  141.125;    0.000
801.070; 5585.100;  151.125;    0.000
801.259; 5568.100;  167.125;    0.000
801.449; 5521.100;  108.125;    0.000
801.638; 5607.100;  176.125;    0.000
801.828; 5447.100;  118.125;    0.000
802.017; 5484.100;  179.125;    0.000
802.207; 5499.100;  127.125;    0.000
802.396; 5438.100;  167.125;    0.000
802.586; 5339.100;  129.125;    0.000
802.775; 5407.100;  142.125;    0.000
802.965; 5419.100;  147.125;    0.000
803.154; 5345.100;  179.125;    0.000
803.343; 5282.100;  117.125;    0.000
803.533; 5323.100;  120.125;    0.000
803.722; 5303.100;  122.125;    0.000
803.911; 5233.100;  155.125;    0.000
804.101; 5316.100;  147.125;    0.000
804.290; 5320.100;  160.125;    0.000
804.479; 5351.100;  139.125;    0.000
804.668; 5305.100;  180.125;    0.000
804.857; 5258.100;  131.125;    0.000
805.047; 5187.100;  119.125;    0.000
805.236; 5331.100;  139.125;    0.000
805.425; 5273.100;  163.125;    0.000
805.614; 5216.100;  103.125;    0.000
805.803; 5200.100;  133.125;    0.000
805.992; 5213.100;  147.125;    0.000
806.181; 5231.100;  109.125;    0.000
806.370; 5302.100;  133.125;    0.000
806.559; 5223.100;  119.125;    0.000
806.748; 5349.100;  144.125;    0.000
806.937; 5126.100;  147.125;    0.000
807.126; 5091.100;  134.125;    0.000
807.315; 5184.100;  132.125;    0.000
807.504; 5179.100;  141.125;    0.000
807.693; 5114.100;  145.125;    0.000
807.882; 5128.100;   91.125;    0.000
808.071; 5209.100;  116.125;    0.000
808.260; 5129.100;  105.125;    0.000
808.448; 5277.100;  184.125;    0.000
808.637; 5348.100;  146.125;    0.000
808.826; 5215.100;  153.125;    0.000
809.015; 5268.100;  113.125;    0.000
809.203; 5242.100;  166.125;    0.000
809.392; 5204.100;  117.125;    0.000
809.581; 5317.100;  186.125;    0.000
809.770; 5305.100;  122.125;    0.000
809.958; 5261.100;  140.125;    0.000
810.147; 5290.100;  130.125;    0.000
810.335; 5301.100;  112.125;    0.000
810.524; 5388.100;  106.125;    0.000
810.713; 5364.100;  154.125;    0.000
810.901; 5428.100;  131.125;    0.000
811.090; 5554.100;  164.125;    0.000
811.278; 5458.100;  159.125;    0.000
811.467; 5651.100;  194.125;    0.000
811.655; 5751.100;  164.125;    0.000
811.844; 5723.100;  149.125;    0.000
812.032; 5742.100;  169.125;    0.000
812.220; 5604.100;  163.125;    0.000
812.409; 5625.100;  134.125;    0.000
812.597; 5631.100;  165.125;    0.000
812.785; 5735.100;  180.125;    0.000
812.974; 5664.100;  166.125;    0.000
813.162; 5755.100;  171.125;    0.000
813.350; 5628.100;  142.125;    0.000
813.539; 5665.100;  126.125;    0.000
813.727; 5795.100;  153.125;    0.000
813.915; 5853.100;  138.125;    0.000
814.103; 6027.100;  191.125;    0.000
814.291; 5801.100;  142.125;    0.000
814.479; 5966.100;  156.125;    0.000
814.668; 6039.100;  152.125;    0.000
814.856; 6272.100;  150.125;    0.000
815.044; 6239.100;  165.125;    0.000
815.232; 6300.100;  172.125;    0.000
815.420; 6460.100;  147.125;    0.000
815.608; 6469.100;  143.125;    0.000
815.796; 6479.100;  126.125;    0.000
815.984; 6591.100;  152.125;    0.000
816.172; 6787.100;  129.125;    0.000
816.360; 6977.100;  177.125;    0.000
816.548; 7076.100;  141.125;    0.000
816.736; 7443.100;  142.125;    0.000
816.924; 7709.100;  161.125;    0.000
817.111; 7799.100;  138.125;    0.000
817.299; 8414.100;  112.125;    0.000
817.487; 9001.100;  180.125;    0.000
817.675; 9839.100;  138.125;    0.000
817.863;11282.100;  172.125;    0.000
818.050;15687.100;  142.125;    0.000
818.238;29812.100;  151.125;    0.000
818.426;42240.102;  129.125;    0.000
818.613;28125.100;  124.125;    0.000
818.801;22602.100;  209.125;    0.000
818.989;21843.100;  178.125;    0.000
819.176;23319.100;  155.125;    0.000
819.364;36257.102;  174.125;    0.000
819.552;53042.102;  131.125;    0.000
819.739;36364.102;  184.125;    0.000
819.927;24997.100;  132.125;    0.000
820.114;20721.100;  173.125;    0.000
820.302;17864.100;  140.125;    0.000
820.489;16264.100;  133.125;    0.000
820.677;15097.100;  167.125;    0.000
820.864;14446.100;  161.125;    0.000
821.052;14726.100;  134.125;    0.000
821.239;14969.100;  149.125;    0.000
821.426;15751.100;  160.125;    0.000
821.614;18282.100;  143.125;    0.000
821.801;19494.100;  118.125;    0.000
821.988;17506.100;  154.125;    0.000
822.176;16724.100;  112.125;    0.000
822.363;16769.100;  131.125;    0.000
822.550;15808.100;  131.125;    0.000
822.737;14132.100;  104.125;    0.000
822.924;13188.100;  160.125;    0.000
823.112;12349.100;  161.125;    0.000
823.299;11732.100;  169.125;    0.000
823.486;11281.100;  129.125;    0.000
823.673;10675.100;  135.125;    0.000
823.860;10453.100;  169.125;    0.000
824.047;10362.100;  124.125;    0.000
824.234;11429.100;  160.125;    0.000
824.421;11554.100;  114.125;    0.000
824.608;10407.100;  191.125;    0.000
824.795; 9422.100;  160.125;    0.000
824.982; 8916.100;  139.125;    0.000
825.169; 8188.100;  121.125;    0.000
825.356; 7994.100;  148.125;    0.000
825.543; 7699.100;  167.125;    0.000
825.730; 7346.100;  103.125;    0.000
825.917; 7181.100;  113.125;    0.000
826.104; 6955.100;  188.125;    0.000
826.290; 6620.100;  193.125;    0.000
826.477; 6605.100;  175.125;    0.000
826.664; 6476.100;  151.125;    0.000
826.851; 6282.100;  122.125;    0.000
827.038; 6083.100;  121.125;    0.000
827.224; 5963.100;  124.125;    0.000
827.411; 5942.100;  155.125;    0.000
827.598; 5843.100;  127.125;    0.000
827.784; 5664.100;  140.125;    0.000
827.971; 5779.100;  114.125;    0.000
828.157; 5609.100;  135.125;    0.000
828.344; 5320.100;  173.125;    0.000
828.531; 5457.100;  113.125;    0.000
828.717; 5407.100;  137.125;    0.000
828.904; 5329.100;  158.125;    0.000
829.090; 5348.100;  199.125;    0.000
829.277; 5169.100;  156.125;    0.000
829.463; 5130.100;  154.125;    0.000
829.650; 5185.100;  174.125;    0.000
829.836; 5096.100;  136.125;    0.000
830.022; 5093.100;  143.125;    0.000
830.209; 4926.100;  157.125;    0.000
830.395; 4776.100;  156.125;    0.000
830.581; 4738.100;  148.125;    0.000
830.768; 4713.100;  169.125;    0.000
830.954; 4684.100;  169.125;    0.000
831.140; 4660.100;  124.125;    0.000
831.327; 4753.100;  157.125;    0.000
831.513; 4634.100;  163.125;    0.000
831.699; 4678.100;  176.125;    0.000
831.885; 4597.100;  154.125;    0.000
832.071; 4527.100;  159.125;    0.000
832.257; 4428.100;  142.125;    0.000
832.444; 4422.100;  159.125;    0.000
832.630; 4484.100;  129.125;    0.000
832.816; 4392.100;  132.125;    0.000
833.002; 4391.100;  125.125;    0.000
833.188; 4431.100;  144.125;    0.000
833.374; 4312.100;  131.125;    0.000
833.560; 4345.100;  154.125;    0.000
833.746; 4339.100;  171.125;    0.000
833.932; 4243.100;  162.125;    0.000
834.118; 4249.100;  131.125;    0.000
834.303; 4261.100;  113.125;    0.000
834.489; 4170.100;  170.125;    0.000
834.675; 4117.100;  177.125;    0.000
834.861; 4185.100;  154.125;    0.000
835.047; 4242.100;  171.125;    0.000
835.233; 4140.100;   98.125;    0.000
835.418; 4190.100;  138.125;    0.000
835.604; 4040.100;  140.125;    0.000
835.790; 4184.100;  130.125;    0.000
835.976; 4074.100;  129.125;    0.000
836.161; 4039.100;  142.125;    0.000
836.347; 4092.100;  128.125;    0.000
836.533; 4093.100;  143.125;    0.000
836.718; 4021.100;  164.125;    0.000
836.904; 4038.100;  172.125;    0.000
837.089; 4123.100;  152.125;    0.000
837.275; 3941.100;  143.125;    0.000
837.460; 3994.100;  125.125;    0.000
837.646; 4136.100;  137.125;    0.000
837.831; 4078.100;  153.125;    0.000
838.017; 4133.100;  171.125;    0.000
838.202; 4002.100;  111.125;    0.000
838.388; 3908.100;  140.125;    0.000
838.573; 3963.100;  158.125;    0.000
838.759; 4078.100;  188.125;    0.000
838.944; 3970.100;  125.125;    0.000
839.129; 4030.100;  123.125;    0.000
839.315; 3999.100;  181.125;    0.000
839.500; 4101.100;  150.125;    0.000
839.685; 4004.100;  109.125;    0.000
839.870; 4042.100;  202.125;    0.000
840.056; 4034.100;  101.125;    0.000
840.241; 3949.100;  184.125;    0.000
840.426; 4090.100;  192.125;    0.000
840.611; 4077.100;  180.125;    0.000
840.796; 4300.100;  156.125;    0.000
840.981; 4184.100;  142.125;    0.000
841.166; 4172.100;  161.125;    0.000
841.352; 4266.100;  185.125;    0.000
841.537; 4166.100;  139.125;    0.000
841.722; 4169.100;  143.125;    0.000
841.907; 4381.100;  140.125;    0.000
842.092; 4401.100;  176.125;    0.000
842.277; 4456.100;  136.125;    0.000
842.461; 4504.100;  155.125;    0.000
842.646; 4568.100;  163.125;    0.000
842.831; 4590.100;  153.125;    0.000
843.016; 4756.100;  187.125;    0.000
843.201; 4931.100;  179.125;    0.000
843.386; 5067.100;  167.125;    0.000
843.571; 5245.100;  129.125;    0.000
843.755; 5596.100;  136.125;    0.000
843.940; 6047.100;  121.125;    0.000
844.125; 6729.100;  157.125;    0.000
844.310; 7775.100;  175.125;    0.000
844.494; 9950.100;  164.125;    0.000
844.679;13397.100;  167.125;    0.000
844.864;13231.100;  166.125;    0.000
845.048;10976.100;  132.125;    0.000
845.233; 9355.100;  175.125;    0.000
845.418; 8144.100;  159.125;    0.000
845.602; 7376.100;  147.125;    0.000
845.787; 6571.100;  132.125;    0.000
845.971; 6329.100;  187.125;    0.000
846.156; 5809.100;  141.125;    0.000
846.340; 5627.100;  153.125;    0.000
846.525; 5407.100;  157.125;    0.000
846.709; 5119.100;  117.125;    0.000
846.893; 4868.100;  147.125;    0.000
847.078; 4718.100;  170.125;    0.000
847.262; 4657.100;  150.125;    0.000
847.447; 4403.100;  132.125;    0.000
847.631; 4391.100;  144.125;    0.000
847.815; 4285.100;  157.125;    0.000
848.000; 4314.100;  164.125;    0.000
848.184; 4142.100;  174.125;    0.000
848.368; 4089.100;  149.125;    0.000
848.552; 4039.100;  143.125;    0.000
848.736; 3962.100;  132.125;    0.000
848.921; 3822.100;  147.125;    0.000
849.105; 3792.100;  150.125;    0.000
849.289; 3904.100;  146.125;    0.000
849.473; 3865.100;  167.125;    0.000
849.657; 3794.100;  149.125;    0.000
849.841; 3662.100;  181.125;    0.000
850.025; 3743.100;  154.125;    0.000
850.209; 3779.100;  152.125;    0.000
850.393; 3586.100;  139.125;    0.000
850.577; 3652.100;  128.125;    0.000
850.761; 3696.100;  194.125;    0.000
850.945; 3481.100;  152.125;    0.000
851.129; 3563.100;  157.125;    0.000
851.313; 3584.100;  181.125;    0.000
851.497; 3509.100;  145.125;    0.000
851.680; 3595.100;  168.125;    0.000
851.864; 3570.100;  185.125;    0.000
852.048; 3503.100;  170.125;    0.000
852.232; 3567.100;  192.125;    0.000
852.416; 3546.100;  182.125;    0.000
852.599; 3471.100;  169.125;    0.000
852.783; 3502.100;  168.125;    0.000
852.967; 3449.100;  184.125;    0.000
853.150; 3537.100;  163.125;    0.000
853.334; 3492.100;  164.125;    0.000
853.518; 3545.100;  190.125;    0.000
853.701; 3388.100;  137.125;    0.000
853.885; 3376.100;  177.125;    0.000
854.068; 3452.100;  163.125;    0.000
854.252; 3291.100;  139.125;    0.000
854.435; 3398.100;  152.125;    0.000
854.619; 3373.100;  148.125;    0.000
854.802; 3453.100;  168.125;    0.000
854.986; 3333.100;  157.125;    0.000
855.169; 3353.100;  147.125;    0.000
855.353; 3530.100;  173.125;    0.000
855.536; 3346.100;  127.125;    0.000
855.719; 3418.100;  191.125;    0.000
855.903; 3524.100;  186.125;    0.000
856.086; 3476.100;  145.125;    0.000
856.269; 3482.100;  130.125;    0.000
856.452; 3506.100;  153.125;    0.000
856.636; 3702.100;  129.125;    0.000
856.819; 3799.100;  134.125;    0.000
857.002; 3909.100;  152.125;    0.000
857.185; 3876.100;  140.125;    0.000
857.368; 3820.100;  170.125;    0.000
857.552; 3702.100;  132.125;    0.000
857.735; 3791.100;  160.125;    0.000
857.918; 3658.100;  139.125;    0.000
858.101; 3551.100;  159.125;    0.000
858.284; 3733.100;  136.125;    0.000
858.467; 3716.100;  147.125;    0.000
858.650; 3767.100;  153.125;    0.000
858.833; 3776.100;  113.125;    0.000
859.016; 3845.100;  167.125;    0.000
859.199; 3994.100;  141.125;    0.000
859.382; 4341.100;  155.125;    0.000
859.564; 4637.100;  136.125;    0.000
859.747; 4577.100;  142.125;    0.000
859.930; 4404.100;  141.125;    0.000
860.113; 4340.100;  156.125;    0.000
860.296; 4190.100;  167.125;    0.000
860.478; 4048.100;  121.125;    0.000
860.661; 3980.100;  230.125;    0.000
860.844; 3983.100;  186.125;    0.000
861.027; 4033.100;  155.125;    0.000
861.209; 3956.100;  151.125;    0.000
861.392; 4005.100;  162.125;    0.000
861.575; 3989.100;  150.125;    0.000
861.757; 3981.100;  162.125;    0.000
861.940; 4100.100;  207.125;    0.000
862.122; 4091.100;  113.125;    0.000
862.305; 4228.100;  114.125;    0.000
862.487; 4456.100;  162.125;    0.000
862.670; 4654.100;  148.125;    0.000
862.852; 5443.100;  131.125;    0.000
863.035; 6535.100;  174.125;    0.000
863.217; 6483.100;  170.125;    0.000
863.400; 5783.100;  148.125;    0.000
863.582; 5518.100;  129.125;    0.000
863.764; 5277.100;  181.125;    0.000
863.947; 5067.100;  152.125;    0.000
864.129; 4847.100;  178.125;    0.000
864.311; 4769.100;  139.125;    0.000
864.493; 4606.100;  166.125;    0.000
864.676; 4546.100;  148.125;    0.000
864.858; 4603.100;  123.125;    0.000
865.040; 4535.100;  180.125;    0.000
865.222; 4450.100;  131.125;    0.000
865.404; 4480.100;  146.125;    0.000
865.587; 4958.100;  175.125;    0.000
865.769; 5039.100;  183.125;    0.000
865.951; 4975.100;  171.125;    0.000
866.133; 5000.100;  165.125;    0.000
866.315; 4991.100;  138.125;    0.000
866.497; 5034.100;  139.125;    0.000
866.679; 5127.100;  167.125;    0.000
866.861; 5405.100;  151.125;    0.000
867.043; 5525.100;  190.125;    0.000
867.225; 6075.100;  140.125;    0.000
867.407; 6322.100;  125.125;    0.000
867.589; 7167.100;  141.125;    0.000
867.770; 8776.100;  149.125;    0.000
867.952;11894.100;  138.125;    0.000
868.134;15267.100;  153.125;    0.000
868.316;15290.100;  148.125;    0.000
868.498;14815.100;  180.125;    0.000
868.679;12903.100;  152.125;    0.000
868.861;10960.100;  174.125;    0.000
869.043; 9203.100;  152.125;    0.000
869.224; 8090.100;  177.125;    0.000
869.406; 7397.100;  171.125;    0.000
869.588; 6923.100;  177.125;    0.000
869.769; 6475.100;  174.125;    0.000
869.951; 6441.100;  167.125;    0.000
870.132; 6408.100;  144.125;    0.000
870.314; 7270.100;  143.125;    0.000
870.495; 7415.100;  162.125;    0.000
870.677; 6809.100;  136.125;    0.000
870.858; 6488.100;  155.125;    0.000
871.040; 6773.100;  179.125;    0.000
871.221; 7574.100;  177.125;    0.000
871.403; 7357.100;  180.125;    0.000
871.584; 6628.100;  157.125;    0.000
871.765; 6801.100;  183.125;    0.000
871.947; 7106.100;  169.125;    0.000
872.128; 6426.100;  162.125;    0.000
872.309; 5616.100;  159.125;    0.000
872.491; 5231.100;  148.125;    0.000
872.672; 5006.100;  163.125;    0.000
872.853; 4840.100;  152.125;    0.000
873.034; 4678.100;  166.125;    0.000
873.215; 4535.100;  155.125;    0.000
873.396; 4315.100;  147.125;    0.000
873.578; 4034.100;  147.125;    0.000
873.759; 4003.100;  153.125;    0.000
873.940; 3990.100;  194.125;    0.000
874.121; 3849.100;  179.125;    0.000
874.302; 3715.100;  155.125;    0.000
874.483; 3656.100;  131.125;    0.000
874.664; 3759.100;  106.125;    0.000
874.845; 3640.100;  122.125;    0.000
875.026; 3556.100;  127.125;    0.000
875.207; 3605.100;  151.125;    0.000
875.388; 3391.100;  149.125;    0.000
875.568; 3351.100;  164.125;    0.000
875.749; 3349.100;  176.125;    0.000
875.930; 3365.100;  207.125;    0.000
876.111; 3320.100;  177.125;    0.000
876.292; 3183.100;  178.125;    0.000
876.472; 3163.100;  163.125;    0.000
876.653; 3246.100;  159.125;    0.000
876.834; 3206.100;  177.125;    0.000
877.015; 3187.100;  212.125;    0.000
877.195; 3063.100;  166.125;    0.000
877.376; 3093.100;  157.125;    0.000
877.556; 3126.100;  175.125;    0.000
877.737; 3010.100;  220.125;    0.000
877.918; 3075.100;  163.125;    0.000
878.098; 3021.100;  166.125;    0.000
878.279; 3046.100;  136.125;    0.000
878.459; 3048.100;  167.125;    0.000
878.640; 2996.100;  167.125;    0.000
878.820; 2965.100;  155.125;    0.000
879.000; 2906.100;  158.125;    0.000
879.181; 2956.100;  155.125;    0.000
879.361; 2937.100;  181.125;    0.000
879.542; 2913.100;  181.125;    0.000
879.722; 2902.100;  117.125;    0.000
879.902; 2944.100;  180.125;    0.000
880.083; 2949.100;  139.125;    0.000
880.263; 3032.100;  168.125;    0.000
880.443; 3292.100;  206.125;    0.000
880.623; 4068.100;  132.125;    0.000
880.803; 4795.100;  149.125;    0.000
880.984; 3826.100;  189.125;    0.000
881.164; 3463.100;  171.125;    0.000
881.344; 3249.100;  150.125;    0.000
881.524; 3279.100;  185.125;    0.000
881.704; 3219.100;  152.125;    0.000
881.884; 3272.100;  188.125;    0.000
882.064; 3449.100;  155.125;    0.000
882.244; 3470.100;  182.125;    0.000
882.424; 3273.100;  154.125;    0.000
882.604; 3207.100;  175.125;    0.000
882.784; 3041.100;  137.125;    0.000
882.964; 3088.100;  135.125;    0.000
883.144; 3042.100;  142.125;    0.000
883.324; 3018.100;  192.125;    0.000
883.504; 2897.100;  193.125;    0.000
883.683; 2852.100;  208.125;    0.000
883.863; 2831.100;  127.125;    0.000
884.043; 2790.100;  140.125;    0.000
884.223; 2764.100;  167.125;    0.000
884.402; 2758.100;  156.125;    0.000
884.582; 2783.100;  185.125;    0.000
884.762; 2729.100;  187.125;    0.000
884.941; 2748.100;  201.125;    0.000
885.121; 2693.100;  157.125;    0.000
885.301; 2724.100;  173.125;    0.000
885.480; 2751.100;  158.125;    0.000
885.660; 2698.100;  153.125;    0.000
885.839; 2675.100;  144.125;    0.000
886.019; 2724.100;  184.125;    0.000
886.198; 2575.100;  132.125;    0.000
886.378; 2583.100;  124.125;    0.000
886.557; 2656.100;  146.125;    0.000
886.737; 2577.100;  157.125;    0.000
886.916; 2679.100;  203.125;    0.000
887.095; 2631.100;  151.125;    0.000
887.275; 2609.100;  143.125;    0.000
887.454; 2595.100;  140.125;    0.000
887.633; 2672.100;  196.125;    0.000
887.813; 2611.100;  161.125;    0.000
887.992; 2565.100;  183.125;    0.000
888.171; 2502.100;  153.125;    0.000
888.350; 2571.100;  185.125;    0.000
888.530; 2555.100;  163.125;    0.000
888.709; 2575.100;  174.125;    0.000
888.888; 2492.100;  179.125;    0.000
889.067; 2552.100;  178.125;    0.000
889.246; 2583.100;  184.125;    0.000
889.425; 2509.100;  169.125;    0.000
889.604; 2613.100;  210.125;    0.000
889.783; 2509.100;  183.125;    0.000
889.962; 2469.100;  116.125;    0.000
890.141; 2563.100;  179.125;    0.000
890.320; 2510.100;  182.125;    0.000
890.499; 2546.100;  188.125;    0.000
890.678; 2476.100;  167.125;    0.000
890.857; 2506.100;  141.125;    0.000
891.036; 2537.100;  179.125;    0.000
891.214; 2542.100;  156.125;    0.000
891.393; 2474.100;  209.125;    0.000
891.572; 2501.100;  181.125;    0.000
891.751; 2472.100;  172.125;    0.000
891.930; 2496.100;  169.125;    0.000
892.108; 2508.100;  131.125;    0.000
892.287; 2534.100;  162.125;    0.000
892.466; 2584.100;  178.125;    0.000
892.644; 2555.100;  161.125;    0.000
892.823; 2481.100;  180.125;    0.000
893.001; 2505.100;  179.125;    0.000
893.180; 2534.100;  152.125;    0.000
893.359; 2579.100;  184.125;    0.000
893.537; 2479.100;  178.125;    0.000
893.716; 2520.100;  169.125;    0.000
893.894; 2534.100;  159.125;    0.000
894.073; 2548.100;  179.125;    0.000
894.251; 2481.100;  167.125;    0.000
894.429; 2525.100;  142.125;    0.000
894.608; 2477.100;  166.125;    0.000
894.786; 2502.100;  153.125;    0.000
894.964; 2429.100;  181.125;    0.000
895.143; 2580.100;  161.125;    0.000
895.321; 2498.100;  198.125;    0.000
895.499; 2462.100;  184.125;    0.000
895.677; 2500.100;  178.125;    0.000
895.856; 2476.100;  226.125;    0.000
896.034; 2555.100;  180.125;    0.000
896.212; 2580.100;  200.125;    0.000
896.390; 2470.100;  161.125;    0.000
896.568; 2513.100;  204.125;    0.000
896.746; 2637.100;  136.125;    0.000
896.924; 2515.100;  171.125;    0.000
897.102; 2539.100;  203.125;    0.000
897.280; 2516.100;  142.125;    0.000
897.458; 2536.100;  159.125;    0.000
897.636; 2544.100;  163.125;    0.000
897.814; 2591.100;  137.125;    0.000
897.992; 2549.100;  199.125;    0.000
898.170; 2571.100;  176.125;    0.000
898.348; 2593.100;  195.125;    0.000
898.526; 2567.100;  199.125;    0.000
898.704; 2581.100;  260.125;    0.000
898.882; 2626.100;  185.125;    0.000
899.059; 2567.100;  169.125;    0.000
899.237; 2470.100;  197.125;    0.000
899.415; 2605.100;  207.125;    0.000
899.593; 2582.100;  169.125;    0.000
899.770; 2588.100;  182.125;    0.000
899.948; 2531.100;  198.125;    0.000
900.125; 2638.100;  200.125;    0.000
900.303; 2544.100;  165.125;    0.000
900.481; 2592.100;  182.125;    0.000
900.658; 2635.100;  206.125;    0.000
900.836; 2599.100;  188.125;    0.000
901.013; 2768.100;  169.125;    0.000
901.191; 2759.100;  172.125;    0.000
901.368; 2637.100;  170.125;    0.000
901.546; 2789.100;  234.125;    0.000
901.723; 2877.100;  173.125;    0.000
901.901; 2831.100;  190.125;    0.000
902.078; 2873.100;  145.125;    0.000
902.255; 2948.100;  204.125;    0.000
902.433; 3008.100;  198.125;    0.000
902.610; 2984.100;  190.125;    0.000
902.787; 2917.100;  204.125;    0.000
902.964; 3090.100;  208.125;    0.000
903.142; 3113.100;  187.125;    0.000
903.319; 3097.100;  216.125;    0.000
903.496; 3191.100;  186.125;    0.000
903.673; 3256.100;  201.125;    0.000
903.850; 3252.100;  195.125;    0.000
904.027; 3434.100;  211.125;    0.000
904.204; 3498.100;  197.125;    0.000
904.381; 3865.100;  198.125;    0.000
904.558; 4331.100;  188.125;    0.000
904.735; 4777.100;  207.125;    0.000
904.912; 4846.100;  217.125;    0.000
905.089; 4866.100;  188.125;    0.000
905.266; 4568.100;  160.125;    0.000
905.443; 4283.100;  221.125;    0.000
905.620; 3980.100;  163.125;    0.000
905.797; 3796.100;  186.125;    0.000
905.974; 3710.100;  205.125;    0.000
906.151; 3631.100;  159.125;    0.000
906.327; 3609.100;  206.125;    0.000
906.504; 3595.100;  201.125;    0.000
906.681; 3451.100;  202.125;    0.000
906.858; 3388.100;  188.125;    0.000
907.034; 3367.100;  207.125;    0.000
907.211; 3230.100;  182.125;    0.000
907.388; 3219.100;  184.125;    0.000
907.564; 3139.100;  148.125;    0.000
907.741; 3103.100;  181.125;    0.000
907.917; 3123.100;  191.125;    0.000
908.094; 3076.100;  210.125;    0.000
908.271; 3035.100;  171.125;    0.000
908.447; 2931.100;  241.125;    0.000
908.623; 3049.100;  188.125;    0.000
908.800; 2933.100;  205.125;    0.000
908.976; 2927.100;  210.125;    0.000
909.153; 2791.100;  193.125;    0.000
909.329; 2907.100;  206.125;    0.000
909.505; 2800.100;  181.125;    0.000
909.682; 2762.100;  192.125;    0.000
909.858; 2775.100;  134.125;    0.000
910.034; 2797.100;  214.125;    0.000
910.211; 2755.100;  182.125;    0.000
910.387; 2651.100;  194.125;    0.000
910.563; 2682.100;  199.125;    0.000
910.739; 2731.100;  188.125;    0.000
910.915; 2682.100;  192.125;    0.000
911.091; 2703.100;  198.125;    0.000
911.268; 2681.100;  178.125;    0.000
911.444; 2674.100;  201.125;    0.000
911.620; 2663.100;  181.125;    0.000
911.796; 2622.100;  185.125;    0.000
911.972; 2781.100;  176.125;    0.000
912.148; 2670.100;  196.125;    0.000
912.324; 2658.100;  192.125;    0.000
912.500; 2743.100;  204.125;    0.000
912.676; 2596.100;  164.125;    0.000
912.851; 2662.100;  193.125;    0.000
913.027; 2596.100;  175.125;    0.000
913.203; 2628.100;  193.125;    0.000
913.379; 2665.100;  213.125;    0.000
913.555; 2571.100;  211.125;    0.000
913.730; 2662.100;  194.125;    0.000
913.906; 2675.100;  153.125;    0.000
914.082; 2703.100;  212.125;    0.000
914.258; 2682.100;  194.125;    0.000
914.433; 2661.100;  191.125;    0.000
914.609; 2570.100;  208.125;    0.000
914.784; 2639.100;  176.125;    0.000
914.960; 2659.100;  227.125;    0.000
915.136; 2684.100;  152.125;    0.000
915.311; 2806.100;  171.125;    0.000
915.487; 2718.100;  173.125;    0.000
915.662; 2757.100;  189.125;    0.000
915.838; 2689.100;  179.125;    0.000
916.013; 2735.100;  191.125;    0.000
916.189; 2750.100;  207.125;    0.000
916.364; 2672.100;  194.125;    0.000
916.539; 2728.100;  174.125;    0.000
916.715; 2654.100;  207.125;    0.000
916.890; 2721.100;  193.125;    0.000
917.065; 2698.100;  199.125;    0.000
917.240; 2725.100;  214.125;    0.000
917.416; 2765.100;  194.125;    0.000
917.591; 2676.100;  213.125;    0.000
917.766; 2720.100;  194.125;    0.000
917.941; 2738.100;  201.125;    0.000
918.116; 2682.100;  198.125;    0.000
918.292; 2748.100;  176.125;    0.000
918.467; 2735.100;  190.125;    0.000
918.642; 2787.100;  200.125;    0.000
918.817; 2844.100;  186.125;    0.000
918.992; 2812.100;  174.125;    0.000
919.167; 2759.100;  197.125;    0.000
919.342; 2807.100;  188.125;    0.000
919.517; 2815.100;  179.125;    0.000
919.692; 2841.100;  182.125;    0.000
919.867; 2831.100;  216.125;    0.000
920.041; 2841.100;  208.125;    0.000
920.216; 2959.100;  223.125;    0.000
920.391; 3057.100;  203.125;    0.000
920.566; 3022.100;  202.125;    0.000
920.741; 3039.100;  197.125;    0.000
920.915; 3176.100;  223.125;    0.000
921.090; 3369.100;  183.125;    0.000
921.265; 3862.100;  169.125;    0.000
921.439; 4224.100;  212.125;    0.000
921.614; 3971.100;  190.125;    0.000
921.789; 3713.100;  177.125;    0.000
921.963; 3576.100;  233.125;    0.000
922.138; 3378.100;  156.125;    0.000
922.312; 3375.100;  193.125;    0.000
922.487; 3367.100;  208.125;    0.000
922.661; 3466.100;  212.125;    0.000
922.836; 3825.100;  210.125;    0.000
923.010; 3882.100;  183.125;    0.000
923.185; 3685.100;  228.125;    0.000
923.359; 3477.100;  227.125;    0.000
923.534; 3384.100;  189.125;    0.000
923.708; 3578.100;  210.125;    0.000
923.882; 3732.100;  217.125;    0.000
924.057; 3568.100;  195.125;    0.000
924.231; 3476.100;  201.125;    0.000
924.405; 3417.100;  188.125;    0.000
924.579; 3370.100;  188.125;    0.000
924.753; 3207.100;  174.125;    0.000
924.928; 3309.100;  179.125;    0.000
925.102; 3231.100;  186.125;    0.000
925.276; 3206.100;  201.125;    0.000
925.450; 3276.100;  211.125;    0.000
925.624; 3281.100;  238.125;    0.000
925.798; 3418.100;  191.125;    0.000
925.972; 3663.100;  192.125;    0.000
926.146; 3588.100;  198.125;    0.000
926.320; 3981.100;  151.125;    0.000
926.494; 4094.100;  202.125;    0.000
926.668; 4308.100;  197.125;    0.000
926.842; 4535.100;  177.125;    0.000
927.016; 4493.100;  202.125;    0.000
927.190; 4398.100;  207.125;    0.000
927.363; 4272.100;  180.125;    0.000
927.537; 4197.100;  212.125;    0.000
927.711; 4043.100;  148.125;    0.000
927.885; 3982.100;  196.125;    0.000
928.058; 3800.100;  173.125;    0.000
928.232; 3931.100;  219.125;    0.000
928.406; 3908.100;  141.125;    0.000
928.579; 3709.100;  157.125;    0.000
928.753; 3694.100;  205.125;    0.000
928.927; 3607.100;  196.125;    0.000
929.100; 3527.100;  237.125;    0.000
929.274; 3427.100;  166.125;    0.000
929.447; 3360.100;  150.125;    0.000
929.621; 3430.100;  188.125;    0.000
929.794; 3349.100;  169.125;    0.000
929.968; 3259.100;  194.125;    0.000
930.141; 3233.100;  226.125;    0.000
930.315; 3123.100;  196.125;    0.000
930.488; 3154.100;  233.125;    0.000
930.661; 3200.100;  188.125;    0.000
930.835; 3117.100;  170.125;    0.000
931.008; 3072.100;  176.125;    0.000
931.181; 3021.100;  175.125;    0.000
931.354; 2926.100;  212.125;    0.000
931.528; 2911.100;  177.125;    0.000
931.701; 2952.100;  218.125;    0.000
931.874; 2895.100;  175.125;    0.000
932.047; 2934.100;  157.125;    0.000
932.220; 2848.100;  187.125;    0.000
932.393; 2859.100;  166.125;    0.000
932.566; 2827.100;  168.125;    0.000
932.739; 2813.100;  203.125;    0.000
932.912; 2828.100;  202.125;    0.000
933.085; 2811.100;  209.125;    0.000
933.258; 2721.100;  196.125;    0.000
933.431; 2763.100;  207.125;    0.000
933.604; 2748.100;  201.125;    0.000
933.777; 2645.100;  202.125;    0.000
933.950; 2733.100;  184.125;    0.000
934.123; 2800.100;  167.125;    0.000
934.296; 2703.100;  209.125;    0.000
934.468; 2611.100;  216.125;    0.000
934.641; 2636.100;  156.125;    0.000
934.814; 2676.100;  215.125;    0.000
934.987; 2639.100;  201.125;    0.000
935.159; 2669.100;  176.125;    0.000
935.332; 2641.100;  203.125;    0.000
935.505; 2663.100;  163.125;    0.000
935.677; 2575.100;  169.125;    0.000
935.850; 2591.100;  178.125;    0.000
936.022; 2638.100;  187.125;    0.000
936.195; 2702.100;  207.125;    0.000
936.367; 2627.100;  191.125;    0.000
936.540; 2683.100;  214.125;    0.000
936.712; 2629.100;  202.125;    0.000
936.885; 2682.100;  195.125;    0.000
937.057; 2758.100;  173.125;    0.000
937.229; 2741.100;  179.125;    0.000
937.402; 2717.100;  174.125;    0.000
937.574; 2738.100;  140.125;    0.000
937.746; 2836.100;  153.125;    0.000
937.919; 3022.100;  196.125;    0.000
938.091; 3096.100;  173.125;    0.000
938.263; 3228.100;  206.125;    0.000
938.435; 3390.100;  213.125;    0.000
938.608; 3873.100;  204.125;    0.000
938.780; 4582.100;  199.125;    0.000
938.952; 4583.100;  190.125;    0.000
939.124; 4739.100;  182.125;    0.000
939.296; 5238.100;  188.125;    0.000
939.468; 5452.100;  119.125;    0.000
939.640; 4876.100;  171.125;    0.000
939.812; 4555.100;  222.125;    0.000
939.984; 3991.100;  172.125;    0.000
940.156; 3818.100;  171.125;    0.000
940.328; 3527.100;  215.125;    0.000
940.500; 3381.100;  179.125;    0.000
940.672; 3351.100;  178.125;    0.000
940.843; 3199.100;  193.125;    0.000
941.015; 3066.100;  207.125;    0.000
941.187; 3089.100;  179.125;    0.000
941.359; 3066.100;  191.125;    0.000
941.531; 2999.100;  160.125;    0.000
941.702; 2889.100;  208.125;    0.000
941.874; 2828.100;  143.125;    0.000
942.046; 2862.100;  189.125;    0.000
942.217; 2794.100;  167.125;    0.000
942.389; 2803.100;  199.125;    0.000
942.560; 2768.100;  179.125;    0.000
942.732; 2623.100;  209.125;    0.000
942.904; 2676.100;  180.125;    0.000
943.075; 2582.100;  197.125;    0.000
943.247; 2553.100;  207.125;    0.000
943.418; 2537.100;  183.125;    0.000
943.589; 2483.100;  176.125;    0.000
943.761; 2457.100;  165.125;    0.000
943.932; 2524.100;  170.125;    0.000
944.104; 2470.100;  147.125;    0.000
944.275; 2428.100;  149.125;    0.000
944.446; 2459.100;  191.125;    0.000
944.617; 2362.100;  128.125;    0.000
944.789; 2481.100;  166.125;    0.000
944.960; 2364.100;  195.125;    0.000
945.131; 2319.100;  164.125;    0.000
945.302; 2371.100;  229.125;    0.000
945.473; 2338.100;  153.125;    0.000
945.645; 2324.100;  166.125;    0.000
945.816; 2451.100;  187.125;    0.000
945.987; 2529.100;  193.125;    0.000
946.158; 2425.100;  166.125;    0.000
946.329; 2528.100;  196.125;    0.000
946.500; 2387.100;  152.125;    0.000
946.671; 2325.100;  161.125;    0.000
946.842; 2340.100;  176.125;    0.000
947.013; 2432.100;  188.125;    0.000
947.183; 2363.100;  213.125;    0.000
947.354; 2251.100;  163.125;    0.000
947.525; 2226.100;  204.125;    0.000
947.696; 2291.100;  159.125;    0.000
947.867; 2347.100;  197.125;    0.000
948.037; 2299.100;  174.125;    0.000
948.208; 2329.100;  163.125;    0.000
948.379; 2374.100;  189.125;    0.000
948.550; 2235.100;  173.125;    0.000
948.720; 2261.100;  186.125;    0.000
948.891; 2255.100;  166.125;    0.000
949.061; 2248.100;  197.125;    0.000
949.232; 2232.100;  168.125;    0.000
949.403; 2153.100;  188.125;    0.000
949.573; 2178.100;  164.125;    0.000
949.744; 2225.100;  194.125;    0.000
949.914; 2179.100;  154.125;    0.000
950.085; 2249.100;  197.125;    0.000
950.255; 2192.100;  187.125;    0.000
950.425; 2110.100;  193.125;    0.000
950.596; 2186.100;  182.125;    0.000
950.766; 2201.100;  202.125;    0.000
950.936; 2192.100;  230.125;    0.000
951.107; 2209.100;  133.125;    0.000
951.277; 2192.100;  234.125;    0.000
951.447; 2158.100;  200.125;    0.000
951.617; 2130.100;  212.125;    0.000
951.788; 2091.100;  176.125;    0.000
951.958; 2120.100;  218.125;    0.000
952.128; 2055.100;  198.125;    0.000
952.298; 2150.100;  185.125;    0.000
952.468; 2086.100;  231.125;    0.000
952.638; 2055.100;  213.125;    0.000
952.808; 2165.100;  218.125;    0.000
952.978; 2151.100;  252.125;    0.000
953.148; 2212.100;  200.125;    0.000
953.318; 2176.100;  243.125;    0.000
953.488; 2047.100;  140.125;    0.000
953.658; 2060.100;  208.125;    0.000
953.828; 2109.100;  179.125;    0.000
953.998; 2075.100;  211.125;    0.000
954.167; 2159.100;  197.125;    0.000
954.337; 2049.100;  217.125;    0.000
954.507; 2055.100;  219.125;    0.000
954.677; 2136.100;  201.125;    0.000
954.846; 2105.100;  241.125;    0.000
955.016; 2071.100;  222.125;    0.000
955.186; 2080.100;  200.125;    0.000
955.355; 2081.100;  247.125;    0.000
955.525; 2053.100;  212.125;    0.000
955.695; 2036.100;  200.125;    0.000
955.864; 2023.100;  196.125;    0.000
956.034; 1995.100;  195.125;    0.000
956.203; 2040.100;  243.125;    0.000
956.373; 1978.100;  197.125;    0.000
956.542; 1969.100;  237.125;    0.000
956.711; 2051.100;  249.125;    0.000
956.881; 2045.100;  235.125;    0.000
957.050; 1975.100;  259.125;    0.000
957.220; 1958.100;  234.125;    0.000
957.389; 1994.100;  250.125;    0.000
957.558; 1895.100;  214.125;    0.000
957.727; 1966.100;  225.125;    0.000
957.897; 1941.100;  211.125;    0.000
958.066; 1958.100;  200.125;    0.000
958.235; 1926.100;  202.125;    0.000
958.404; 1981.100;  242.125;    0.000
958.573; 1978.100;  222.125;    0.000
958.743; 1938.100;  191.125;    0.000
958.912; 1934.100;  183.125;    0.000
959.081; 1914.100;  212.125;    0.000
959.250; 1948.100;  192.125;    0.000
959.419; 1962.100;  238.125;    0.000
959.588; 1904.100;  205.125;    0.000
959.757; 1932.100;  213.125;    0.000
959.926; 1902.100;  217.125;    0.000
960.094; 1911.100;  215.125;    0.000
960.263; 1892.100;  220.125;    0.000
960.432; 1909.100;  164.125;    0.000
960.601; 1865.100;  228.125;    0.000
960.770; 1932.100;  176.125;    0.000
960.939; 1967.100;  201.125;    0.000
961.107; 1933.100;  183.125;    0.000
961.276; 1862.100;  199.125;    0.000
961.445; 1910.100;  205.125;    0.000
961.613; 1881.100;  183.125;    0.000
961.782; 1951.100;  216.125;    0.000
961.951; 1854.100;  169.125;    0.000
962.119; 1934.100;  211.125;    0.000
962.288; 1818.100;  204.125;    0.000
962.456; 1818.100;  187.125;    0.000
962.625; 1901.100;  223.125;    0.000
962.793; 1874.100;  200.125;    0.000
962.962; 1868.100;  185.125;    0.000
963.130; 1842.100;  195.125;    0.000
963.298; 1812.100;  187.125;    0.000
963.467; 1866.100;  247.125;    0.000
963.635; 1818.100;  165.125;    0.000
963.803; 1837.100;  192.125;    0.000
963.972; 1830.100;  191.125;    0.000
964.140; 1885.100;  163.125;    0.000
964.308; 1824.100;  161.125;    0.000
964.477; 1818.100;  182.125;    0.000
964.645; 1800.100;  195.125;    0.000
964.813; 1866.100;  165.125;    0.000
964.981; 1868.100;  193.125;    0.000
965.149; 1919.100;  174.125;    0.000
965.317; 1842.100;  194.125;    0.000
965.485; 1943.100;  209.125;    0.000
965.653; 1854.100;  210.125;    0.000
965.821; 1833.100;  194.125;    0.000
965.989; 1827.100;  182.125;    0.000
966.157; 1834.100;  180.125;    0.000
966.325; 1809.100;  198.125;    0.000
966.493; 1842.100;  182.125;    0.000
966.661; 1828.100;  200.125;    0.000
966.829; 1769.100;  190.125;    0.000
966.996; 1836.100;  221.125;    0.000
967.164; 1872.100;  176.125;    0.000
967.332; 1950.100;  228.125;    0.000
967.500; 1899.100;  177.125;    0.000
967.667; 1846.100;  202.125;    0.000
967.835; 1889.100;  220.125;    0.000
968.003; 1831.100;  183.125;    0.000
968.170; 1810.100;  163.125;    0.000
968.338; 1867.100;  162.125;    0.000
968.505; 1808.100;  198.125;    0.000
968.673; 1868.100;  213.125;    0.000
968.841; 1829.100;  131.125;    0.000
969.008; 1842.100;  225.125;    0.000
969.175; 1741.100;  202.125;    0.000
969.343; 1775.100;  222.125;    0.000
969.510; 1877.100;  230.125;    0.000
969.678; 1830.100;  161.125;    0.000
969.845; 1754.100;  208.125;    0.000
970.012; 1778.100;  186.125;    0.000
970.180; 1867.100;  226.125;    0.000
970.347; 1928.100;  222.125;    0.000
970.514; 1758.100;  206.125;    0.000
970.681; 1780.100;  173.125;    0.000
970.849; 1750.100;  190.125;    0.000
971.016; 1825.100;  220.125;    0.000
971.183; 1797.100;  202.125;    0.000
971.350; 1824.100;  196.125;    0.000
971.517; 1825.100;  218.125;    0.000
971.684; 1898.100;  228.125;    0.000
971.851; 1782.100;  235.125;    0.000
972.018; 1796.100;  200.125;    0.000
972.185; 1781.100;  183.125;    0.000
972.352; 1800.100;  216.125;    0.000
972.519; 1924.100;  227.125;    0.000
972.686; 1796.100;  209.125;    0.000
972.853; 1787.100;  157.125;    0.000
973.020; 1784.100;  179.125;    0.000
973.186; 1829.100;  173.125;    0.000
973.353; 1821.100;  189.125;    0.000
973.520; 1811.100;  228.125;    0.000
973.687; 1821.100;  190.125;    0.000
973.853; 1879.100;  197.125;    0.000
974.020; 1788.100;  208.125;    0.000
974.187; 1758.100;  158.125;    0.000
974.353; 1865.100;  201.125;    0.000
974.520; 1780.100;  158.125;    0.000
974.687; 1805.100;  192.125;    0.000
974.853; 1867.100;  177.125;    0.000
975.020; 1760.100;  212.125;    0.000
975.186; 1830.100;  200.125;    0.000
975.353; 1905.100;  208.125;    0.000
975.519; 1788.100;  169.125;    0.000
975.685; 1851.100;  176.125;    0.000
975.852; 1785.100;  201.125;    0.000
976.018; 1752.100;  209.125;    0.000
976.184; 1798.100;  197.125;    0.000
976.351; 1791.100;  196.125;    0.000
976.517; 1841.100;  243.125;    0.000
976.683; 1810.100;  210.125;    0.000
976.849; 1715.100;  226.125;    0.000
977.016; 1748.100;  218.125;    0.000
977.182; 1729.100;  213.125;    0.000
977.348; 1706.100;  205.125;    0.000
977.514; 1700.100;  210.125;    0.000
977.680; 1785.100;  226.125;    0.000
977.846; 1693.100;  206.125;    0.000
978.012; 1768.100;  222.125;    0.000
978.178; 1718.100;  216.125;    0.000
978.344; 1753.100;  172.125;    0.000
978.510; 1784.100;  210.125;    0.000
978.676; 1722.100;  184.125;    0.000
978.842; 1713.100;  190.125;    0.000
979.008; 1756.100;  203.125;    0.000
979.174; 1702.100;  211.125;    0.000
979.340; 1779.100;  190.125;    0.000
979.505; 1750.100;  235.125;    0.000
979.671; 1750.100;  182.125;    0.000
979.837; 1787.100;  235.125;    0.000
980.003; 1764.100;  183.125;    0.000
980.168; 1791.100;  220.125;    0.000
980.334; 1714.100;  161.125;    0.000
980.499; 1770.100;  212.125;    0.000
980.665; 1875.100;  219.125;    0.000
980.831; 1753.100;  201.125;    0.000
980.996; 1711.100;  189.125;    0.000
981.162; 1702.100;  222.125;    0.000
981.327; 1666.100;  173.125;    0.000
981.493; 1773.100;  197.125;    0.000
981.658; 1726.100;  178.125;    0.000
981.823; 1777.100;  196.125;    0.000
981.989; 1766.100;  248.125;    0.000
982.154; 1734.100;  222.125;    0.000
982.319; 1782.100;  226.125;    0.000
982.485; 1782.100;  188.125;    0.000
982.650; 1778.100;  203.125;    0.000
982.815; 1750.100;  237.125;    0.000
982.980; 1832.100;  210.125;    0.000
983.146; 1800.100;  202.125;    0.000
983.311; 1746.100;  195.125;    0.000
983.476; 1782.100;  207.125;    0.000
983.641; 1656.100;  198.125;    0.000
983.806; 1719.100;  136.125;    0.000
983.971; 1787.100;  248.125;    0.000
984.136; 1796.100;  213.125;    0.000
984.301; 1754.100;  181.125;    0.000
984.466; 1821.100;  210.125;    0.000
984.631; 1787.100;  219.125;    0.000
984.796; 1771.100;  207.125;    0.000
984.961; 1821.100;  214.125;    0.000
985.126; 1712.100;  218.125;    0.000
985.291; 1706.100;  214.125;    0.000
985.455; 1717.100;  187.125;    0.000
985.620; 1717.100;  191.125;    0.000
985.785; 1698.100;  190.125;    0.000
985.950; 1737.100;  184.125;    0.000
986.114; 1782.100;  242.125;    0.000
986.279; 1762.100;  251.125;    0.000
986.444; 1790.100;  177.125;    0.000
986.608; 1792.100;  216.125;    0.000
986.773; 1812.100;  211.125;    0.000
986.937; 1862.100;  244.125;    0.000
987.102; 1772.100;  187.125;    0.000
987.266; 1750.100;  178.125;    0.000
987.431; 1831.100;  205.125;    0.000
987.595; 1735.100;  221.125;    0.000
987.760; 1694.100;  205.125;    0.000
987.924; 1803.100;  195.125;    0.000
988.088; 1744.100;  184.125;    0.000
988.253; 1765.100;  188.125;    0.000
988.417; 1803.100;  196.125;    0.000
988.581; 1782.100;  218.125;    0.000
988.746; 1689.100;  203.125;    0.000
988.910; 1743.100;  195.125;    0.000
989.074; 1766.100;  187.125;    0.000
989.238; 1735.100;  243.125;    0.000
989.402; 1766.100;  242.125;    0.000
989.566; 1778.100;  205.125;    0.000
989.731; 1697.100;  195.125;    0.000
989.895; 1750.100;  211.125;    0.000
990.059; 1673.100;  175.125;    0.000
990.223; 1724.100;  176.125;    0.000
990.387; 1728.100;  234.125;    0.000
990.551; 1750.100;  231.125;    0.000
990.714; 1670.100;  209.125;    0.000
990.878; 1712.100;  187.125;    0.000
991.042; 1719.100;  183.125;    0.000
991.206; 1709.100;  216.125;    0.000
991.370; 1758.100;  257.125;    0.000
991.534; 1690.100;  188.125;    0.000
991.697; 1717.100;  203.125;    0.000
991.861; 1737.100;  219.125;    0.000
992.025; 1686.100;  221.125;    0.000
992.188; 1680.100;  188.125;    0.000
992.352; 1714.100;  205.125;    0.000
992.516; 1698.100;  189.125;    0.000
992.679; 1638.100;  207.125;    0.000
992.843; 1740.100;  210.125;    0.000
993.006; 1667.100;  191.125;    0.000
993.170; 1722.100;  228.125;    0.000
993.333; 1688.100;  142.125;    0.000
993.497; 1666.100;  175.125;    0.000
993.660; 1713.100;  220.125;    0.000
993.824; 1663.100;  193.125;    0.000
993.987; 1736.100;  219.125;    0.000
994.150; 1633.100;  166.125;    0.000
994.314; 1676.100;  207.125;    0.000
994.477; 1698.100;  227.125;    0.000
994.640; 1699.100;  210.125;    0.000
994.803; 1661.100;  219.125;    0.000
994.967; 1704.100;  192.125;    0.000
995.130; 1659.100;  197.125;    0.000
995.293; 1642.100;  189.125;    0.000
995.456; 1677.100;  180.125;    0.000
995.619; 1754.100;  239.125;    0.000
995.782; 1679.100;  209.125;    0.000
995.945; 1665.100;  216.125;    0.000
996.108; 1630.100;  198.125;    0.000
996.271; 1616.100;  205.125;    0.000
996.434; 1720.100;  205.125;    0.000
996.597; 1663.100;  208.125;    0.000
996.760; 1598.100;  205.125;    0.000
996.923; 1650.100;  174.125;    0.000
997.086; 1679.100;  198.125;    0.000
997.248; 1705.100;  214.125;    0.000
997.411; 1641.100;  237.125;    0.000
997.574; 1636.100;  182.125;    0.000
997.737; 1666.100;  188.125;    0.000
997.899; 1641.100;  216.125;    0.000
998.062; 1624.100;  210.125;    0.000
998.225; 1640.100;  202.125;    0.000
998.387; 1603.100;  202.125;    0.000
998.550; 1664.100;  193.125;    0.000
998.712; 1566.100;  225.125;    0.000
998.875; 1677.100;  228.125;    0.000
999.037; 1651.100;  186.125;    0.000
999.200; 1683.100;  212.125;    0.000
999.362; 1607.100;  234.125;    0.000
999.525; 1662.100;  170.125;    0.000
999.687; 1590.100;  191.125;    0.000
999.849; 1645.100;  218.125;    0.000
1000.012; 1743.100;  187.125;    0.000
1000.174; 1675.100;  216.125;    0.000
1000.336; 1676.100;  194.125;    0.000
1000.499; 1720.100;  209.125;    0.000
1000.661; 1766.100;  208.125;    0.000
1000.823; 1697.100;  197.125;    0.000
1000.985; 1713.100;  201.125;    0.000
1001.147; 1737.100;  234.125;    0.000
1001.309; 1753.100;  180.125;    0.000
1001.471; 1770.100;  223.125;    0.000
1001.633; 1762.100;  198.125;    0.000
1001.796; 1744.100;  200.125;    0.000
1001.958; 1804.100;  204.125;    0.000
1002.119; 1758.100;  193.125;    0.000
1002.281; 1856.100;  205.125;    0.000
1002.443; 1972.100;  236.125;    0.000
1002.605; 1921.100;  197.125;    0.000
1002.767; 2043.100;  223.125;    0.000
1002.929; 2064.100;  220.125;    0.000
1003.091; 2175.100;  214.125;    0.000
1003.252; 2331.100;  233.125;    0.000
1003.414; 2372.100;  230.125;    0.000
1003.576; 2483.100;  203.125;    0.000
1003.738; 2539.100;  201.125;    0.000
1003.899; 2615.100;  222.125;    0.000
1004.061; 2769.100;  208.125;    0.000
1004.222; 2799.100;  194.125;    0.000
1004.384; 2951.100;  205.125;    0.000
1004.546; 2967.100;  162.125;    0.000
1004.707; 3109.100;  232.125;    0.000
1004.869; 3126.100;  223.125;    0.000
1005.030; 2993.100;  204.125;    0.000
1005.191; 3009.100;  214.125;    0.000
1005.353; 2943.100;  226.125;    0.000
1005.514; 2760.100;  201.125;    0.000
1005.675; 2542.100;  205.125;    0.000
1005.837; 2522.100;  235.125;    0.000
1005.998; 2434.100;  210.125;    0.000
1006.159; 2365.100;  214.125;    0.000
1006.321; 2537.100;  236.125;    0.000
1006.482; 2610.100;  214.125;    0.000
1006.643; 2716.100;  213.125;    0.000
1006.804; 2946.100;  204.125;    0.000
1006.965; 2930.100;  212.125;    0.000
1007.126; 3030.100;  251.125;    0.000
1007.287; 2926.100;  238.125;    0.000
1007.448; 2857.100;  198.125;    0.000
1007.609; 2720.100;  241.125;    0.000
1007.770; 2754.100;  213.125;    0.000
1007.931; 2730.100;  225.125;    0.000
1008.092; 2736.100;  204.125;    0.000
1008.253; 2860.100;  220.125;    0.000
1008.414; 2867.100;  180.125;    0.000
1008.575; 2960.100;  224.125;    0.000
1008.736; 2918.100;  164.125;    0.000
1008.896; 2879.100;  247.125;    0.000
1009.057; 2931.100;  263.125;    0.000
1009.218; 2829.100;  233.125;    0.000
1009.379; 2995.100;  207.125;    0.000
1009.539; 3084.100;  221.125;    0.000
1009.700; 3069.100;  209.125;    0.000
1009.860; 3069.100;  217.125;    0.000
1010.021; 2954.100;  182.125;    0.000
1010.182; 3035.100;  233.125;    0.000
1010.342; 3061.100;  210.125;    0.000
1010.503; 3122.100;  232.125;    0.000
1010.663; 3244.100;  228.125;    0.000
1010.823; 3258.100;  212.125;    0.000
1010.984; 3269.100;  244.125;    0.000
1011.144; 3416.100;  200.125;    0.000
1011.305; 3434.100;  237.125;    0.000
1011.465; 3677.100;  225.125;    0.000
1011.625; 3690.100;  215.125;    0.000
1011.785; 3700.100;  235.125;    0.000
1011.946; 3667.100;  231.125;    0.000
1012.106; 3574.100;  206.125;    0.000
1012.266; 3680.100;  218.125;    0.000
1012.426; 3646.100;  249.125;    0.000
1012.586; 3609.100;  217.125;    0.000
1012.746; 3637.100;  231.125;    0.000
1012.906; 3570.100;  230.125;    0.000
1013.066; 3589.100;  260.125;    0.000
1013.226; 3598.100;  206.125;    0.000
1013.386; 3612.100;  220.125;    0.000
1013.546; 3548.100;  233.125;    0.000
1013.706; 3516.100;  194.125;    0.000
1013.866; 3550.100;  209.125;    0.000
1014.026; 3566.100;  204.125;    0.000
1014.186; 3605.100;  203.125;    0.000
1014.346; 3477.100;  244.125;    0.000
1014.505; 3541.100;  206.125;    0.000
1014.665; 3638.100;  210.125;    0.000
1014.825; 3614.100;  235.125;    0.000
1014.985; 3542.100;  227.125;    0.000
1015.144; 3652.100;  237.125;    0.000
1015.304; 3968.100;  196.125;    0.000
1015.464; 3960.100;  228.125;    0.000
1015.623; 3818.100;  235.125;    0.000
1015.783; 3994.100;  187.125;    0.000
1015.942; 4455.100;  184.125;    0.000
1016.102; 4481.100;  245.125;    0.000
1016.261; 4167.100;  203.125;    0.000
1016.420; 4446.100;  209.125;    0.000
1016.580; 5082.100;  235.125;    0.000
1016.739; 5105.100;  175.125;    0.000
1016.899; 4740.100;  220.125;    0.000
1017.058; 4963.100;  219.125;    0.000
1017.217; 5300.100;  238.125;    0.000
1017.376; 5228.100;  235.125;    0.000
1017.536; 4492.100;  195.125;    0.000
1017.695; 4483.100;  215.125;    0.000
1017.854; 4617.100;  231.125;    0.000
1018.013; 4729.100;  184.125;    0.000
1018.172; 4313.100;  179.125;    0.000
1018.331; 4185.100;  205.125;    0.000
1018.490; 4549.100;  203.125;    0.000
1018.649; 4752.100;  261.125;    0.000
1018.808; 4952.100;  253.125;    0.000
1018.967; 4904.100;  201.125;    0.000
1019.126; 4828.100;  216.125;    0.000
1019.285; 5044.100;  169.125;    0.000
1019.444; 5009.100;  226.125;    0.000
1019.603; 4833.100;  252.125;    0.000
1019.762; 4559.100;  206.125;    0.000
1019.921; 4667.100;  235.125;    0.000
1020.079; 5021.100;  192.125;    0.000
1020.238; 5224.100;  226.125;    0.000
1020.397; 4996.100;  231.125;    0.000
1020.555; 4843.100;  218.125;    0.000
1020.714; 4955.100;  235.125;    0.000
1020.873; 5270.100;  229.125;    0.000
1021.031; 5213.100;  234.125;    0.000
1021.190; 4893.100;  223.125;    0.000
1021.348; 4951.100;  186.125;    0.000
1021.507; 5319.100;  201.125;    0.000
1021.665; 5472.100;  222.125;    0.000
1021.824; 5242.100;  208.125;    0.000
1021.982; 4978.100;  209.125;    0.000
1022.141; 5003.100;  224.125;    0.000
1022.299; 5735.100;  214.125;    0.000
1022.457; 5803.100;  176.125;    0.000
1022.616; 5322.100;  211.125;    0.000
1022.774; 4822.100;  218.125;    0.000
1022.932; 5123.100;  205.125;    0.000
1023.090; 5703.100;  246.125;    0.000
1023.249; 5881.100;  249.125;    0.000
1023.407; 5200.100;  235.125;    0.000
1023.565; 4962.100;  202.125;    0.000
1023.723; 5313.100;  210.125;    0.000
1023.881; 6017.100;  206.125;    0.000
1024.039; 5984.100;  240.125;    0.000
1024.197; 5377.100;  275.125;    0.000
1024.355; 5040.100;  228.125;    0.000
1024.513; 5324.100;  234.125;    0.000
1024.671; 6060.100;  222.125;    0.000
1024.829; 5951.100;  241.125;    0.000
1024.987; 5412.100;  209.125;    0.000
1025.145; 5059.100;  227.125;    0.000
1025.302; 5391.100;  208.125;    0.000
1025.460; 6107.100;  210.125;    0.000
1025.618; 6085.100;  192.125;    0.000
1025.776; 5839.100;  220.125;    0.000
1025.933; 5279.100;  223.125;    0.000
1026.091; 5591.100;  189.125;    0.000
1026.249; 6107.100;  210.125;    0.000
1026.406; 6434.100;  231.125;    0.000
1026.564; 5811.100;  247.125;    0.000
1026.721; 5449.100;  213.125;    0.000
1026.879; 5293.100;  208.125;    0.000
1027.036; 6003.100;  222.125;    0.000
1027.194; 6498.100;  253.125;    0.000
1027.351; 6499.100;  239.125;    0.000
1027.509; 5812.100;  232.125;    0.000
1027.666; 5394.100;  251.125;    0.000
1027.823; 5991.100;  212.125;    0.000
1027.981; 6318.100;  260.125;    0.000
1028.138; 6779.100;  263.125;    0.000
1028.295; 6173.100;  251.125;    0.000
1028.452; 5586.100;  249.125;    0.000
1028.609; 5537.100;  259.125;    0.000
1028.767; 6226.100;  255.125;    0.000
1028.924; 6641.100;  201.125;    0.000
1029.081; 6440.100;  217.125;    0.000
1029.238; 6258.100;  230.125;    0.000
1029.395; 5694.100;  263.125;    0.000
1029.552; 5860.100;  207.125;    0.000
1029.709; 6578.100;  220.125;    0.000
1029.866; 6863.100;  214.125;    0.000
1030.023; 6670.100;  224.125;    0.000
1030.180; 5920.100;  209.125;    0.000
1030.337; 5937.100;  269.125;    0.000
1030.494; 6110.100;  207.125;    0.000
1030.650; 6545.100;  230.125;    0.000
1030.807; 6948.100;  217.125;    0.000
1030.964; 6581.100;  212.125;    0.000
1031.121; 6302.100;  220.125;    0.000
1031.277; 6126.100;  233.125;    0.000
1031.434; 6336.100;  266.125;    0.000
1031.591; 6751.100;  270.125;    0.000
1031.747; 6816.100;  229.125;    0.000
1031.904; 6966.100;  227.125;    0.000
1032.060; 6672.100;  210.125;    0.000
1032.217; 6397.100;  218.125;    0.000
1032.373; 6937.100;  190.125;    0.000
1032.530; 6967.100;  236.125;    0.000
1032.686; 7926.100;  199.125;    0.000
1032.843; 7857.100;  216.125;    0.000
1032.999; 7418.100;  204.125;    0.000
1033.155; 7782.100;  208.125;    0.000
1033.312; 7687.100;  231.125;    0.000
1033.468; 8908.100;  213.125;    0.000
1033.624; 9100.100;  235.125;    0.000
1033.780; 9944.100;  233.125;    0.000
1033.937; 9722.100;  201.125;    0.000
1034.093; 9427.100;  233.125;    0.000
1034.249; 9635.100;  214.125;    0.000
1034.405; 9425.100;  245.125;    0.000
1034.561;10357.100;  228.125;    0.000
1034.717;10308.100;  234.125;    0.000
1034.873;10159.100;  248.125;    0.000
1035.029;10615.100;  220.125;    0.000
1035.185; 9936.100;  294.125;    0.000
1035.341; 9704.100;  231.125;    0.000
1035.497;10401.100;  254.125;    0.000
1035.653;10603.100;  225.125;    0.000
1035.809;11773.100;  243.125;    0.000
1035.964;12689.100;  216.125;    0.000
1036.120;12045.100;  199.125;    0.000
1036.276;12082.100;  220.125;    0.000
1036.432;11631.100;  210.125;    0.000
1036.587;10974.100;  225.125;    0.000
1036.743;11592.100;  245.125;    0.000
1036.899;12732.100;  219.125;    0.000
1037.054;12764.100;  157.125;    0.000
1037.210;14265.100;  208.125;    0.000
1037.365;14516.100;  230.125;    0.000
1037.521;13525.100;  236.125;    0.000
1037.676;13325.100;  193.125;    0.000
1037.832;12537.100;  246.125;    0.000
1037.987;12336.100;  231.125;    0.000
1038.143;13157.100;  234.125;    0.000
1038.298;14876.100;  219.125;    0.000
1038.453;14400.100;  230.125;    0.000
1038.609;16086.100;  254.125;    0.000
1038.764;16325.100;  249.125;    0.000
1038.919;14660.100;  224.125;    0.000
1039.074;14685.100;  209.125;    0.000
1039.229;13291.100;  214.125;    0.000
1039.385;13462.100;  268.125;    0.000
1039.540;14000.100;  268.125;    0.000
1039.695;15153.100;  229.125;    0.000
1039.850;16160.100;  252.125;    0.000
1040.005;17421.100;  248.125;    0.000
1040.160;18616.100;  215.125;    0.000
1040.315;17617.100;  239.125;    0.000
1040.470;16212.100;  210.125;    0.000
1040.625;15671.100;  239.125;    0.000
1040.780;15226.100;  251.125;    0.000
1040.935;14783.100;  247.125;    0.000
1041.089;16122.100;  215.125;    0.000
1041.244;18383.100;  210.125;    0.000
1041.399;19271.100;  237.125;    0.000
1041.554;21166.100;  253.125;    0.000
1041.708;23027.100;  227.125;    0.000
1041.863;22166.100;  219.125;    0.000
1042.018;20749.100;  246.125;    0.000
1042.172;20231.100;  236.125;    0.000
1042.327;19346.100;  272.125;    0.000
1042.481;18993.100;  197.125;    0.000
1042.636;19576.100;  213.125;    0.000
1042.791;20388.100;  250.125;    0.000
1042.945;24179.100;  267.125;    0.000
1043.099;25568.100;  257.125;    0.000
1043.254;25104.100;  206.125;    0.000
1043.408;27291.100;  266.125;    0.000
1043.563;27687.100;  232.125;    0.000
1043.717;26999.100;  241.125;    0.000
1043.871;24955.100;  248.125;    0.000
1044.025;24037.100;  234.125;    0.000
1044.180;24585.100;  222.125;    0.000
1044.334;24969.100;  235.125;    0.000
1044.488;25139.100;  270.125;    0.000
1044.642;27035.100;  215.125;    0.000
1044.796;30002.100;  212.125;    0.000
1044.950;32546.100;  228.125;    0.000
1045.104;36078.102;  223.125;    0.000
1045.258;37727.102;  236.125;    0.000
1045.412;35461.102;  225.125;    0.000
1045.566;34766.102;  245.125;    0.000
1045.720;33230.102;  201.125;    0.000
1045.874;30710.100;  229.125;    0.000
1046.028;28133.100;  243.125;    0.000
1046.182;28020.100;  212.125;    0.000
1046.336;30400.100;  256.125;    0.000
1046.489;30378.100;  234.125;    0.000
1046.643;33514.102;  246.125;    0.000
1046.797;34526.102;  219.125;    0.000
1046.951;36121.102;  231.125;    0.000
1047.104;36397.102;  285.125;    0.000
1047.258;37506.102;  256.125;    0.000
1047.411;40232.102;  232.125;    0.000
1047.565;39552.102;  269.125;    0.000
1047.719;36852.102;  213.125;    0.000
1047.872;35368.102;  210.125;    0.000
1048.026;34820.102;  251.125;    0.000
1048.179;35097.102;  213.125;    0.000
1048.332;34591.102;  212.125;    0.000
1048.486;33195.102;  218.125;    0.000
1048.639;34103.102;  218.125;    0.000
1048.792;33801.102;  247.125;    0.000
1048.946;38050.102;  208.125;    0.000
1049.099;41759.102;  247.125;    0.000
1049.252;43221.102;  274.125;    0.000
1049.406;40917.102;  232.125;    0.000
1049.559;41120.102;  251.125;    0.000
1049.712;46032.102;  243.125;    0.000
1049.865;49365.102;  219.125;    0.000
1050.018;49392.102;  216.125;    0.000
1050.171;42976.102;  237.125;    0.000
1050.324;40561.102;  291.125;    0.000
1050.477;42673.102;  241.125;    0.000
1050.630;44694.102;  245.125;    0.000
1050.783;45743.102;  213.125;    0.000
1050.936;44323.102;  246.125;    0.000
1051.089;42624.102;  255.125;    0.000
1051.242;43986.102;  228.125;    0.000
1051.394;49242.102;  276.125;    0.000
1051.547;52607.102;  246.125;    0.000
1051.700;48861.102;  252.125;    0.000
1051.853;45413.102;  267.125;    0.000
1052.005;48172.102;  261.125;    0.000
1052.158;54828.102;  313.125;    0.000
1052.311;59899.102;  264.125;    0.000
1052.463;56914.102;  271.125;    0.000
1052.616;50198.102;  291.125;    0.000
1052.768;45005.102;  298.125;    0.000
1052.921;44029.102;  262.125;    0.000
1053.073;47379.102;  307.125;    0.000
1053.226;55246.102;  301.125;    0.000
1053.378;61482.102;  309.125;    0.000
1053.531;64710.102;  280.125;    0.000
1053.683;60574.102;  258.125;    0.000
1053.835;53199.102;  267.125;    0.000
1053.988;41804.102;  294.125;    0.000
1054.140; 7488.100;  292.125;    0.000
1054.292; 1780.100;  249.125;    0.000
1054.444; 1404.100;  288.125;    0.000
1054.596; 1227.100;  275.125;    0.000
1054.749; 1135.100;  284.125;    0.000
1054.901; 1049.100;  291.125;    0.000
1055.053;  977.100;  274.125;    0.000
1055.205;  965.100;  313.125;    0.000
1055.357;  877.100;  309.125;    0.000
1055.509;  879.100;  283.125;    0.000
1055.661;  824.100;  341.125;    0.000
1055.813;  792.100;  288.125;    0.000
1055.965;  732.100;  300.125;    0.000
1056.116;  736.100;  296.125;    0.000
1056.268;  749.100;  319.125;    0.000
1056.420;  795.100;  298.125;    0.000

