
Integration time [ms]:   1.000
Averaging Nr. [scans]: 1
Smoothing Nr. [pixels]: 0
Data measured with spectrometer [name]: UV1
Wave   ;Sample   ;Dark     ;Reference
[nm]   ;[counts] ;[counts] ;[counts] 

236.381;  125.875;    0.000;    0.000
236.451;  187.875;    0.000;    0.000
236.520;  153.875;    0.000;    0.000
236.590;  223.875;    0.000;    0.000
236.660;  184.875;    0.000;    0.000
236.730;  204.875;    0.000;    0.000
236.799;  185.875;    0.000;    0.000
236.869;  156.875;    0.000;    0.000
236.939;  189.875;    0.000;    0.000
237.009;  166.875;    0.000;    0.000
237.078;  194.875;    0.000;    0.000
237.148;  172.875;    0.000;    0.000
237.218;  210.875;    0.000;    0.000
237.287;  208.875;    0.000;    0.000
237.357;  185.875;    0.000;    0.000
237.427;  149.875;    0.000;    0.000
237.496;  472.875;    0.000;    0.000
237.566;  475.875;    0.000;    0.000
237.636;  444.875;    0.000;    0.000
237.705;  474.875;    0.000;    0.000
237.775;  426.875;    0.000;    0.000
237.845;  460.875;    0.000;    0.000
237.914;  417.875;    0.000;    0.000
237.984;  494.875;    0.000;    0.000
238.054;  411.875;    0.000;    0.000
238.123;  421.875;    0.000;    0.000
238.193;  436.875;    0.000;    0.000
238.263;  454.875;    0.000;    0.000
238.332;  441.875;    0.000;    0.000
238.402;  455.875;    0.000;    0.000
238.471;  426.875;    0.000;    0.000
238.541;  408.875;    0.000;    0.000
238.611;  469.875;    0.000;    0.000
238.680;  426.875;    0.000;    0.000
238.750;  451.875;    0.000;    0.000
238.819;  457.875;    0.000;    0.000
238.889;  430.875;    0.000;    0.000
238.958;  448.875;    0.000;    0.000
239.028;  415.875;    0.000;    0.000
239.097;  421.875;    0.000;    0.000
239.167;  478.875;    0.000;    0.000
239.237;  457.875;    0.000;    0.000
239.306;  414.875;    0.000;    0.000
239.376;  479.875;    0.000;    0.000
239.445;  476.875;    0.000;    0.000
239.515;  427.875;    0.000;    0.000
239.584;  432.875;    0.000;    0.000
239.654;  415.875;    0.000;    0.000
239.723;  445.875;    0.000;    0.000
239.793;  430.875;    0.000;    0.000
239.862;  423.875;    0.000;    0.000
239.932;  408.875;    0.000;    0.000
240.001;  411.875;    0.000;    0.000
240.070;  422.875;    0.000;    0.000
240.140;  461.875;    0.000;    0.000
240.209;  407.875;    0.000;    0.000
240.279;  416.875;    0.000;    0.000
240.348;  475.875;    0.000;    0.000
240.418;  399.875;    0.000;    0.000
240.487;  452.875;    0.000;    0.000
240.556;  457.875;    0.000;    0.000
240.626;  476.875;    0.000;    0.000
240.695;  405.875;    0.000;    0.000
240.765;  413.875;    0.000;    0.000
240.834;  440.875;    0.000;    0.000
240.903;  494.875;    0.000;    0.000
240.973;  422.875;    0.000;    0.000
241.042;  406.875;    0.000;    0.000
241.112;  464.875;    0.000;    0.000
241.181;  408.875;    0.000;    0.000
241.250;  417.875;    0.000;    0.000
241.320;  453.875;    0.000;    0.000
241.389;  411.875;    0.000;    0.000
241.458;  446.875;    0.000;    0.000
241.528;  414.875;    0.000;    0.000
241.597;  446.875;    0.000;    0.000
241.666;  434.875;    0.000;    0.000
241.736;  411.875;    0.000;    0.000
241.805;  397.875;    0.000;    0.000
241.874;  401.875;    0.000;    0.000
241.943;  443.875;    0.000;    0.000
242.013;  459.875;    0.000;    0.000
242.082;  389.875;    0.000;    0.000
242.151;  448.875;    0.000;    0.000
242.221;  386.875;    0.000;    0.000
242.290;  447.875;    0.000;    0.000
242.359;  435.875;    0.000;    0.000
242.428;  468.875;    0.000;    0.000
242.498;  384.875;    0.000;    0.000
242.567;  445.875;    0.000;    0.000
242.636;  417.875;    0.000;    0.000
242.705;  397.875;    0.000;    0.000
242.774;  440.875;    0.000;    0.000
242.844;  454.875;    0.000;    0.000
242.913;  448.875;    0.000;    0.000
242.982;  428.875;    0.000;    0.000
243.051;  440.875;    0.000;    0.000
243.120;  398.875;    0.000;    0.000
243.190;  415.875;    0.000;    0.000
243.259;  390.875;    0.000;    0.000
243.328;  420.875;    0.000;    0.000
243.397;  432.875;    0.000;    0.000
243.466;  419.875;    0.000;    0.000
243.535;  421.875;    0.000;    0.000
243.605;  439.875;    0.000;    0.000
243.674;  440.875;    0.000;    0.000
243.743;  490.875;    0.000;    0.000
243.812;  429.875;    0.000;    0.000
243.881;  412.875;    0.000;    0.000
243.950;  401.875;    0.000;    0.000
244.019;  432.875;    0.000;    0.000
244.088;  461.875;    0.000;    0.000
244.158;  486.875;    0.000;    0.000
244.227;  402.875;    0.000;    0.000
244.296;  390.875;    0.000;    0.000
244.365;  460.875;    0.000;    0.000
244.434;  382.875;    0.000;    0.000
244.503;  391.875;    0.000;    0.000
244.572;  393.875;    0.000;    0.000
244.641;  397.875;    0.000;    0.000
244.710;  436.875;    0.000;    0.000
244.779;  433.875;    0.000;    0.000
244.848;  369.875;    0.000;    0.000
244.917;  404.875;    0.000;    0.000
244.986;  414.875;    0.000;    0.000
245.055;  458.875;    0.000;    0.000
245.124;  424.875;    0.000;    0.000
245.193;  420.875;    0.000;    0.000
245.262;  404.875;    0.000;    0.000
245.331;  421.875;    0.000;    0.000
245.400;  395.875;    0.000;    0.000
245.469;  460.875;    0.000;    0.000
245.538;  466.875;    0.000;    0.000
245.607;  478.875;    0.000;    0.000
245.676;  448.875;    0.000;    0.000
245.745;  425.875;    0.000;    0.000
245.814;  420.875;    0.000;    0.000
245.883;  425.875;    0.000;    0.000
245.952;  415.875;    0.000;    0.000
246.021;  410.875;    0.000;    0.000
246.090;  434.875;    0.000;    0.000
246.159;  404.875;    0.000;    0.000
246.227;  420.875;    0.000;    0.000
246.296;  391.875;    0.000;    0.000
246.365;  419.875;    0.000;    0.000
246.434;  479.875;    0.000;    0.000
246.503;  396.875;    0.000;    0.000
246.572;  460.875;    0.000;    0.000
246.641;  399.875;    0.000;    0.000
246.710;  449.875;    0.000;    0.000
246.779;  429.875;    0.000;    0.000
246.847;  438.875;    0.000;    0.000
246.916;  400.875;    0.000;    0.000
246.985;  427.875;    0.000;    0.000
247.054;  448.875;    0.000;    0.000
247.123;  382.875;    0.000;    0.000
247.192;  435.875;    0.000;    0.000
247.260;  400.875;    0.000;    0.000
247.329;  409.875;    0.000;    0.000
247.398;  410.875;    0.000;    0.000
247.467;  357.875;    0.000;    0.000
247.536;  425.875;    0.000;    0.000
247.604;  428.875;    0.000;    0.000
247.673;  444.875;    0.000;    0.000
247.742;  393.875;    0.000;    0.000
247.811;  398.875;    0.000;    0.000
247.879;  332.875;    0.000;    0.000
247.948;  444.875;    0.000;    0.000
248.017;  416.875;    0.000;    0.000
248.086;  428.875;    0.000;    0.000
248.154;  463.875;    0.000;    0.000
248.223;  422.875;    0.000;    0.000
248.292;  430.875;    0.000;    0.000
248.361;  434.875;    0.000;    0.000
248.429;  382.875;    0.000;    0.000
248.498;  385.875;    0.000;    0.000
248.567;  421.875;    0.000;    0.000
248.635;  413.875;    0.000;    0.000
248.704;  427.875;    0.000;    0.000
248.773;  411.875;    0.000;    0.000
248.841;  392.875;    0.000;    0.000
248.910;  422.875;    0.000;    0.000
248.979;  382.875;    0.000;    0.000
249.047;  363.875;    0.000;    0.000
249.116;  421.875;    0.000;    0.000
249.185;  418.875;    0.000;    0.000
249.253;  387.875;    0.000;    0.000
249.322;  413.875;    0.000;    0.000
249.390;  387.875;    0.000;    0.000
249.459;  382.875;    0.000;    0.000
249.528;  385.875;    0.000;    0.000
249.596;  411.875;    0.000;    0.000
249.665;  380.875;    0.000;    0.000
249.733;  401.875;    0.000;    0.000
249.802;  437.875;    0.000;    0.000
249.871;  350.875;    0.000;    0.000
249.939;  383.875;    0.000;    0.000
250.008;  380.875;    0.000;    0.000
250.076;  404.875;    0.000;    0.000
250.145;  372.875;    0.000;    0.000
250.213;  349.875;    0.000;    0.000
250.282;  373.875;    0.000;    0.000
250.350;  362.875;    0.000;    0.000
250.419;  410.875;    0.000;    0.000
250.487;  374.875;    0.000;    0.000
250.556;  396.875;    0.000;    0.000
250.624;  376.875;    0.000;    0.000
250.693;  323.875;    0.000;    0.000
250.761;  387.875;    0.000;    0.000
250.830;  387.875;    0.000;    0.000
250.898;  306.875;    0.000;    0.000
250.967;  370.875;    0.000;    0.000
251.035;  335.875;    0.000;    0.000
251.104;  343.875;    0.000;    0.000
251.172;  361.875;    0.000;    0.000
251.241;  335.875;    0.000;    0.000
251.309;  377.875;    0.000;    0.000
251.378;  365.875;    0.000;    0.000
251.446;  397.875;    0.000;    0.000
251.514;  390.875;    0.000;    0.000
251.583;  341.875;    0.000;    0.000
251.651;  340.875;    0.000;    0.000
251.720;  350.875;    0.000;    0.000
251.788;  354.875;    0.000;    0.000
251.856;  305.875;    0.000;    0.000
251.925;  304.875;    0.000;    0.000
251.993;  352.875;    0.000;    0.000
252.062;  381.875;    0.000;    0.000
252.130;  313.875;    0.000;    0.000
252.198;  354.875;    0.000;    0.000
252.267;  312.875;    0.000;    0.000
252.335;  324.875;    0.000;    0.000
252.403;  322.875;    0.000;    0.000
252.472;  326.875;    0.000;    0.000
252.540;  335.875;    0.000;    0.000
252.608;  342.875;    0.000;    0.000
252.677;  344.875;    0.000;    0.000
252.745;  363.875;    0.000;    0.000
252.813;  325.875;    0.000;    0.000
252.881;  271.875;    0.000;    0.000
252.950;  313.875;    0.000;    0.000
253.018;  336.875;    0.000;    0.000
253.086;  347.875;    0.000;    0.000
253.155;  334.875;    0.000;    0.000
253.223;  307.875;    0.000;    0.000
253.291;  288.875;    0.000;    0.000
253.359;  342.875;    0.000;    0.000
253.428;  369.875;    0.000;    0.000
253.496;  345.875;    0.000;    0.000
253.564;  299.875;    0.000;    0.000
253.632;  262.875;    0.000;    0.000
253.700;  297.875;    0.000;    0.000
253.769;  278.875;    0.000;    0.000
253.837;  322.875;    0.000;    0.000
253.905;  275.875;    0.000;    0.000
253.973;  305.875;    0.000;    0.000
254.041;  276.875;    0.000;    0.000
254.110;  299.875;    0.000;    0.000
254.178;  293.875;    0.000;    0.000
254.246;  279.875;    0.000;    0.000
254.314;  292.875;    0.000;    0.000
254.382;  304.875;    0.000;    0.000
254.450;  297.875;    0.000;    0.000
254.518;  322.875;    0.000;    0.000
254.587;  291.875;    0.000;    0.000
254.655;  260.875;    0.000;    0.000
254.723;  260.875;    0.000;    0.000
254.791;  320.875;    0.000;    0.000
254.859;  311.875;    0.000;    0.000
254.927;  321.875;    0.000;    0.000
254.995;  266.875;    0.000;    0.000
255.063;  310.875;    0.000;    0.000
255.131;  276.875;    0.000;    0.000
255.199;  307.875;    0.000;    0.000
255.267;  286.875;    0.000;    0.000
255.336;  323.875;    0.000;    0.000
255.404;  245.875;    0.000;    0.000
255.472;  300.875;    0.000;    0.000
255.540;  329.875;    0.000;    0.000
255.608;  267.875;    0.000;    0.000
255.676;  243.875;    0.000;    0.000
255.744;  304.875;    0.000;    0.000
255.812;  300.875;    0.000;    0.000
255.880;  314.875;    0.000;    0.000
255.948;  317.875;    0.000;    0.000
256.016;  321.875;    0.000;    0.000
256.084;  336.875;    0.000;    0.000
256.152;  322.875;    0.000;    0.000
256.220;  317.875;    0.000;    0.000
256.288;  252.875;    0.000;    0.000
256.356;  316.875;    0.000;    0.000
256.424;  262.875;    0.000;    0.000
256.491;  257.875;    0.000;    0.000
256.559;  290.875;    0.000;    0.000
256.627;  294.875;    0.000;    0.000
256.695;  274.875;    0.000;    0.000
256.763;  267.875;    0.000;    0.000
256.831;  288.875;    0.000;    0.000
256.899;  289.875;    0.000;    0.000
256.967;  309.875;    0.000;    0.000
257.035;  285.875;    0.000;    0.000
257.103;  317.875;    0.000;    0.000
257.171;  256.875;    0.000;    0.000
257.238;  278.875;    0.000;    0.000
257.306;  304.875;    0.000;    0.000
257.374;  302.875;    0.000;    0.000
257.442;  290.875;    0.000;    0.000
257.510;  286.875;    0.000;    0.000
257.578;  309.875;    0.000;    0.000
257.646;  348.875;    0.000;    0.000
257.713;  303.875;    0.000;    0.000
257.781;  311.875;    0.000;    0.000
257.849;  341.875;    0.000;    0.000
257.917;  320.875;    0.000;    0.000
257.985;  314.875;    0.000;    0.000
258.052;  321.875;    0.000;    0.000
258.120;  331.875;    0.000;    0.000
258.188;  304.875;    0.000;    0.000
258.256;  342.875;    0.000;    0.000
258.324;  321.875;    0.000;    0.000
258.391;  328.875;    0.000;    0.000
258.459;  349.875;    0.000;    0.000
258.527;  326.875;    0.000;    0.000
258.595;  355.875;    0.000;    0.000
258.662;  310.875;    0.000;    0.000
258.730;  324.875;    0.000;    0.000
258.798;  318.875;    0.000;    0.000
258.865;  373.875;    0.000;    0.000
258.933;  331.875;    0.000;    0.000
259.001;  329.875;    0.000;    0.000
259.069;  304.875;    0.000;    0.000
259.136;  357.875;    0.000;    0.000
259.204;  338.875;    0.000;    0.000
259.272;  313.875;    0.000;    0.000
259.339;  342.875;    0.000;    0.000
259.407;  364.875;    0.000;    0.000
259.475;  318.875;    0.000;    0.000
259.542;  347.875;    0.000;    0.000
259.610;  368.875;    0.000;    0.000
259.677;  389.875;    0.000;    0.000
259.745;  352.875;    0.000;    0.000
259.813;  417.875;    0.000;    0.000
259.880;  439.875;    0.000;    0.000
259.948;  404.875;    0.000;    0.000
260.016;  392.875;    0.000;    0.000
260.083;  384.875;    0.000;    0.000
260.151;  352.875;    0.000;    0.000
260.218;  409.875;    0.000;    0.000
260.286;  438.875;    0.000;    0.000
260.353;  396.875;    0.000;    0.000
260.421;  396.875;    0.000;    0.000
260.489;  436.875;    0.000;    0.000
260.556;  406.875;    0.000;    0.000
260.624;  385.875;    0.000;    0.000
260.691;  444.875;    0.000;    0.000
260.759;  458.875;    0.000;    0.000
260.826;  400.875;    0.000;    0.000
260.894;  409.875;    0.000;    0.000
260.961;  468.875;    0.000;    0.000
261.029;  462.875;    0.000;    0.000
261.096;  435.875;    0.000;    0.000
261.164;  456.875;    0.000;    0.000
261.231;  452.875;    0.000;    0.000
261.299;  466.875;    0.000;    0.000
261.366;  437.875;    0.000;    0.000
261.434;  431.875;    0.000;    0.000
261.501;  426.875;    0.000;    0.000
261.568;  464.875;    0.000;    0.000
261.636;  451.875;    0.000;    0.000
261.703;  470.875;    0.000;    0.000
261.771;  493.875;    0.000;    0.000
261.838;  531.875;    0.000;    0.000
261.906;  458.875;    0.000;    0.000
261.973;  437.875;    0.000;    0.000
262.040;  505.875;    0.000;    0.000
262.108;  494.875;    0.000;    0.000
262.175;  443.875;    0.000;    0.000
262.243;  495.875;    0.000;    0.000
262.310;  506.875;    0.000;    0.000
262.377;  506.875;    0.000;    0.000
262.445;  529.875;    0.000;    0.000
262.512;  537.875;    0.000;    0.000
262.579;  541.875;    0.000;    0.000
262.647;  527.875;    0.000;    0.000
262.714;  545.875;    0.000;    0.000
262.781;  586.875;    0.000;    0.000
262.849;  526.875;    0.000;    0.000
262.916;  532.875;    0.000;    0.000
262.983;  575.875;    0.000;    0.000
263.051;  558.875;    0.000;    0.000
263.118;  595.875;    0.000;    0.000
263.185;  619.875;    0.000;    0.000
263.252;  550.875;    0.000;    0.000
263.320;  559.875;    0.000;    0.000
263.387;  523.875;    0.000;    0.000
263.454;  523.875;    0.000;    0.000
263.522;  521.875;    0.000;    0.000
263.589;  579.875;    0.000;    0.000
263.656;  561.875;    0.000;    0.000
263.723;  565.875;    0.000;    0.000
263.790;  571.875;    0.000;    0.000
263.858;  554.875;    0.000;    0.000
263.925;  565.875;    0.000;    0.000
263.992;  628.875;    0.000;    0.000
264.059;  620.875;    0.000;    0.000
264.126;  621.875;    0.000;    0.000
264.194;  619.875;    0.000;    0.000
264.261;  644.875;    0.000;    0.000
264.328;  614.875;    0.000;    0.000
264.395;  634.875;    0.000;    0.000
264.462;  642.875;    0.000;    0.000
264.529;  595.875;    0.000;    0.000
264.597;  632.875;    0.000;    0.000
264.664;  631.875;    0.000;    0.000
264.731;  651.875;    0.000;    0.000
264.798;  635.875;    0.000;    0.000
264.865;  599.875;    0.000;    0.000
264.932;  610.875;    0.000;    0.000
264.999;  625.875;    0.000;    0.000
265.066;  615.875;    0.000;    0.000
265.133;  629.875;    0.000;    0.000
265.201;  643.875;    0.000;    0.000
265.268;  651.875;    0.000;    0.000
265.335;  656.875;    0.000;    0.000
265.402;  623.875;    0.000;    0.000
265.469;  640.875;    0.000;    0.000
265.536;  653.875;    0.000;    0.000
265.603;  699.875;    0.000;    0.000
265.670;  640.875;    0.000;    0.000
265.737;  679.875;    0.000;    0.000
265.804;  728.875;    0.000;    0.000
265.871;  686.875;    0.000;    0.000
265.938;  717.875;    0.000;    0.000
266.005;  706.875;    0.000;    0.000
266.072;  649.875;    0.000;    0.000
266.139;  722.875;    0.000;    0.000
266.206;  699.875;    0.000;    0.000
266.273;  732.875;    0.000;    0.000
266.340;  691.875;    0.000;    0.000
266.407;  778.875;    0.000;    0.000
266.474;  693.875;    0.000;    0.000
266.541;  731.875;    0.000;    0.000
266.608;  716.875;    0.000;    0.000
266.675;  737.875;    0.000;    0.000
266.742;  755.875;    0.000;    0.000
266.808;  734.875;    0.000;    0.000
266.875;  751.875;    0.000;    0.000
266.942;  752.875;    0.000;    0.000
267.009;  754.875;    0.000;    0.000
267.076;  767.875;    0.000;    0.000
267.143;  759.875;    0.000;    0.000
267.210;  733.875;    0.000;    0.000
267.277;  760.875;    0.000;    0.000
267.344;  781.875;    0.000;    0.000
267.410;  753.875;    0.000;    0.000
267.477;  797.875;    0.000;    0.000
267.544;  768.875;    0.000;    0.000
267.611;  776.875;    0.000;    0.000
267.678;  762.875;    0.000;    0.000
267.745;  790.875;    0.000;    0.000
267.811;  790.875;    0.000;    0.000
267.878;  810.875;    0.000;    0.000
267.945;  722.875;    0.000;    0.000
268.012;  783.875;    0.000;    0.000
268.079;  833.875;    0.000;    0.000
268.145;  815.875;    0.000;    0.000
268.212;  751.875;    0.000;    0.000
268.279;  717.875;    0.000;    0.000
268.346;  793.875;    0.000;    0.000
268.412;  784.875;    0.000;    0.000
268.479;  719.875;    0.000;    0.000
268.546;  763.875;    0.000;    0.000
268.613;  800.875;    0.000;    0.000
268.679;  800.875;    0.000;    0.000
268.746;  788.875;    0.000;    0.000
268.813;  785.875;    0.000;    0.000
268.879;  759.875;    0.000;    0.000
268.946;  774.875;    0.000;    0.000
269.013;  786.875;    0.000;    0.000
269.079;  810.875;    0.000;    0.000
269.146;  760.875;    0.000;    0.000
269.213;  773.875;    0.000;    0.000
269.280;  797.875;    0.000;    0.000
269.346;  791.875;    0.000;    0.000
269.413;  747.875;    0.000;    0.000
269.479;  818.875;    0.000;    0.000
269.546;  732.875;    0.000;    0.000
269.613;  750.875;    0.000;    0.000
269.679;  767.875;    0.000;    0.000
269.746;  727.875;    0.000;    0.000
269.813;  797.875;    0.000;    0.000
269.879;  796.875;    0.000;    0.000
269.946;  841.875;    0.000;    0.000
270.012;  817.875;    0.000;    0.000
270.079;  739.875;    0.000;    0.000
270.145;  756.875;    0.000;    0.000
270.212;  740.875;    0.000;    0.000
270.279;  778.875;    0.000;    0.000
270.345;  780.875;    0.000;    0.000
270.412;  765.875;    0.000;    0.000
270.478;  792.875;    0.000;    0.000
270.545;  754.875;    0.000;    0.000
270.611;  753.875;    0.000;    0.000
270.678;  716.875;    0.000;    0.000
270.744;  720.875;    0.000;    0.000
270.811;  744.875;    0.000;    0.000
270.877;  741.875;    0.000;    0.000
270.944;  748.875;    0.000;    0.000
271.010;  776.875;    0.000;    0.000
271.077;  790.875;    0.000;    0.000
271.143;  762.875;    0.000;    0.000
271.210;  760.875;    0.000;    0.000
271.276;  712.875;    0.000;    0.000
271.342;  772.875;    0.000;    0.000
271.409;  777.875;    0.000;    0.000
271.475;  799.875;    0.000;    0.000
271.542;  720.875;    0.000;    0.000
271.608;  790.875;    0.000;    0.000
271.675;  762.875;    0.000;    0.000
271.741;  786.875;    0.000;    0.000
271.807;  763.875;    0.000;    0.000
271.874;  814.875;    0.000;    0.000
271.940;  813.875;    0.000;    0.000
272.007;  761.875;    0.000;    0.000
272.073;  739.875;    0.000;    0.000
272.139;  787.875;    0.000;    0.000
272.206;  773.875;    0.000;    0.000
272.272;  814.875;    0.000;    0.000
272.338;  842.875;    0.000;    0.000
272.405;  807.875;    0.000;    0.000
272.471;  735.875;    0.000;    0.000
272.537;  804.875;    0.000;    0.000
272.604;  785.875;    0.000;    0.000
272.670;  807.875;    0.000;    0.000
272.736;  765.875;    0.000;    0.000
272.802;  785.875;    0.000;    0.000
272.869;  742.875;    0.000;    0.000
272.935;  756.875;    0.000;    0.000
273.001;  715.875;    0.000;    0.000
273.068;  704.875;    0.000;    0.000
273.134;  714.875;    0.000;    0.000
273.200;  797.875;    0.000;    0.000
273.266;  798.875;    0.000;    0.000
273.333;  795.875;    0.000;    0.000
273.399;  720.875;    0.000;    0.000
273.465;  833.875;    0.000;    0.000
273.531;  766.875;    0.000;    0.000
273.597;  845.875;    0.000;    0.000
273.664;  827.875;    0.000;    0.000
273.730;  786.875;    0.000;    0.000
273.796;  786.875;    0.000;    0.000
273.862;  853.875;    0.000;    0.000
273.928;  854.875;    0.000;    0.000
273.995;  893.875;    0.000;    0.000
274.061;  825.875;    0.000;    0.000
274.127;  839.875;    0.000;    0.000
274.193;  710.875;    0.000;    0.000
274.259;  863.875;    0.000;    0.000
274.325;  826.875;    0.000;    0.000
274.391;  758.875;    0.000;    0.000
274.457;  809.875;    0.000;    0.000
274.524;  841.875;    0.000;    0.000
274.590;  785.875;    0.000;    0.000
274.656;  877.875;    0.000;    0.000
274.722;  929.875;    0.000;    0.000
274.788;  806.875;    0.000;    0.000
274.854;  906.875;    0.000;    0.000
274.920;  904.875;    0.000;    0.000
274.986;  902.875;    0.000;    0.000
275.052;  814.875;    0.000;    0.000
275.118;  825.875;    0.000;    0.000
275.184;  875.875;    0.000;    0.000
275.250;  860.875;    0.000;    0.000
275.316;  893.875;    0.000;    0.000
275.382;  855.875;    0.000;    0.000
275.448;  884.875;    0.000;    0.000
275.514;  907.875;    0.000;    0.000
275.580;  926.875;    0.000;    0.000
275.646;  896.875;    0.000;    0.000
275.712;  865.875;    0.000;    0.000
275.778;  902.875;    0.000;    0.000
275.844;  863.875;    0.000;    0.000
275.910;  929.875;    0.000;    0.000
275.976;  940.875;    0.000;    0.000
276.042;  972.875;    0.000;    0.000
276.108;  947.875;    0.000;    0.000
276.174;  919.875;    0.000;    0.000
276.240;  972.875;    0.000;    0.000
276.306;  900.875;    0.000;    0.000
276.372;  902.875;    0.000;    0.000
276.437;  959.875;    0.000;    0.000
276.503;  999.875;    0.000;    0.000
276.569;  978.875;    0.000;    0.000
276.635;  954.875;    0.000;    0.000
276.701; 1049.875;    0.000;    0.000
276.767; 1055.875;    0.000;    0.000
276.833;  987.875;    0.000;    0.000
276.899; 1043.875;    0.000;    0.000
276.964; 1049.875;    0.000;    0.000
277.030; 1074.875;    0.000;    0.000
277.096; 1139.875;    0.000;    0.000
277.162; 1133.875;    0.000;    0.000
277.228; 1135.875;    0.000;    0.000
277.293; 1208.875;    0.000;    0.000
277.359; 1271.875;    0.000;    0.000
277.425; 1309.875;    0.000;    0.000
277.491; 1348.875;    0.000;    0.000
277.557; 1517.875;    0.000;    0.000
277.622; 2020.875;    0.000;    0.000
277.688; 2199.875;    0.000;    0.000
277.754; 2052.875;    0.000;    0.000
277.820; 2374.875;    0.000;    0.000
277.885; 2584.875;    0.000;    0.000
277.951; 3480.875;    0.000;    0.000
278.017; 3411.875;    0.000;    0.000
278.083; 2626.875;    0.000;    0.000
278.148; 2573.875;    0.000;    0.000
278.214; 2446.875;    0.000;    0.000
278.280; 2674.875;    0.000;    0.000
278.345; 2501.875;    0.000;    0.000
278.411; 2289.875;    0.000;    0.000
278.477; 2346.875;    0.000;    0.000
278.542; 2387.875;    0.000;    0.000
278.608; 2563.875;    0.000;    0.000
278.674; 2870.875;    0.000;    0.000
278.739; 3144.875;    0.000;    0.000
278.805; 3513.875;    0.000;    0.000
278.871; 4089.875;    0.000;    0.000
278.936; 5003.875;    0.000;    0.000
279.002; 6989.875;    0.000;    0.000
279.067; 9962.875;    0.000;    0.000
279.133;10680.875;    0.000;    0.000
279.199; 9334.875;    0.000;    0.000
279.264; 9353.875;    0.000;    0.000
279.330;10500.875;    0.000;    0.000
279.395;13243.875;    0.000;    0.000
279.461;17658.875;    0.000;    0.000
279.527;22033.875;    0.000;    0.000
279.592;21458.875;    0.000;    0.000
279.658;17406.875;    0.000;    0.000
279.723;15739.875;    0.000;    0.000
279.789;16391.875;    0.000;    0.000
279.854;15332.875;    0.000;    0.000
279.920;12695.875;    0.000;    0.000
279.985;10981.875;    0.000;    0.000
280.051;10997.875;    0.000;    0.000
280.116;12399.875;    0.000;    0.000
280.182;16188.875;    0.000;    0.000
280.247;20381.875;    0.000;    0.000
280.313;18900.875;    0.000;    0.000
280.378;13496.875;    0.000;    0.000
280.444; 9735.875;    0.000;    0.000
280.509; 7464.875;    0.000;    0.000
280.574; 6128.875;    0.000;    0.000
280.640; 5232.875;    0.000;    0.000
280.705; 4568.875;    0.000;    0.000
280.771; 4211.875;    0.000;    0.000
280.836; 3842.875;    0.000;    0.000
280.902; 3452.875;    0.000;    0.000
280.967; 3362.875;    0.000;    0.000
281.032; 3026.875;    0.000;    0.000
281.098; 2863.875;    0.000;    0.000
281.163; 2645.875;    0.000;    0.000
281.229; 2634.875;    0.000;    0.000
281.294; 2497.875;    0.000;    0.000
281.359; 2363.875;    0.000;    0.000
281.425; 2377.875;    0.000;    0.000
281.490; 2118.875;    0.000;    0.000
281.555; 2159.875;    0.000;    0.000
281.621; 2046.875;    0.000;    0.000
281.686; 1983.875;    0.000;    0.000
281.751; 1988.875;    0.000;    0.000
281.816; 1863.875;    0.000;    0.000
281.882; 1813.875;    0.000;    0.000
281.947; 1815.875;    0.000;    0.000
282.012; 1655.875;    0.000;    0.000
282.078; 1704.875;    0.000;    0.000
282.143; 1627.875;    0.000;    0.000
282.208; 1656.875;    0.000;    0.000
282.273; 1669.875;    0.000;    0.000
282.339; 1607.875;    0.000;    0.000
282.404; 1582.875;    0.000;    0.000
282.469; 1583.875;    0.000;    0.000
282.534; 1532.875;    0.000;    0.000
282.600; 1444.875;    0.000;    0.000
282.665; 1415.875;    0.000;    0.000
282.730; 1433.875;    0.000;    0.000
282.795; 1541.875;    0.000;    0.000
282.860; 1428.875;    0.000;    0.000
282.926; 1428.875;    0.000;    0.000
282.991; 1431.875;    0.000;    0.000
283.056; 1472.875;    0.000;    0.000
283.121; 1398.875;    0.000;    0.000
283.186; 1360.875;    0.000;    0.000
283.251; 1362.875;    0.000;    0.000
283.316; 1393.875;    0.000;    0.000
283.382; 1352.875;    0.000;    0.000
283.447; 1379.875;    0.000;    0.000
283.512; 1366.875;    0.000;    0.000
283.577; 1327.875;    0.000;    0.000
283.642; 1300.875;    0.000;    0.000
283.707; 1314.875;    0.000;    0.000
283.772; 1307.875;    0.000;    0.000
283.837; 1321.875;    0.000;    0.000
283.902; 1337.875;    0.000;    0.000
283.967; 1304.875;    0.000;    0.000
284.032; 1289.875;    0.000;    0.000
284.097; 1363.875;    0.000;    0.000
284.163; 1302.875;    0.000;    0.000
284.228; 1338.875;    0.000;    0.000
284.293; 1332.875;    0.000;    0.000
284.358; 1418.875;    0.000;    0.000
284.423; 1361.875;    0.000;    0.000
284.488; 1371.875;    0.000;    0.000
284.553; 1429.875;    0.000;    0.000
284.618; 1416.875;    0.000;    0.000
284.683; 1497.875;    0.000;    0.000
284.748; 1472.875;    0.000;    0.000
284.812; 1583.875;    0.000;    0.000
284.877; 1742.875;    0.000;    0.000
284.942; 1956.875;    0.000;    0.000
285.007; 2380.875;    0.000;    0.000
285.072; 3036.875;    0.000;    0.000
285.137; 4931.875;    0.000;    0.000
285.202; 7483.875;    0.000;    0.000
285.267; 7122.875;    0.000;    0.000
285.332; 4728.875;    0.000;    0.000
285.397; 3236.875;    0.000;    0.000
285.462; 2547.875;    0.000;    0.000
285.527; 2193.875;    0.000;    0.000
285.591; 1941.875;    0.000;    0.000
285.656; 1752.875;    0.000;    0.000
285.721; 1776.875;    0.000;    0.000
285.786; 1627.875;    0.000;    0.000
285.851; 1488.875;    0.000;    0.000
285.916; 1588.875;    0.000;    0.000
285.981; 1496.875;    0.000;    0.000
286.045; 1402.875;    0.000;    0.000
286.110; 1397.875;    0.000;    0.000
286.175; 1418.875;    0.000;    0.000
286.240; 1420.875;    0.000;    0.000
286.305; 1364.875;    0.000;    0.000
286.369; 1351.875;    0.000;    0.000
286.434; 1352.875;    0.000;    0.000
286.499; 1253.875;    0.000;    0.000
286.564; 1348.875;    0.000;    0.000
286.628; 1252.875;    0.000;    0.000
286.693; 1313.875;    0.000;    0.000
286.758; 1296.875;    0.000;    0.000
286.823; 1256.875;    0.000;    0.000
286.887; 1294.875;    0.000;    0.000
286.952; 1322.875;    0.000;    0.000
287.017; 1286.875;    0.000;    0.000
287.082; 1264.875;    0.000;    0.000
287.146; 1238.875;    0.000;    0.000
287.211; 1241.875;    0.000;    0.000
287.276; 1291.875;    0.000;    0.000
287.340; 1247.875;    0.000;    0.000
287.405; 1288.875;    0.000;    0.000
287.470; 1157.875;    0.000;    0.000
287.534; 1242.875;    0.000;    0.000
287.599; 1229.875;    0.000;    0.000
287.663; 1281.875;    0.000;    0.000
287.728; 1182.875;    0.000;    0.000
287.793; 1266.875;    0.000;    0.000
287.857; 1227.875;    0.000;    0.000
287.922; 1146.875;    0.000;    0.000
287.987; 1324.875;    0.000;    0.000
288.051; 1271.875;    0.000;    0.000
288.116; 1271.875;    0.000;    0.000
288.180; 1327.875;    0.000;    0.000
288.245; 1267.875;    0.000;    0.000
288.309; 1232.875;    0.000;    0.000
288.374; 1225.875;    0.000;    0.000
288.439; 1253.875;    0.000;    0.000
288.503; 1173.875;    0.000;    0.000
288.568; 1295.875;    0.000;    0.000
288.632; 1272.875;    0.000;    0.000
288.697; 1188.875;    0.000;    0.000
288.761; 1166.875;    0.000;    0.000
288.826; 1182.875;    0.000;    0.000
288.890; 1249.875;    0.000;    0.000
288.955; 1218.875;    0.000;    0.000
289.019; 1238.875;    0.000;    0.000
289.084; 1259.875;    0.000;    0.000
289.148; 1223.875;    0.000;    0.000
289.212; 1228.875;    0.000;    0.000
289.277; 1157.875;    0.000;    0.000
289.341; 1239.875;    0.000;    0.000
289.406; 1165.875;    0.000;    0.000
289.470; 1275.875;    0.000;    0.000
289.535; 1298.875;    0.000;    0.000
289.599; 1204.875;    0.000;    0.000
289.663; 1223.875;    0.000;    0.000
289.728; 1228.875;    0.000;    0.000
289.792; 1305.875;    0.000;    0.000
289.857; 1241.875;    0.000;    0.000
289.921; 1154.875;    0.000;    0.000
289.985; 1161.875;    0.000;    0.000
290.050; 1250.875;    0.000;    0.000
290.114; 1206.875;    0.000;    0.000
290.178; 1214.875;    0.000;    0.000
290.243; 1197.875;    0.000;    0.000
290.307; 1210.875;    0.000;    0.000
290.371; 1271.875;    0.000;    0.000
290.436; 1279.875;    0.000;    0.000
290.500; 1273.875;    0.000;    0.000
290.564; 1358.875;    0.000;    0.000
290.629; 1261.875;    0.000;    0.000
290.693; 1257.875;    0.000;    0.000
290.757; 1235.875;    0.000;    0.000
290.821; 1322.875;    0.000;    0.000
290.886; 1201.875;    0.000;    0.000
290.950; 1262.875;    0.000;    0.000
291.014; 1278.875;    0.000;    0.000
291.078; 1259.875;    0.000;    0.000
291.143; 1329.875;    0.000;    0.000
291.207; 1294.875;    0.000;    0.000
291.271; 1321.875;    0.000;    0.000
291.335; 1301.875;    0.000;    0.000
291.399; 1351.875;    0.000;    0.000
291.464; 1396.875;    0.000;    0.000
291.528; 1447.875;    0.000;    0.000
291.592; 1440.875;    0.000;    0.000
291.656; 1444.875;    0.000;    0.000
291.720; 1435.875;    0.000;    0.000
291.784; 1394.875;    0.000;    0.000
291.849; 1429.875;    0.000;    0.000
291.913; 1380.875;    0.000;    0.000
291.977; 1410.875;    0.000;    0.000
292.041; 1437.875;    0.000;    0.000
292.105; 1451.875;    0.000;    0.000
292.169; 1386.875;    0.000;    0.000
292.233; 1492.875;    0.000;    0.000
292.297; 1475.875;    0.000;    0.000
292.361; 1534.875;    0.000;    0.000
292.425; 1543.875;    0.000;    0.000
292.490; 1573.875;    0.000;    0.000
292.554; 1624.875;    0.000;    0.000
292.618; 1711.875;    0.000;    0.000
292.682; 1841.875;    0.000;    0.000
292.746; 2019.875;    0.000;    0.000
292.810; 2638.875;    0.000;    0.000
292.874; 3422.875;    0.000;    0.000
292.938; 3625.875;    0.000;    0.000
293.002; 3396.875;    0.000;    0.000
293.066; 2907.875;    0.000;    0.000
293.130; 2671.875;    0.000;    0.000
293.194; 2549.875;    0.000;    0.000
293.258; 2454.875;    0.000;    0.000
293.322; 2424.875;    0.000;    0.000
293.386; 2371.875;    0.000;    0.000
293.450; 2575.875;    0.000;    0.000
293.514; 2848.875;    0.000;    0.000
293.577; 3575.875;    0.000;    0.000
293.641; 5022.875;    0.000;    0.000
293.705; 5867.875;    0.000;    0.000
293.769; 5343.875;    0.000;    0.000
293.833; 4592.875;    0.000;    0.000
293.897; 3901.875;    0.000;    0.000
293.961; 3449.875;    0.000;    0.000
294.025; 3087.875;    0.000;    0.000
294.089; 2891.875;    0.000;    0.000
294.152; 2704.875;    0.000;    0.000
294.216; 2506.875;    0.000;    0.000
294.280; 2308.875;    0.000;    0.000
294.344; 2305.875;    0.000;    0.000
294.408; 2261.875;    0.000;    0.000
294.472; 2094.875;    0.000;    0.000
294.536; 2049.875;    0.000;    0.000
294.599; 1974.875;    0.000;    0.000
294.663; 1882.875;    0.000;    0.000
294.727; 1976.875;    0.000;    0.000
294.791; 1885.875;    0.000;    0.000
294.855; 1870.875;    0.000;    0.000
294.918; 1803.875;    0.000;    0.000
294.982; 1715.875;    0.000;    0.000
295.046; 1742.875;    0.000;    0.000
295.110; 1672.875;    0.000;    0.000
295.173; 1691.875;    0.000;    0.000
295.237; 1633.875;    0.000;    0.000
295.301; 1701.875;    0.000;    0.000
295.364; 1673.875;    0.000;    0.000
295.428; 1668.875;    0.000;    0.000
295.492; 1565.875;    0.000;    0.000
295.556; 1634.875;    0.000;    0.000
295.619; 1626.875;    0.000;    0.000
295.683; 1548.875;    0.000;    0.000
295.747; 1622.875;    0.000;    0.000
295.810; 1572.875;    0.000;    0.000
295.874; 1577.875;    0.000;    0.000
295.938; 1535.875;    0.000;    0.000
296.001; 1604.875;    0.000;    0.000
296.065; 1535.875;    0.000;    0.000
296.128; 1562.875;    0.000;    0.000
296.192; 1536.875;    0.000;    0.000
296.256; 1483.875;    0.000;    0.000
296.319; 1440.875;    0.000;    0.000
296.383; 1541.875;    0.000;    0.000
296.447; 1487.875;    0.000;    0.000
296.510; 1492.875;    0.000;    0.000
296.574; 1507.875;    0.000;    0.000
296.637; 1472.875;    0.000;    0.000
296.701; 1538.875;    0.000;    0.000
296.764; 1513.875;    0.000;    0.000
296.828; 1514.875;    0.000;    0.000
296.891; 1463.875;    0.000;    0.000
296.955; 1428.875;    0.000;    0.000
297.018; 1517.875;    0.000;    0.000
297.082; 1510.875;    0.000;    0.000
297.145; 1459.875;    0.000;    0.000
297.209; 1517.875;    0.000;    0.000
297.272; 1458.875;    0.000;    0.000
297.336; 1482.875;    0.000;    0.000
297.399; 1483.875;    0.000;    0.000
297.463; 1577.875;    0.000;    0.000
297.526; 1530.875;    0.000;    0.000
297.590; 1435.875;    0.000;    0.000
297.653; 1443.875;    0.000;    0.000
297.717; 1485.875;    0.000;    0.000
297.780; 1458.875;    0.000;    0.000
297.843; 1451.875;    0.000;    0.000
297.907; 1483.875;    0.000;    0.000
297.970; 1397.875;    0.000;    0.000
298.034; 1472.875;    0.000;    0.000
298.097; 1453.875;    0.000;    0.000
298.160; 1409.875;    0.000;    0.000
298.224; 1481.875;    0.000;    0.000
298.287; 1482.875;    0.000;    0.000
298.350; 1494.875;    0.000;    0.000
298.414; 1520.875;    0.000;    0.000
298.477; 1390.875;    0.000;    0.000
298.540; 1464.875;    0.000;    0.000
298.604; 1467.875;    0.000;    0.000
298.667; 1451.875;    0.000;    0.000
298.730; 1470.875;    0.000;    0.000
298.794; 1389.875;    0.000;    0.000
298.857; 1512.875;    0.000;    0.000
298.920; 1479.875;    0.000;    0.000
298.984; 1467.875;    0.000;    0.000
299.047; 1449.875;    0.000;    0.000
299.110; 1380.875;    0.000;    0.000
299.173; 1414.875;    0.000;    0.000
299.237; 1383.875;    0.000;    0.000
299.300; 1405.875;    0.000;    0.000
299.363; 1408.875;    0.000;    0.000
299.426; 1380.875;    0.000;    0.000
299.489; 1381.875;    0.000;    0.000
299.553; 1371.875;    0.000;    0.000
299.616; 1502.875;    0.000;    0.000
299.679; 1452.875;    0.000;    0.000
299.742; 1348.875;    0.000;    0.000
299.805; 1350.875;    0.000;    0.000
299.868; 1435.875;    0.000;    0.000
299.932; 1361.875;    0.000;    0.000
299.995; 1412.875;    0.000;    0.000
300.058; 1414.875;    0.000;    0.000
300.121; 1369.875;    0.000;    0.000
300.184; 1397.875;    0.000;    0.000
300.247; 1448.875;    0.000;    0.000
300.310; 1370.875;    0.000;    0.000
300.374; 1385.875;    0.000;    0.000
300.437; 1378.875;    0.000;    0.000
300.500; 1408.875;    0.000;    0.000
300.563; 1430.875;    0.000;    0.000
300.626; 1341.875;    0.000;    0.000
300.689; 1430.875;    0.000;    0.000
300.752; 1357.875;    0.000;    0.000
300.815; 1372.875;    0.000;    0.000
300.878; 1387.875;    0.000;    0.000
300.941; 1404.875;    0.000;    0.000
301.004; 1413.875;    0.000;    0.000
301.067; 1402.875;    0.000;    0.000
301.130; 1372.875;    0.000;    0.000
301.193; 1495.875;    0.000;    0.000
301.256; 1424.875;    0.000;    0.000
301.319; 1446.875;    0.000;    0.000
301.382; 1345.875;    0.000;    0.000
301.445; 1446.875;    0.000;    0.000
301.508; 1391.875;    0.000;    0.000
301.571; 1438.875;    0.000;    0.000
301.634; 1389.875;    0.000;    0.000
301.697; 1420.875;    0.000;    0.000
301.760; 1407.875;    0.000;    0.000
301.823; 1389.875;    0.000;    0.000
301.885; 1465.875;    0.000;    0.000
301.948; 1420.875;    0.000;    0.000
302.011; 1472.875;    0.000;    0.000
302.074; 1481.875;    0.000;    0.000
302.137; 1424.875;    0.000;    0.000
302.200; 1474.875;    0.000;    0.000
302.263; 1402.875;    0.000;    0.000
302.326; 1482.875;    0.000;    0.000
302.388; 1434.875;    0.000;    0.000
302.451; 1386.875;    0.000;    0.000
302.514; 1443.875;    0.000;    0.000
302.577; 1437.875;    0.000;    0.000
302.640; 1393.875;    0.000;    0.000
302.703; 1405.875;    0.000;    0.000
302.765; 1397.875;    0.000;    0.000
302.828; 1509.875;    0.000;    0.000
302.891; 1498.875;    0.000;    0.000
302.954; 1428.875;    0.000;    0.000
303.016; 1468.875;    0.000;    0.000
303.079; 1480.875;    0.000;    0.000
303.142; 1498.875;    0.000;    0.000
303.205; 1419.875;    0.000;    0.000
303.267; 1390.875;    0.000;    0.000
303.330; 1468.875;    0.000;    0.000
303.393; 1418.875;    0.000;    0.000
303.456; 1451.875;    0.000;    0.000
303.518; 1479.875;    0.000;    0.000
303.581; 1473.875;    0.000;    0.000
303.644; 1416.875;    0.000;    0.000
303.706; 1485.875;    0.000;    0.000
303.769; 1491.875;    0.000;    0.000
303.832; 1423.875;    0.000;    0.000
303.894; 1518.875;    0.000;    0.000
303.957; 1512.875;    0.000;    0.000
304.020; 1476.875;    0.000;    0.000
304.082; 1477.875;    0.000;    0.000
304.145; 1411.875;    0.000;    0.000
304.207; 1495.875;    0.000;    0.000
304.270; 1444.875;    0.000;    0.000
304.333; 1454.875;    0.000;    0.000
304.395; 1494.875;    0.000;    0.000
304.458; 1461.875;    0.000;    0.000
304.520; 1513.875;    0.000;    0.000
304.583; 1508.875;    0.000;    0.000
304.646; 1513.875;    0.000;    0.000
304.708; 1433.875;    0.000;    0.000
304.771; 1458.875;    0.000;    0.000
304.833; 1546.875;    0.000;    0.000
304.896; 1508.875;    0.000;    0.000
304.958; 1468.875;    0.000;    0.000
305.021; 1512.875;    0.000;    0.000
305.083; 1449.875;    0.000;    0.000
305.146; 1553.875;    0.000;    0.000
305.208; 1456.875;    0.000;    0.000
305.271; 1476.875;    0.000;    0.000
305.333; 1568.875;    0.000;    0.000
305.396; 1568.875;    0.000;    0.000
305.458; 1568.875;    0.000;    0.000
305.520; 1592.875;    0.000;    0.000
305.583; 1512.875;    0.000;    0.000
305.645; 1558.875;    0.000;    0.000
305.708; 1554.875;    0.000;    0.000
305.770; 1586.875;    0.000;    0.000
305.833; 1566.875;    0.000;    0.000
305.895; 1584.875;    0.000;    0.000
305.957; 1625.875;    0.000;    0.000
306.020; 1571.875;    0.000;    0.000
306.082; 1579.875;    0.000;    0.000
306.144; 1585.875;    0.000;    0.000
306.207; 1536.875;    0.000;    0.000
306.269; 1522.875;    0.000;    0.000
306.331; 1597.875;    0.000;    0.000
306.394; 1537.875;    0.000;    0.000
306.456; 1562.875;    0.000;    0.000
306.518; 1574.875;    0.000;    0.000
306.581; 1615.875;    0.000;    0.000
306.643; 1554.875;    0.000;    0.000
306.705; 1530.875;    0.000;    0.000
306.768; 1579.875;    0.000;    0.000
306.830; 1643.875;    0.000;    0.000
306.892; 1599.875;    0.000;    0.000
306.954; 1627.875;    0.000;    0.000
307.017; 1621.875;    0.000;    0.000
307.079; 1637.875;    0.000;    0.000
307.141; 1621.875;    0.000;    0.000
307.203; 1619.875;    0.000;    0.000
307.266; 1705.875;    0.000;    0.000
307.328; 1716.875;    0.000;    0.000
307.390; 1694.875;    0.000;    0.000
307.452; 1728.875;    0.000;    0.000
307.514; 1723.875;    0.000;    0.000
307.577; 1656.875;    0.000;    0.000
307.639; 1602.875;    0.000;    0.000
307.701; 1655.875;    0.000;    0.000
307.763; 1710.875;    0.000;    0.000
307.825; 1767.875;    0.000;    0.000
307.887; 1744.875;    0.000;    0.000
307.949; 1613.875;    0.000;    0.000
308.012; 1739.875;    0.000;    0.000
308.074; 1711.875;    0.000;    0.000
308.136; 1735.875;    0.000;    0.000
308.198; 1794.875;    0.000;    0.000
308.260; 1802.875;    0.000;    0.000
308.322; 1791.875;    0.000;    0.000
308.384; 1825.875;    0.000;    0.000
308.446; 1721.875;    0.000;    0.000
308.508; 1777.875;    0.000;    0.000
308.570; 1797.875;    0.000;    0.000
308.632; 1799.875;    0.000;    0.000
308.694; 1878.875;    0.000;    0.000
308.756; 1918.875;    0.000;    0.000
308.818; 1894.875;    0.000;    0.000
308.880; 1896.875;    0.000;    0.000
308.942; 1861.875;    0.000;    0.000
309.004; 1933.875;    0.000;    0.000
309.066; 1867.875;    0.000;    0.000
309.128; 2029.875;    0.000;    0.000
309.190; 2018.875;    0.000;    0.000
309.252; 2036.875;    0.000;    0.000
309.314; 2072.875;    0.000;    0.000
309.376; 2031.875;    0.000;    0.000
309.438; 2032.875;    0.000;    0.000
309.500; 1961.875;    0.000;    0.000
309.562; 1950.875;    0.000;    0.000
309.624; 2058.875;    0.000;    0.000
309.686; 2107.875;    0.000;    0.000
309.747; 2100.875;    0.000;    0.000
309.809; 2108.875;    0.000;    0.000
309.871; 2033.875;    0.000;    0.000
309.933; 1967.875;    0.000;    0.000
309.995; 1997.875;    0.000;    0.000
310.057; 1892.875;    0.000;    0.000
310.119; 1884.875;    0.000;    0.000
310.180; 1898.875;    0.000;    0.000
310.242; 1917.875;    0.000;    0.000
310.304; 1936.875;    0.000;    0.000
310.366; 1936.875;    0.000;    0.000
310.428; 1872.875;    0.000;    0.000
310.489; 1887.875;    0.000;    0.000
310.551; 1892.875;    0.000;    0.000
310.613; 1900.875;    0.000;    0.000
310.675; 1786.875;    0.000;    0.000
310.737; 1878.875;    0.000;    0.000
310.798; 1851.875;    0.000;    0.000
310.860; 1834.875;    0.000;    0.000
310.922; 1914.875;    0.000;    0.000
310.983; 1877.875;    0.000;    0.000
311.045; 1853.875;    0.000;    0.000
311.107; 1829.875;    0.000;    0.000
311.169; 1793.875;    0.000;    0.000
311.230; 1749.875;    0.000;    0.000
311.292; 1872.875;    0.000;    0.000
311.354; 1894.875;    0.000;    0.000
311.415; 1810.875;    0.000;    0.000
311.477; 1876.875;    0.000;    0.000
311.539; 1848.875;    0.000;    0.000
311.600; 1830.875;    0.000;    0.000
311.662; 1911.875;    0.000;    0.000
311.724; 1925.875;    0.000;    0.000
311.785; 1838.875;    0.000;    0.000
311.847; 1844.875;    0.000;    0.000
311.908; 1803.875;    0.000;    0.000
311.970; 1871.875;    0.000;    0.000
312.032; 1890.875;    0.000;    0.000
312.093; 1869.875;    0.000;    0.000
312.155; 1820.875;    0.000;    0.000
312.216; 1839.875;    0.000;    0.000
312.278; 1923.875;    0.000;    0.000
312.339; 1881.875;    0.000;    0.000
312.401; 1808.875;    0.000;    0.000
312.462; 1828.875;    0.000;    0.000
312.524; 1891.875;    0.000;    0.000
312.585; 1843.875;    0.000;    0.000
312.647; 1918.875;    0.000;    0.000
312.708; 1856.875;    0.000;    0.000
312.770; 1932.875;    0.000;    0.000
312.831; 1871.875;    0.000;    0.000
312.893; 1881.875;    0.000;    0.000
312.954; 1991.875;    0.000;    0.000
313.016; 1904.875;    0.000;    0.000
313.077; 1890.875;    0.000;    0.000
313.139; 1951.875;    0.000;    0.000
313.200; 1944.875;    0.000;    0.000
313.261; 1965.875;    0.000;    0.000
313.323; 1922.875;    0.000;    0.000
313.384; 1857.875;    0.000;    0.000
313.446; 1913.875;    0.000;    0.000
313.507; 1920.875;    0.000;    0.000
313.568; 1862.875;    0.000;    0.000
313.630; 1933.875;    0.000;    0.000
313.691; 1850.875;    0.000;    0.000
313.752; 1900.875;    0.000;    0.000
313.814; 1896.875;    0.000;    0.000
313.875; 1921.875;    0.000;    0.000
313.936; 1924.875;    0.000;    0.000
313.998; 1909.875;    0.000;    0.000
314.059; 1968.875;    0.000;    0.000
314.120; 1968.875;    0.000;    0.000
314.182; 1974.875;    0.000;    0.000
314.243; 1926.875;    0.000;    0.000
314.304; 1936.875;    0.000;    0.000
314.365; 1896.875;    0.000;    0.000
314.427; 1924.875;    0.000;    0.000
314.488; 1871.875;    0.000;    0.000
314.549; 1983.875;    0.000;    0.000
314.610; 1948.875;    0.000;    0.000
314.672; 1910.875;    0.000;    0.000
314.733; 1874.875;    0.000;    0.000
314.794; 1911.875;    0.000;    0.000
314.855; 1945.875;    0.000;    0.000
314.917; 1876.875;    0.000;    0.000
314.978; 1979.875;    0.000;    0.000
315.039; 1897.875;    0.000;    0.000
315.100; 1905.875;    0.000;    0.000
315.161; 1942.875;    0.000;    0.000
315.222; 1988.875;    0.000;    0.000
315.283; 1895.875;    0.000;    0.000
315.345; 1962.875;    0.000;    0.000
315.406; 1914.875;    0.000;    0.000
315.467; 1943.875;    0.000;    0.000
315.528; 1972.875;    0.000;    0.000
315.589; 1977.875;    0.000;    0.000
315.650; 1895.875;    0.000;    0.000
315.711; 1913.875;    0.000;    0.000
315.772; 1977.875;    0.000;    0.000
315.833; 1952.875;    0.000;    0.000
315.894; 1952.875;    0.000;    0.000
315.955; 1899.875;    0.000;    0.000
316.016; 1950.875;    0.000;    0.000
316.078; 2034.875;    0.000;    0.000
316.139; 2000.875;    0.000;    0.000
316.200; 1976.875;    0.000;    0.000
316.261; 2009.875;    0.000;    0.000
316.322; 1991.875;    0.000;    0.000
316.383; 1987.875;    0.000;    0.000
316.444; 1930.875;    0.000;    0.000
316.504; 1898.875;    0.000;    0.000
316.565; 1974.875;    0.000;    0.000
316.626; 1985.875;    0.000;    0.000
316.687; 1899.875;    0.000;    0.000
316.748; 1965.875;    0.000;    0.000
316.809; 2051.875;    0.000;    0.000
316.870; 1985.875;    0.000;    0.000
316.931; 1952.875;    0.000;    0.000
316.992; 2091.875;    0.000;    0.000
317.053; 2042.875;    0.000;    0.000
317.114; 1995.875;    0.000;    0.000
317.175; 2000.875;    0.000;    0.000
317.235; 2014.875;    0.000;    0.000
317.296; 1957.875;    0.000;    0.000
317.357; 1933.875;    0.000;    0.000
317.418; 2041.875;    0.000;    0.000
317.479; 1940.875;    0.000;    0.000
317.540; 1941.875;    0.000;    0.000
317.601; 1892.875;    0.000;    0.000
317.661; 1868.875;    0.000;    0.000
317.722; 1944.875;    0.000;    0.000
317.783; 1960.875;    0.000;    0.000
317.844; 2006.875;    0.000;    0.000
317.904; 2002.875;    0.000;    0.000
317.965; 1992.875;    0.000;    0.000
318.026; 2050.875;    0.000;    0.000
318.087; 2036.875;    0.000;    0.000
318.148; 2049.875;    0.000;    0.000
318.208; 2065.875;    0.000;    0.000
318.269; 1994.875;    0.000;    0.000
318.330; 2015.875;    0.000;    0.000
318.390; 2020.875;    0.000;    0.000
318.451; 2096.875;    0.000;    0.000
318.512; 2120.875;    0.000;    0.000
318.572; 2063.875;    0.000;    0.000
318.633; 2081.875;    0.000;    0.000
318.694; 2042.875;    0.000;    0.000
318.754; 2072.875;    0.000;    0.000
318.815; 1946.875;    0.000;    0.000
318.876; 2011.875;    0.000;    0.000
318.936; 2050.875;    0.000;    0.000
318.997; 2043.875;    0.000;    0.000
319.058; 2010.875;    0.000;    0.000
319.118; 2115.875;    0.000;    0.000
319.179; 2001.875;    0.000;    0.000
319.239; 2065.875;    0.000;    0.000
319.300; 2011.875;    0.000;    0.000
319.361; 2055.875;    0.000;    0.000
319.421; 1957.875;    0.000;    0.000
319.482; 1934.875;    0.000;    0.000
319.542; 1988.875;    0.000;    0.000
319.603; 1933.875;    0.000;    0.000
319.663; 1973.875;    0.000;    0.000
319.724; 1962.875;    0.000;    0.000
319.784; 1973.875;    0.000;    0.000
319.845; 1976.875;    0.000;    0.000
319.905; 2008.875;    0.000;    0.000
319.966; 2058.875;    0.000;    0.000
320.026; 2053.875;    0.000;    0.000
320.087; 2048.875;    0.000;    0.000
320.147; 2020.875;    0.000;    0.000
320.208; 2018.875;    0.000;    0.000
320.268; 1993.875;    0.000;    0.000
320.329; 2034.875;    0.000;    0.000
320.389; 2110.875;    0.000;    0.000
320.449; 1994.875;    0.000;    0.000
320.510; 2021.875;    0.000;    0.000
320.570; 1996.875;    0.000;    0.000
320.631; 2083.875;    0.000;    0.000
320.691; 2053.875;    0.000;    0.000
320.751; 2039.875;    0.000;    0.000
320.812; 2050.875;    0.000;    0.000
320.872; 2036.875;    0.000;    0.000
320.932; 2023.875;    0.000;    0.000
320.993; 2020.875;    0.000;    0.000
321.053; 2081.875;    0.000;    0.000
321.113; 2095.875;    0.000;    0.000
321.174; 2046.875;    0.000;    0.000
321.234; 2021.875;    0.000;    0.000
321.294; 2116.875;    0.000;    0.000
321.355; 2070.875;    0.000;    0.000
321.415; 2147.875;    0.000;    0.000
321.475; 1973.875;    0.000;    0.000
321.535; 2064.875;    0.000;    0.000
321.596; 2102.875;    0.000;    0.000
321.656; 2105.875;    0.000;    0.000
321.716; 2083.875;    0.000;    0.000
321.776; 2128.875;    0.000;    0.000
321.837; 2100.875;    0.000;    0.000
321.897; 2041.875;    0.000;    0.000
321.957; 2058.875;    0.000;    0.000
322.017; 2067.875;    0.000;    0.000
322.077; 2048.875;    0.000;    0.000
322.138; 2118.875;    0.000;    0.000
322.198; 2126.875;    0.000;    0.000
322.258; 2123.875;    0.000;    0.000
322.318; 2117.875;    0.000;    0.000
322.378; 2122.875;    0.000;    0.000
322.438; 2083.875;    0.000;    0.000
322.499; 2077.875;    0.000;    0.000
322.559; 1999.875;    0.000;    0.000
322.619; 2028.875;    0.000;    0.000
322.679; 2127.875;    0.000;    0.000
322.739; 2029.875;    0.000;    0.000
322.799; 2058.875;    0.000;    0.000
322.859; 2149.875;    0.000;    0.000
322.919; 2298.875;    0.000;    0.000
322.979; 2203.875;    0.000;    0.000
323.039; 2080.875;    0.000;    0.000
323.099; 2101.875;    0.000;    0.000
323.159; 2082.875;    0.000;    0.000
323.219; 2017.875;    0.000;    0.000
323.279; 2089.875;    0.000;    0.000
323.339; 2160.875;    0.000;    0.000
323.399; 2386.875;    0.000;    0.000
323.459; 2379.875;    0.000;    0.000
323.519; 2334.875;    0.000;    0.000
323.579; 2360.875;    0.000;    0.000
323.639; 2396.875;    0.000;    0.000
323.699; 2375.875;    0.000;    0.000
323.759; 2251.875;    0.000;    0.000
323.819; 2363.875;    0.000;    0.000
323.879; 2322.875;    0.000;    0.000
323.939; 2268.875;    0.000;    0.000
323.999; 2209.875;    0.000;    0.000
324.059; 2181.875;    0.000;    0.000
324.119; 2261.875;    0.000;    0.000
324.178; 2193.875;    0.000;    0.000
324.238; 2140.875;    0.000;    0.000
324.298; 2142.875;    0.000;    0.000
324.358; 2146.875;    0.000;    0.000
324.418; 2140.875;    0.000;    0.000
324.478; 2134.875;    0.000;    0.000
324.538; 2026.875;    0.000;    0.000
324.597; 2171.875;    0.000;    0.000
324.657; 2089.875;    0.000;    0.000
324.717; 2132.875;    0.000;    0.000
324.777; 2113.875;    0.000;    0.000
324.837; 2125.875;    0.000;    0.000
324.896; 2201.875;    0.000;    0.000
324.956; 2048.875;    0.000;    0.000
325.016; 2058.875;    0.000;    0.000
325.076; 2056.875;    0.000;    0.000
325.135; 2044.875;    0.000;    0.000
325.195; 2170.875;    0.000;    0.000
325.255; 2152.875;    0.000;    0.000
325.315; 2141.875;    0.000;    0.000
325.374; 2180.875;    0.000;    0.000
325.434; 2130.875;    0.000;    0.000
325.494; 2143.875;    0.000;    0.000
325.553; 2106.875;    0.000;    0.000
325.613; 2120.875;    0.000;    0.000
325.673; 2072.875;    0.000;    0.000
325.732; 2107.875;    0.000;    0.000
325.792; 2111.875;    0.000;    0.000
325.852; 2019.875;    0.000;    0.000
325.911; 2040.875;    0.000;    0.000
325.971; 2144.875;    0.000;    0.000
326.031; 2113.875;    0.000;    0.000
326.090; 2077.875;    0.000;    0.000
326.150; 2163.875;    0.000;    0.000
326.209; 2138.875;    0.000;    0.000
326.269; 2098.875;    0.000;    0.000
326.328; 2056.875;    0.000;    0.000
326.388; 2066.875;    0.000;    0.000
326.448; 2163.875;    0.000;    0.000
326.507; 2139.875;    0.000;    0.000
326.567; 2115.875;    0.000;    0.000
326.626; 2070.875;    0.000;    0.000
326.686; 2057.875;    0.000;    0.000
326.745; 2129.875;    0.000;    0.000
326.805; 2113.875;    0.000;    0.000
326.864; 2021.875;    0.000;    0.000
326.924; 2165.875;    0.000;    0.000
326.983; 2164.875;    0.000;    0.000
327.043; 2106.875;    0.000;    0.000
327.102; 2204.875;    0.000;    0.000
327.161; 2172.875;    0.000;    0.000
327.221; 2136.875;    0.000;    0.000
327.280; 2160.875;    0.000;    0.000
327.340; 2177.875;    0.000;    0.000
327.399; 2230.875;    0.000;    0.000
327.459; 2152.875;    0.000;    0.000
327.518; 2108.875;    0.000;    0.000
327.577; 2160.875;    0.000;    0.000
327.637; 2116.875;    0.000;    0.000
327.696; 2123.875;    0.000;    0.000
327.755; 2126.875;    0.000;    0.000
327.815; 2120.875;    0.000;    0.000
327.874; 2198.875;    0.000;    0.000
327.933; 2114.875;    0.000;    0.000
327.993; 2069.875;    0.000;    0.000
328.052; 2085.875;    0.000;    0.000
328.111; 2104.875;    0.000;    0.000
328.171; 2091.875;    0.000;    0.000
328.230; 2103.875;    0.000;    0.000
328.289; 2086.875;    0.000;    0.000
328.349; 2128.875;    0.000;    0.000
328.408; 2162.875;    0.000;    0.000
328.467; 2187.875;    0.000;    0.000
328.526; 2245.875;    0.000;    0.000
328.586; 2151.875;    0.000;    0.000
328.645; 2154.875;    0.000;    0.000
328.704; 2189.875;    0.000;    0.000
328.763; 2215.875;    0.000;    0.000
328.822; 2206.875;    0.000;    0.000
328.882; 2081.875;    0.000;    0.000
328.941; 2087.875;    0.000;    0.000
329.000; 2204.875;    0.000;    0.000
329.059; 2113.875;    0.000;    0.000
329.118; 2111.875;    0.000;    0.000
329.177; 2154.875;    0.000;    0.000
329.237; 2219.875;    0.000;    0.000
329.296; 2230.875;    0.000;    0.000
329.355; 2168.875;    0.000;    0.000
329.414; 2169.875;    0.000;    0.000
329.473; 2121.875;    0.000;    0.000
329.532; 2141.875;    0.000;    0.000
329.591; 2137.875;    0.000;    0.000
329.650; 2220.875;    0.000;    0.000
329.709; 2274.875;    0.000;    0.000
329.768; 2318.875;    0.000;    0.000
329.827; 2318.875;    0.000;    0.000
329.886; 2418.875;    0.000;    0.000
329.945; 2466.875;    0.000;    0.000
330.004; 2547.875;    0.000;    0.000
330.063; 2467.875;    0.000;    0.000
330.122; 2563.875;    0.000;    0.000
330.181; 2707.875;    0.000;    0.000
330.240; 2555.875;    0.000;    0.000
330.299; 2561.875;    0.000;    0.000
330.358; 2427.875;    0.000;    0.000
330.417; 2339.875;    0.000;    0.000
330.476; 2341.875;    0.000;    0.000
330.535; 2349.875;    0.000;    0.000
330.594; 2198.875;    0.000;    0.000
330.653; 2153.875;    0.000;    0.000
330.712; 2057.875;    0.000;    0.000
330.771; 2148.875;    0.000;    0.000
330.830; 2114.875;    0.000;    0.000
330.889; 2103.875;    0.000;    0.000
330.948; 2146.875;    0.000;    0.000
331.006; 2080.875;    0.000;    0.000
331.065; 2172.875;    0.000;    0.000
331.124; 2113.875;    0.000;    0.000
331.183; 2123.875;    0.000;    0.000
331.242; 2075.875;    0.000;    0.000
331.301; 2046.875;    0.000;    0.000
331.359; 2154.875;    0.000;    0.000
331.418; 2142.875;    0.000;    0.000
331.477; 2107.875;    0.000;    0.000
331.536; 2135.875;    0.000;    0.000
331.595; 2149.875;    0.000;    0.000
331.653; 2143.875;    0.000;    0.000
331.712; 2115.875;    0.000;    0.000
331.771; 2139.875;    0.000;    0.000
331.830; 2065.875;    0.000;    0.000
331.888; 2090.875;    0.000;    0.000
331.947; 2091.875;    0.000;    0.000
332.006; 2123.875;    0.000;    0.000
332.065; 2165.875;    0.000;    0.000
332.123; 2132.875;    0.000;    0.000
332.182; 2113.875;    0.000;    0.000
332.241; 2221.875;    0.000;    0.000
332.299; 2257.875;    0.000;    0.000
332.358; 2172.875;    0.000;    0.000
332.417; 2196.875;    0.000;    0.000
332.475; 2240.875;    0.000;    0.000
332.534; 2184.875;    0.000;    0.000
332.592; 2268.875;    0.000;    0.000
332.651; 2158.875;    0.000;    0.000
332.710; 2182.875;    0.000;    0.000
332.768; 2102.875;    0.000;    0.000
332.827; 2094.875;    0.000;    0.000
332.885; 2152.875;    0.000;    0.000
332.944; 2167.875;    0.000;    0.000
333.003; 2211.875;    0.000;    0.000
333.061; 2201.875;    0.000;    0.000
333.120; 2305.875;    0.000;    0.000
333.178; 2290.875;    0.000;    0.000
333.237; 2311.875;    0.000;    0.000
333.295; 2385.875;    0.000;    0.000
333.354; 2316.875;    0.000;    0.000
333.412; 2240.875;    0.000;    0.000
333.471; 2305.875;    0.000;    0.000
333.529; 2331.875;    0.000;    0.000
333.588; 2398.875;    0.000;    0.000
333.646; 2386.875;    0.000;    0.000
333.705; 2434.875;    0.000;    0.000
333.763; 2430.875;    0.000;    0.000
333.822; 2343.875;    0.000;    0.000
333.880; 2375.875;    0.000;    0.000
333.938; 2381.875;    0.000;    0.000
333.997; 2409.875;    0.000;    0.000
334.055; 2425.875;    0.000;    0.000
334.114; 2483.875;    0.000;    0.000
334.172; 2465.875;    0.000;    0.000
334.230; 2418.875;    0.000;    0.000
334.289; 2398.875;    0.000;    0.000
334.347; 2458.875;    0.000;    0.000
334.405; 2353.875;    0.000;    0.000
334.464; 2386.875;    0.000;    0.000
334.522; 2345.875;    0.000;    0.000
334.580; 2339.875;    0.000;    0.000
334.639; 2357.875;    0.000;    0.000
334.697; 2344.875;    0.000;    0.000
334.755; 2343.875;    0.000;    0.000
334.814; 2460.875;    0.000;    0.000
334.872; 2629.875;    0.000;    0.000
334.930; 2660.875;    0.000;    0.000
334.988; 2522.875;    0.000;    0.000
335.047; 2419.875;    0.000;    0.000
335.105; 2378.875;    0.000;    0.000
335.163; 2326.875;    0.000;    0.000
335.221; 2376.875;    0.000;    0.000
335.280; 2377.875;    0.000;    0.000
335.338; 2301.875;    0.000;    0.000
335.396; 2393.875;    0.000;    0.000
335.454; 2363.875;    0.000;    0.000
335.512; 2296.875;    0.000;    0.000
335.570; 2290.875;    0.000;    0.000
335.629; 2392.875;    0.000;    0.000
335.687; 2332.875;    0.000;    0.000
335.745; 2379.875;    0.000;    0.000
335.803; 2484.875;    0.000;    0.000
335.861; 2493.875;    0.000;    0.000
335.919; 2452.875;    0.000;    0.000
335.977; 2498.875;    0.000;    0.000
336.035; 2627.875;    0.000;    0.000
336.094; 2662.875;    0.000;    0.000
336.152; 2650.875;    0.000;    0.000
336.210; 2564.875;    0.000;    0.000
336.268; 2517.875;    0.000;    0.000
336.326; 2553.875;    0.000;    0.000
336.384; 2389.875;    0.000;    0.000
336.442; 2379.875;    0.000;    0.000
336.500; 2424.875;    0.000;    0.000
336.558; 2400.875;    0.000;    0.000
336.616; 2436.875;    0.000;    0.000
336.674; 2398.875;    0.000;    0.000
336.732; 2369.875;    0.000;    0.000
336.790; 2362.875;    0.000;    0.000
336.848; 2376.875;    0.000;    0.000
336.906; 2436.875;    0.000;    0.000
336.964; 2391.875;    0.000;    0.000
337.022; 2490.875;    0.000;    0.000
337.080; 2559.875;    0.000;    0.000
337.138; 2534.875;    0.000;    0.000
337.195; 2492.875;    0.000;    0.000
337.253; 2561.875;    0.000;    0.000
337.311; 2489.875;    0.000;    0.000
337.369; 2517.875;    0.000;    0.000
337.427; 2395.875;    0.000;    0.000
337.485; 2300.875;    0.000;    0.000
337.543; 2340.875;    0.000;    0.000
337.601; 2388.875;    0.000;    0.000
337.658; 2358.875;    0.000;    0.000
337.716; 2309.875;    0.000;    0.000
337.774; 2390.875;    0.000;    0.000
337.832; 2330.875;    0.000;    0.000
337.890; 2224.875;    0.000;    0.000
337.947; 2369.875;    0.000;    0.000
338.005; 2266.875;    0.000;    0.000
338.063; 2245.875;    0.000;    0.000
338.121; 2301.875;    0.000;    0.000
338.178; 2318.875;    0.000;    0.000
338.236; 2366.875;    0.000;    0.000
338.294; 2441.875;    0.000;    0.000
338.352; 2512.875;    0.000;    0.000
338.409; 2438.875;    0.000;    0.000
338.467; 2377.875;    0.000;    0.000
338.525; 2353.875;    0.000;    0.000
338.583; 2288.875;    0.000;    0.000
338.640; 2378.875;    0.000;    0.000
338.698; 2341.875;    0.000;    0.000
338.756; 2358.875;    0.000;    0.000
338.813; 2430.875;    0.000;    0.000
338.871; 2360.875;    0.000;    0.000
338.928; 2489.875;    0.000;    0.000
338.986; 2434.875;    0.000;    0.000
339.044; 2461.875;    0.000;    0.000
339.101; 2311.875;    0.000;    0.000
339.159; 2374.875;    0.000;    0.000
339.216; 2304.875;    0.000;    0.000
339.274; 2335.875;    0.000;    0.000
339.332; 2374.875;    0.000;    0.000
339.389; 2315.875;    0.000;    0.000
339.447; 2343.875;    0.000;    0.000
339.504; 2272.875;    0.000;    0.000
339.562; 2287.875;    0.000;    0.000
339.619; 2341.875;    0.000;    0.000
339.677; 2303.875;    0.000;    0.000
339.734; 2299.875;    0.000;    0.000
339.792; 2206.875;    0.000;    0.000
339.849; 2325.875;    0.000;    0.000
339.907; 2376.875;    0.000;    0.000
339.964; 2307.875;    0.000;    0.000
340.022; 2293.875;    0.000;    0.000
340.079; 2295.875;    0.000;    0.000
340.137; 2306.875;    0.000;    0.000
340.194; 2400.875;    0.000;    0.000
340.252; 2295.875;    0.000;    0.000
340.309; 2274.875;    0.000;    0.000
340.366; 2345.875;    0.000;    0.000
340.424; 2391.875;    0.000;    0.000
340.481; 2350.875;    0.000;    0.000
340.538; 2319.875;    0.000;    0.000
340.596; 2331.875;    0.000;    0.000
340.653; 2392.875;    0.000;    0.000
340.711; 2531.875;    0.000;    0.000
340.768; 2317.875;    0.000;    0.000
340.825; 2355.875;    0.000;    0.000
340.883; 2465.875;    0.000;    0.000
340.940; 2376.875;    0.000;    0.000
340.997; 2259.875;    0.000;    0.000
341.054; 2268.875;    0.000;    0.000
341.112; 2441.875;    0.000;    0.000
341.169; 2412.875;    0.000;    0.000
341.226; 2414.875;    0.000;    0.000
341.284; 2531.875;    0.000;    0.000
341.341; 2428.875;    0.000;    0.000
341.398; 2458.875;    0.000;    0.000
341.455; 2502.875;    0.000;    0.000
341.512; 2483.875;    0.000;    0.000
341.570; 2467.875;    0.000;    0.000
341.627; 2454.875;    0.000;    0.000
341.684; 2407.875;    0.000;    0.000
341.741; 2435.875;    0.000;    0.000
341.798; 2421.875;    0.000;    0.000
341.856; 2439.875;    0.000;    0.000
341.913; 2381.875;    0.000;    0.000
341.970; 2275.875;    0.000;    0.000
342.027; 2441.875;    0.000;    0.000
342.084; 2388.875;    0.000;    0.000
342.141; 2441.875;    0.000;    0.000
342.198; 2418.875;    0.000;    0.000
342.255; 2535.875;    0.000;    0.000
342.313; 2478.875;    0.000;    0.000
342.370; 2422.875;    0.000;    0.000
342.427; 2300.875;    0.000;    0.000
342.484; 2301.875;    0.000;    0.000
342.541; 2157.875;    0.000;    0.000
342.598; 2335.875;    0.000;    0.000
342.655; 2335.875;    0.000;    0.000
342.712; 2390.875;    0.000;    0.000
342.769; 2320.875;    0.000;    0.000
342.826; 2338.875;    0.000;    0.000
342.883; 2403.875;    0.000;    0.000
342.940; 2379.875;    0.000;    0.000
342.997; 2391.875;    0.000;    0.000
343.054; 2396.875;    0.000;    0.000
343.111; 2379.875;    0.000;    0.000
343.168; 2369.875;    0.000;    0.000
343.225; 2357.875;    0.000;    0.000
343.282; 2401.875;    0.000;    0.000
343.339; 2426.875;    0.000;    0.000
343.395; 2405.875;    0.000;    0.000
343.452; 2428.875;    0.000;    0.000
343.509; 2388.875;    0.000;    0.000
343.566; 2444.875;    0.000;    0.000
343.623; 2431.875;    0.000;    0.000
343.680; 2400.875;    0.000;    0.000
343.737; 2452.875;    0.000;    0.000
343.794; 2536.875;    0.000;    0.000
343.850; 2452.875;    0.000;    0.000
343.907; 2525.875;    0.000;    0.000
343.964; 2548.875;    0.000;    0.000
344.021; 2560.875;    0.000;    0.000
344.078; 2638.875;    0.000;    0.000
344.134; 2574.875;    0.000;    0.000
344.191; 2660.875;    0.000;    0.000
344.248; 2622.875;    0.000;    0.000
344.305; 2556.875;    0.000;    0.000
344.361; 2471.875;    0.000;    0.000
344.418; 2541.875;    0.000;    0.000
344.475; 2514.875;    0.000;    0.000
344.532; 2481.875;    0.000;    0.000
344.588; 2536.875;    0.000;    0.000
344.645; 2539.875;    0.000;    0.000
344.702; 2466.875;    0.000;    0.000
344.758; 2585.875;    0.000;    0.000
344.815; 2494.875;    0.000;    0.000
344.872; 2448.875;    0.000;    0.000
344.928; 2431.875;    0.000;    0.000
344.985; 2575.875;    0.000;    0.000
345.042; 2520.875;    0.000;    0.000
345.098; 2491.875;    0.000;    0.000
345.155; 2510.875;    0.000;    0.000
345.212; 2463.875;    0.000;    0.000
345.268; 2463.875;    0.000;    0.000
345.325; 2436.875;    0.000;    0.000
345.381; 2509.875;    0.000;    0.000
345.438; 2503.875;    0.000;    0.000
345.495; 2599.875;    0.000;    0.000
345.551; 2593.875;    0.000;    0.000
345.608; 2536.875;    0.000;    0.000
345.664; 2516.875;    0.000;    0.000
345.721; 2421.875;    0.000;    0.000
345.777; 2417.875;    0.000;    0.000
345.834; 2418.875;    0.000;    0.000
345.890; 2398.875;    0.000;    0.000
345.947; 2436.875;    0.000;    0.000
346.003; 2478.875;    0.000;    0.000
346.060; 2462.875;    0.000;    0.000
346.116; 2549.875;    0.000;    0.000
346.173; 2465.875;    0.000;    0.000
346.229; 2474.875;    0.000;    0.000
346.285; 2539.875;    0.000;    0.000
346.342; 2411.875;    0.000;    0.000
346.398; 2542.875;    0.000;    0.000
346.455; 2592.875;    0.000;    0.000
346.511; 2615.875;    0.000;    0.000
346.567; 2637.875;    0.000;    0.000
346.624; 2621.875;    0.000;    0.000
346.680; 2659.875;    0.000;    0.000
346.737; 2708.875;    0.000;    0.000
346.793; 2711.875;    0.000;    0.000
346.849; 2752.875;    0.000;    0.000
346.906; 2660.875;    0.000;    0.000
346.962; 2715.875;    0.000;    0.000
347.018; 2718.875;    0.000;    0.000
347.074; 2673.875;    0.000;    0.000
347.131; 2600.875;    0.000;    0.000
347.187; 2498.875;    0.000;    0.000
347.243; 2563.875;    0.000;    0.000
347.300; 2631.875;    0.000;    0.000
347.356; 2562.875;    0.000;    0.000
347.412; 2540.875;    0.000;    0.000
347.468; 2487.875;    0.000;    0.000
347.524; 2481.875;    0.000;    0.000
347.581; 2525.875;    0.000;    0.000
347.637; 2507.875;    0.000;    0.000
347.693; 2640.875;    0.000;    0.000
347.749; 2555.875;    0.000;    0.000
347.805; 2552.875;    0.000;    0.000
347.862; 2526.875;    0.000;    0.000
347.918; 2551.875;    0.000;    0.000
347.974; 2474.875;    0.000;    0.000
348.030; 2489.875;    0.000;    0.000
348.086; 2488.875;    0.000;    0.000
348.142; 2523.875;    0.000;    0.000
348.198; 2591.875;    0.000;    0.000
348.254; 2569.875;    0.000;    0.000
348.311; 2578.875;    0.000;    0.000
348.367; 2536.875;    0.000;    0.000
348.423; 2427.875;    0.000;    0.000
348.479; 2413.875;    0.000;    0.000
348.535; 2524.875;    0.000;    0.000
348.591; 2471.875;    0.000;    0.000
348.647; 2492.875;    0.000;    0.000
348.703; 2555.875;    0.000;    0.000
348.759; 2468.875;    0.000;    0.000
348.815; 2526.875;    0.000;    0.000
348.871; 2595.875;    0.000;    0.000
348.927; 2554.875;    0.000;    0.000
348.983; 2537.875;    0.000;    0.000
349.039; 2644.875;    0.000;    0.000
349.095; 2593.875;    0.000;    0.000
349.151; 2563.875;    0.000;    0.000
349.207; 2609.875;    0.000;    0.000
349.263; 2552.875;    0.000;    0.000
349.319; 2580.875;    0.000;    0.000
349.374; 2606.875;    0.000;    0.000
349.430; 2577.875;    0.000;    0.000
349.486; 2586.875;    0.000;    0.000
349.542; 2566.875;    0.000;    0.000
349.598; 2628.875;    0.000;    0.000
349.654; 2537.875;    0.000;    0.000
349.710; 2560.875;    0.000;    0.000
349.766; 2599.875;    0.000;    0.000
349.821; 2523.875;    0.000;    0.000
349.877; 2542.875;    0.000;    0.000
349.933; 2612.875;    0.000;    0.000
349.989; 2556.875;    0.000;    0.000
350.045; 2573.875;    0.000;    0.000
350.100; 2547.875;    0.000;    0.000
350.156; 2537.875;    0.000;    0.000
350.212; 2636.875;    0.000;    0.000
350.268; 2588.875;    0.000;    0.000
350.323; 2592.875;    0.000;    0.000
350.379; 2665.875;    0.000;    0.000
350.435; 2570.875;    0.000;    0.000
350.491; 2658.875;    0.000;    0.000
350.546; 2584.875;    0.000;    0.000
350.602; 2628.875;    0.000;    0.000
350.658; 2582.875;    0.000;    0.000
350.713; 2565.875;    0.000;    0.000
350.769; 2615.875;    0.000;    0.000
350.825; 2486.875;    0.000;    0.000
350.880; 2620.875;    0.000;    0.000
350.936; 2561.875;    0.000;    0.000
350.992; 2552.875;    0.000;    0.000
351.047; 2621.875;    0.000;    0.000
351.103; 2581.875;    0.000;    0.000
351.158; 2584.875;    0.000;    0.000
351.214; 2568.875;    0.000;    0.000
351.270; 2516.875;    0.000;    0.000
351.325; 2512.875;    0.000;    0.000
351.381; 2466.875;    0.000;    0.000
351.436; 2726.875;    0.000;    0.000
351.492; 2740.875;    0.000;    0.000
351.547; 2730.875;    0.000;    0.000
351.603; 2818.875;    0.000;    0.000
351.658; 2761.875;    0.000;    0.000
351.714; 2713.875;    0.000;    0.000
351.769; 2686.875;    0.000;    0.000
351.825; 2729.875;    0.000;    0.000
351.880; 2751.875;    0.000;    0.000
351.936; 2770.875;    0.000;    0.000
351.991; 2728.875;    0.000;    0.000
352.047; 2703.875;    0.000;    0.000
352.102; 2634.875;    0.000;    0.000
352.158; 2585.875;    0.000;    0.000
352.213; 2565.875;    0.000;    0.000
352.268; 2638.875;    0.000;    0.000
352.324; 2555.875;    0.000;    0.000
352.379; 2555.875;    0.000;    0.000
352.434; 2662.875;    0.000;    0.000
352.490; 2598.875;    0.000;    0.000
352.545; 2687.875;    0.000;    0.000
352.601; 2565.875;    0.000;    0.000
352.656; 2601.875;    0.000;    0.000
352.711; 2571.875;    0.000;    0.000
352.767; 2483.875;    0.000;    0.000
352.822; 2527.875;    0.000;    0.000
352.877; 2538.875;    0.000;    0.000
352.932; 2568.875;    0.000;    0.000
352.988; 2619.875;    0.000;    0.000
353.043; 2631.875;    0.000;    0.000
353.098; 2621.875;    0.000;    0.000
353.153; 2647.875;    0.000;    0.000
353.209; 2542.875;    0.000;    0.000
353.264; 2515.875;    0.000;    0.000
353.319; 2575.875;    0.000;    0.000
353.374; 2578.875;    0.000;    0.000
353.430; 2629.875;    0.000;    0.000
353.485; 2703.875;    0.000;    0.000
353.540; 2689.875;    0.000;    0.000
353.595; 2549.875;    0.000;    0.000
353.650; 2555.875;    0.000;    0.000
353.705; 2534.875;    0.000;    0.000
353.761; 2507.875;    0.000;    0.000
353.816; 2528.875;    0.000;    0.000
353.871; 2520.875;    0.000;    0.000
353.926; 2487.875;    0.000;    0.000
353.981; 2417.875;    0.000;    0.000
354.036; 2481.875;    0.000;    0.000
354.091; 2550.875;    0.000;    0.000
354.146; 2564.875;    0.000;    0.000
354.201; 2515.875;    0.000;    0.000
354.256; 2466.875;    0.000;    0.000
354.311; 2554.875;    0.000;    0.000
354.367; 2579.875;    0.000;    0.000
354.422; 2566.875;    0.000;    0.000
354.477; 2573.875;    0.000;    0.000
354.532; 2603.875;    0.000;    0.000
354.587; 2571.875;    0.000;    0.000
354.642; 2501.875;    0.000;    0.000
354.697; 2655.875;    0.000;    0.000
354.751; 2608.875;    0.000;    0.000
354.806; 2575.875;    0.000;    0.000
354.861; 2623.875;    0.000;    0.000
354.916; 2520.875;    0.000;    0.000
354.971; 2637.875;    0.000;    0.000
355.026; 2572.875;    0.000;    0.000
355.081; 2529.875;    0.000;    0.000
355.136; 2463.875;    0.000;    0.000
355.191; 2510.875;    0.000;    0.000
355.246; 2478.875;    0.000;    0.000
355.301; 2578.875;    0.000;    0.000
355.355; 2606.875;    0.000;    0.000
355.410; 2509.875;    0.000;    0.000
355.465; 2551.875;    0.000;    0.000
355.520; 2537.875;    0.000;    0.000
355.575; 2571.875;    0.000;    0.000
355.630; 2555.875;    0.000;    0.000
355.684; 2536.875;    0.000;    0.000
355.739; 2571.875;    0.000;    0.000
355.794; 2598.875;    0.000;    0.000
355.849; 2571.875;    0.000;    0.000
355.904; 2603.875;    0.000;    0.000
355.958; 2556.875;    0.000;    0.000
356.013; 2577.875;    0.000;    0.000
356.068; 2615.875;    0.000;    0.000
356.123; 2563.875;    0.000;    0.000
356.177; 2473.875;    0.000;    0.000
356.232; 2660.875;    0.000;    0.000
356.287; 2658.875;    0.000;    0.000
356.341; 2657.875;    0.000;    0.000
356.396; 2597.875;    0.000;    0.000
356.451; 2492.875;    0.000;    0.000
356.505; 2626.875;    0.000;    0.000
356.560; 2727.875;    0.000;    0.000
356.615; 2596.875;    0.000;    0.000
356.669; 2650.875;    0.000;    0.000
356.724; 2684.875;    0.000;    0.000
356.778; 2549.875;    0.000;    0.000
356.833; 2587.875;    0.000;    0.000
356.888; 2594.875;    0.000;    0.000
356.942; 2547.875;    0.000;    0.000
356.997; 2634.875;    0.000;    0.000
357.051; 2612.875;    0.000;    0.000
357.106; 2515.875;    0.000;    0.000
357.160; 2485.875;    0.000;    0.000
357.215; 2505.875;    0.000;    0.000
357.269; 2583.875;    0.000;    0.000
357.324; 2516.875;    0.000;    0.000
357.378; 2503.875;    0.000;    0.000
357.433; 2536.875;    0.000;    0.000
357.487; 2534.875;    0.000;    0.000
357.542; 2499.875;    0.000;    0.000
357.596; 2574.875;    0.000;    0.000
357.651; 2485.875;    0.000;    0.000
357.705; 2588.875;    0.000;    0.000
357.760; 2533.875;    0.000;    0.000
357.814; 2527.875;    0.000;    0.000
357.868; 2583.875;    0.000;    0.000
357.923; 2576.875;    0.000;    0.000
357.977; 2438.875;    0.000;    0.000
358.032; 2542.875;    0.000;    0.000
358.086; 2741.875;    0.000;    0.000
358.140; 2593.875;    0.000;    0.000
358.195; 2462.875;    0.000;    0.000
358.249; 2517.875;    0.000;    0.000
358.303; 2507.875;    0.000;    0.000
358.358; 2428.875;    0.000;    0.000
358.412; 2498.875;    0.000;    0.000
358.466; 2479.875;    0.000;    0.000
358.521; 2562.875;    0.000;    0.000
358.575; 2501.875;    0.000;    0.000
358.629; 2400.875;    0.000;    0.000
358.683; 2353.875;    0.000;    0.000
358.738; 2391.875;    0.000;    0.000
358.792; 2493.875;    0.000;    0.000
358.846; 2504.875;    0.000;    0.000
358.900; 2492.875;    0.000;    0.000
358.954; 2492.875;    0.000;    0.000
359.009; 2477.875;    0.000;    0.000
359.063; 2480.875;    0.000;    0.000
359.117; 2482.875;    0.000;    0.000
359.171; 2538.875;    0.000;    0.000
359.225; 2462.875;    0.000;    0.000
359.280; 2522.875;    0.000;    0.000
359.334; 2660.875;    0.000;    0.000
359.388; 2587.875;    0.000;    0.000
359.442; 2563.875;    0.000;    0.000
359.496; 2401.875;    0.000;    0.000
359.550; 2517.875;    0.000;    0.000
359.604; 2508.875;    0.000;    0.000
359.658; 2407.875;    0.000;    0.000
359.712; 2525.875;    0.000;    0.000
359.766; 2472.875;    0.000;    0.000
359.820; 2432.875;    0.000;    0.000
359.875; 2420.875;    0.000;    0.000
359.929; 2397.875;    0.000;    0.000
359.983; 2434.875;    0.000;    0.000
360.037; 2422.875;    0.000;    0.000
360.091; 2440.875;    0.000;    0.000
360.145; 2342.875;    0.000;    0.000
360.199; 2462.875;    0.000;    0.000
360.253; 2415.875;    0.000;    0.000
360.306; 2361.875;    0.000;    0.000
360.360; 2404.875;    0.000;    0.000
360.414; 2517.875;    0.000;    0.000
360.468; 2455.875;    0.000;    0.000
360.522; 2533.875;    0.000;    0.000
360.576; 2474.875;    0.000;    0.000
360.630; 2522.875;    0.000;    0.000
360.684; 2518.875;    0.000;    0.000
360.738; 2453.875;    0.000;    0.000
360.792; 2440.875;    0.000;    0.000
360.846; 2437.875;    0.000;    0.000
360.899; 2527.875;    0.000;    0.000
360.953; 2483.875;    0.000;    0.000
361.007; 2468.875;    0.000;    0.000
361.061; 2538.875;    0.000;    0.000
361.115; 2430.875;    0.000;    0.000
361.168; 2381.875;    0.000;    0.000
361.222; 2373.875;    0.000;    0.000
361.276; 2546.875;    0.000;    0.000
361.330; 2423.875;    0.000;    0.000
361.384; 2447.875;    0.000;    0.000
361.437; 2460.875;    0.000;    0.000
361.491; 2444.875;    0.000;    0.000
361.545; 2461.875;    0.000;    0.000
361.599; 2421.875;    0.000;    0.000
361.652; 2481.875;    0.000;    0.000
361.706; 2430.875;    0.000;    0.000
361.760; 2372.875;    0.000;    0.000
361.813; 2402.875;    0.000;    0.000
361.867; 2480.875;    0.000;    0.000
361.921; 2452.875;    0.000;    0.000
361.974; 2381.875;    0.000;    0.000
362.028; 2384.875;    0.000;    0.000
362.082; 2373.875;    0.000;    0.000
362.135; 2356.875;    0.000;    0.000
362.189; 2378.875;    0.000;    0.000
362.242; 2370.875;    0.000;    0.000
362.296; 2342.875;    0.000;    0.000
362.350; 2386.875;    0.000;    0.000
362.403; 2372.875;    0.000;    0.000
362.457; 2343.875;    0.000;    0.000
362.510; 2405.875;    0.000;    0.000
362.564; 2313.875;    0.000;    0.000
362.617; 2381.875;    0.000;    0.000
362.671; 2372.875;    0.000;    0.000
362.724; 2369.875;    0.000;    0.000
362.778; 2326.875;    0.000;    0.000
362.831; 2314.875;    0.000;    0.000
362.885; 2288.875;    0.000;    0.000
362.938; 2230.875;    0.000;    0.000
362.992;  372.875;    0.000;    0.000
363.045;  297.875;    0.000;    0.000
363.099;  315.875;    0.000;    0.000
363.152;  316.875;    0.000;    0.000
363.205;  279.875;    0.000;    0.000
363.259;  286.875;    0.000;    0.000
363.312;  322.875;    0.000;    0.000
363.366;  309.875;    0.000;    0.000
363.419;  312.875;    0.000;    0.000
363.472;  309.875;    0.000;    0.000
363.526;  279.875;    0.000;    0.000
363.579;  289.875;    0.000;    0.000
363.632;  302.875;    0.000;    0.000
363.686;  300.875;    0.000;    0.000
363.739;  270.875;    0.000;    0.000
363.792;  301.875;    0.000;    0.000

