
Integration time [ms]:   0.300
Averaging Nr. [scans]: 1
Smoothing Nr. [pixels]: 0
Data measured with spectrometer [name]: UV1
Wave   ;Sample   ;Dark     ;Reference
[nm]   ;[counts] ;[counts] ;[counts] 

236.381;  188.200;  149.925;    0.000
236.451;  198.200;  206.925;    0.000
236.520;  170.200;  212.925;    0.000
236.590;  188.200;  189.925;    0.000
236.660;  187.200;  184.925;    0.000
236.730;  198.200;  186.925;    0.000
236.799;  187.200;  191.925;    0.000
236.869;  157.200;  184.925;    0.000
236.939;  186.200;  176.925;    0.000
237.009;  182.200;  184.925;    0.000
237.078;  173.200;  189.925;    0.000
237.148;  148.200;  217.925;    0.000
237.218;  175.200;  192.925;    0.000
237.287;  199.200;  182.925;    0.000
237.357;  159.200;  196.925;    0.000
237.427;  171.200;  144.925;    0.000
237.496;  584.200;  224.925;    0.000
237.566;  546.200;  210.925;    0.000
237.636;  536.200;  165.925;    0.000
237.705;  564.200;  214.925;    0.000
237.775;  556.200;  194.925;    0.000
237.845;  586.200;  214.925;    0.000
237.914;  559.200;  191.925;    0.000
237.984;  570.200;  218.925;    0.000
238.054;  536.200;  187.925;    0.000
238.123;  516.200;  179.925;    0.000
238.193;  561.200;  177.925;    0.000
238.263;  596.200;  225.925;    0.000
238.332;  515.200;  197.925;    0.000
238.402;  578.200;  183.925;    0.000
238.471;  524.200;  181.925;    0.000
238.541;  553.200;  200.925;    0.000
238.611;  524.200;  170.925;    0.000
238.680;  542.200;  170.925;    0.000
238.750;  509.200;  175.925;    0.000
238.819;  602.200;  180.925;    0.000
238.889;  487.200;  190.925;    0.000
238.958;  520.200;  207.925;    0.000
239.028;  567.200;  201.925;    0.000
239.097;  525.200;  181.925;    0.000
239.167;  575.200;  222.925;    0.000
239.237;  580.200;  221.925;    0.000
239.306;  554.200;  147.925;    0.000
239.376;  590.200;  188.925;    0.000
239.445;  575.200;  198.925;    0.000
239.515;  558.200;  191.925;    0.000
239.584;  554.200;  178.925;    0.000
239.654;  535.200;  147.925;    0.000
239.723;  535.200;  212.925;    0.000
239.793;  544.200;  185.925;    0.000
239.862;  535.200;  157.925;    0.000
239.932;  507.200;  181.925;    0.000
240.001;  572.200;  163.925;    0.000
240.070;  550.200;  194.925;    0.000
240.140;  606.200;  202.925;    0.000
240.209;  502.200;  180.925;    0.000
240.279;  532.200;  188.925;    0.000
240.348;  506.200;  189.925;    0.000
240.418;  541.200;  143.925;    0.000
240.487;  561.200;  195.925;    0.000
240.556;  529.200;  170.925;    0.000
240.626;  530.200;  172.925;    0.000
240.695;  523.200;  202.925;    0.000
240.765;  523.200;  191.925;    0.000
240.834;  511.200;  177.925;    0.000
240.903;  557.200;  189.925;    0.000
240.973;  515.200;  196.925;    0.000
241.042;  528.200;  183.925;    0.000
241.112;  524.200;  189.925;    0.000
241.181;  556.200;  186.925;    0.000
241.250;  481.200;  168.925;    0.000
241.320;  522.200;  200.925;    0.000
241.389;  456.200;  185.925;    0.000
241.458;  580.200;  194.925;    0.000
241.528;  504.200;  165.925;    0.000
241.597;  509.200;  200.925;    0.000
241.666;  525.200;  184.925;    0.000
241.736;  554.200;  176.925;    0.000
241.805;  542.200;  165.925;    0.000
241.874;  524.200;  200.925;    0.000
241.943;  527.200;  184.925;    0.000
242.013;  549.200;  212.925;    0.000
242.082;  499.200;  200.925;    0.000
242.151;  535.200;  196.925;    0.000
242.221;  526.200;  182.925;    0.000
242.290;  506.200;  222.925;    0.000
242.359;  465.200;  142.925;    0.000
242.428;  518.200;  180.925;    0.000
242.498;  468.200;  180.925;    0.000
242.567;  507.200;  181.925;    0.000
242.636;  525.200;  203.925;    0.000
242.705;  491.200;  209.925;    0.000
242.774;  513.200;  172.925;    0.000
242.844;  510.200;  218.925;    0.000
242.913;  500.200;  188.925;    0.000
242.982;  481.200;  193.925;    0.000
243.051;  510.200;  202.925;    0.000
243.120;  489.200;  174.925;    0.000
243.190;  421.200;  165.925;    0.000
243.259;  562.200;  206.925;    0.000
243.328;  479.200;  166.925;    0.000
243.397;  477.200;  167.925;    0.000
243.466;  453.200;  163.925;    0.000
243.535;  515.200;  162.925;    0.000
243.605;  483.200;  159.925;    0.000
243.674;  524.200;  171.925;    0.000
243.743;  519.200;  189.925;    0.000
243.812;  469.200;  169.925;    0.000
243.881;  522.200;  145.925;    0.000
243.950;  464.200;  197.925;    0.000
244.019;  462.200;  189.925;    0.000
244.088;  490.200;  200.925;    0.000
244.158;  507.200;  208.925;    0.000
244.227;  511.200;  154.925;    0.000
244.296;  454.200;  142.925;    0.000
244.365;  451.200;  198.925;    0.000
244.434;  459.200;  162.925;    0.000
244.503;  484.200;  186.925;    0.000
244.572;  464.200;  143.925;    0.000
244.641;  449.200;  145.925;    0.000
244.710;  496.200;  159.925;    0.000
244.779;  504.200;  175.925;    0.000
244.848;  514.200;  163.925;    0.000
244.917;  472.200;  157.925;    0.000
244.986;  487.200;  166.925;    0.000
245.055;  448.200;  211.925;    0.000
245.124;  506.200;  155.925;    0.000
245.193;  457.200;  187.925;    0.000
245.262;  412.200;  152.925;    0.000
245.331;  506.200;  177.925;    0.000
245.400;  470.200;  157.925;    0.000
245.469;  511.200;  195.925;    0.000
245.538;  491.200;  199.925;    0.000
245.607;  464.200;  194.925;    0.000
245.676;  487.200;  170.925;    0.000
245.745;  469.200;  208.925;    0.000
245.814;  488.200;  185.925;    0.000
245.883;  484.200;  165.925;    0.000
245.952;  488.200;  151.925;    0.000
246.021;  450.200;  171.925;    0.000
246.090;  479.200;  174.925;    0.000
246.159;  442.200;  192.925;    0.000
246.227;  504.200;  178.925;    0.000
246.296;  448.200;  159.925;    0.000
246.365;  447.200;  189.925;    0.000
246.434;  532.200;  205.925;    0.000
246.503;  467.200;  174.925;    0.000
246.572;  474.200;  203.925;    0.000
246.641;  442.200;  169.925;    0.000
246.710;  482.200;  186.925;    0.000
246.779;  456.200;  196.925;    0.000
246.847;  448.200;  209.925;    0.000
246.916;  443.200;  177.925;    0.000
246.985;  443.200;  188.925;    0.000
247.054;  473.200;  189.925;    0.000
247.123;  450.200;  196.925;    0.000
247.192;  460.200;  210.925;    0.000
247.260;  462.200;  164.925;    0.000
247.329;  444.200;  204.925;    0.000
247.398;  503.200;  204.925;    0.000
247.467;  429.200;  160.925;    0.000
247.536;  454.200;  193.925;    0.000
247.604;  471.200;  208.925;    0.000
247.673;  438.200;  168.925;    0.000
247.742;  466.200;  182.925;    0.000
247.811;  483.200;  186.925;    0.000
247.879;  469.200;  166.925;    0.000
247.948;  456.200;  192.925;    0.000
248.017;  419.200;  178.925;    0.000
248.086;  477.200;  193.925;    0.000
248.154;  458.200;  191.925;    0.000
248.223;  449.200;  207.925;    0.000
248.292;  438.200;  168.925;    0.000
248.361;  490.200;  211.925;    0.000
248.429;  481.200;  196.925;    0.000
248.498;  435.200;  163.925;    0.000
248.567;  445.200;  159.925;    0.000
248.635;  505.200;  194.925;    0.000
248.704;  427.200;  205.925;    0.000
248.773;  431.200;  190.925;    0.000
248.841;  474.200;  179.925;    0.000
248.910;  491.200;  193.925;    0.000
248.979;  427.200;  167.925;    0.000
249.047;  422.200;  166.925;    0.000
249.116;  456.200;  191.925;    0.000
249.185;  471.200;  203.925;    0.000
249.253;  428.200;  140.925;    0.000
249.322;  456.200;  173.925;    0.000
249.390;  423.200;  165.925;    0.000
249.459;  442.200;  173.925;    0.000
249.528;  448.200;  203.925;    0.000
249.596;  448.200;  204.925;    0.000
249.665;  394.200;  176.925;    0.000
249.733;  410.200;  178.925;    0.000
249.802;  439.200;  190.925;    0.000
249.871;  424.200;  171.925;    0.000
249.939;  400.200;  160.925;    0.000
250.008;  461.200;  220.925;    0.000
250.076;  451.200;  211.925;    0.000
250.145;  448.200;  145.925;    0.000
250.213;  412.200;  177.925;    0.000
250.282;  414.200;  186.925;    0.000
250.350;  407.200;  170.925;    0.000
250.419;  428.200;  195.925;    0.000
250.487;  424.200;  194.925;    0.000
250.556;  420.200;  178.925;    0.000
250.624;  467.200;  193.925;    0.000
250.693;  428.200;  167.925;    0.000
250.761;  434.200;  253.925;    0.000
250.830;  448.200;  241.925;    0.000
250.898;  452.200;  161.925;    0.000
250.967;  398.200;  178.925;    0.000
251.035;  404.200;  189.925;    0.000
251.104;  359.200;  166.925;    0.000
251.172;  436.200;  178.925;    0.000
251.241;  346.200;  174.925;    0.000
251.309;  387.200;  197.925;    0.000
251.378;  438.200;  172.925;    0.000
251.446;  382.200;  157.925;    0.000
251.514;  446.200;  197.925;    0.000
251.583;  423.200;  191.925;    0.000
251.651;  396.200;  154.925;    0.000
251.720;  405.200;  198.925;    0.000
251.788;  445.200;  226.925;    0.000
251.856;  371.200;  164.925;    0.000
251.925;  348.200;  181.925;    0.000
251.993;  414.200;  203.925;    0.000
252.062;  463.200;  211.925;    0.000
252.130;  403.200;  185.925;    0.000
252.198;  456.200;  190.925;    0.000
252.267;  410.200;  176.925;    0.000
252.335;  379.200;  179.925;    0.000
252.403;  388.200;  173.925;    0.000
252.472;  400.200;  172.925;    0.000
252.540;  412.200;  187.925;    0.000
252.608;  387.200;  204.925;    0.000
252.677;  406.200;  179.925;    0.000
252.745;  426.200;  192.925;    0.000
252.813;  412.200;  168.925;    0.000
252.881;  366.200;  157.925;    0.000
252.950;  404.200;  188.925;    0.000
253.018;  413.200;  191.925;    0.000
253.086;  369.200;  164.925;    0.000
253.155;  406.200;  172.925;    0.000
253.223;  375.200;  168.925;    0.000
253.291;  398.200;  190.925;    0.000
253.359;  359.200;  205.925;    0.000
253.428;  397.200;  228.925;    0.000
253.496;  363.200;  170.925;    0.000
253.564;  340.200;  164.925;    0.000
253.632;  367.200;  159.925;    0.000
253.700;  410.200;  166.925;    0.000
253.769;  401.200;  172.925;    0.000
253.837;  400.200;  157.925;    0.000
253.905;  368.200;  168.925;    0.000
253.973;  362.200;  179.925;    0.000
254.041;  387.200;  187.925;    0.000
254.110;  363.200;  186.925;    0.000
254.178;  374.200;  156.925;    0.000
254.246;  334.200;  132.925;    0.000
254.314;  351.200;  191.925;    0.000
254.382;  392.200;  189.925;    0.000
254.450;  414.200;  163.925;    0.000
254.518;  353.200;  172.925;    0.000
254.587;  319.200;  162.925;    0.000
254.655;  402.200;  191.925;    0.000
254.723;  402.200;  184.925;    0.000
254.791;  403.200;  169.925;    0.000
254.859;  397.200;  186.925;    0.000
254.927;  374.200;  207.925;    0.000
254.995;  385.200;  143.925;    0.000
255.063;  443.200;  198.925;    0.000
255.131;  358.200;  168.925;    0.000
255.199;  373.200;  183.925;    0.000
255.267;  369.200;  159.925;    0.000
255.336;  399.200;  197.925;    0.000
255.404;  334.200;  177.925;    0.000
255.472;  419.200;  204.925;    0.000
255.540;  399.200;  169.925;    0.000
255.608;  407.200;  141.925;    0.000
255.676;  404.200;  176.925;    0.000
255.744;  377.200;  184.925;    0.000
255.812;  416.200;  158.925;    0.000
255.880;  426.200;  202.925;    0.000
255.948;  396.200;  184.925;    0.000
256.016;  454.200;  192.925;    0.000
256.084;  443.200;  204.925;    0.000
256.152;  412.200;  191.925;    0.000
256.220;  427.200;  187.925;    0.000
256.288;  452.200;  176.925;    0.000
256.356;  423.200;  146.925;    0.000
256.424;  376.200;  164.925;    0.000
256.491;  394.200;  161.925;    0.000
256.559;  502.200;  167.925;    0.000
256.627;  440.200;  180.925;    0.000
256.695;  440.200;  159.925;    0.000
256.763;  442.200;  166.925;    0.000
256.831;  469.200;  166.925;    0.000
256.899;  471.200;  161.925;    0.000
256.967;  430.200;  116.925;    0.000
257.035;  464.200;  195.925;    0.000
257.103;  525.200;  227.925;    0.000
257.171;  451.200;  147.925;    0.000
257.238;  454.200;  158.925;    0.000
257.306;  451.200;  188.925;    0.000
257.374;  502.200;  153.925;    0.000
257.442;  453.200;  159.925;    0.000
257.510;  510.200;  201.925;    0.000
257.578;  469.200;  137.925;    0.000
257.646;  500.200;  172.925;    0.000
257.713;  473.200;  164.925;    0.000
257.781;  483.200;  163.925;    0.000
257.849;  563.200;  174.925;    0.000
257.917;  503.200;  164.925;    0.000
257.985;  510.200;  126.925;    0.000
258.052;  485.200;  158.925;    0.000
258.120;  552.200;  151.925;    0.000
258.188;  546.200;  169.925;    0.000
258.256;  516.200;  110.925;    0.000
258.324;  609.200;  193.925;    0.000
258.391;  523.200;  157.925;    0.000
258.459;  600.200;  193.925;    0.000
258.527;  601.200;  150.925;    0.000
258.595;  590.200;  173.925;    0.000
258.662;  541.200;  168.925;    0.000
258.730;  594.200;  190.925;    0.000
258.798;  570.200;  164.925;    0.000
258.865;  629.200;  165.925;    0.000
258.933;  643.200;  162.925;    0.000
259.001;  601.200;  174.925;    0.000
259.069;  635.200;  139.925;    0.000
259.136;  677.200;  160.925;    0.000
259.204;  643.200;  174.925;    0.000
259.272;  642.200;  161.925;    0.000
259.339;  663.200;  157.925;    0.000
259.407;  642.200;  159.925;    0.000
259.475;  649.200;  134.925;    0.000
259.542;  654.200;  179.925;    0.000
259.610;  683.200;  172.925;    0.000
259.677;  752.200;  152.925;    0.000
259.745;  633.200;  131.925;    0.000
259.813;  745.200;  185.925;    0.000
259.880;  733.200;  183.925;    0.000
259.948;  708.200;  168.925;    0.000
260.016;  728.200;  160.925;    0.000
260.083;  701.200;  163.925;    0.000
260.151;  669.200;  162.925;    0.000
260.218;  799.200;  171.925;    0.000
260.286;  696.200;  154.925;    0.000
260.353;  796.200;  182.925;    0.000
260.421;  737.200;  187.925;    0.000
260.489;  819.200;  185.925;    0.000
260.556;  774.200;  165.925;    0.000
260.624;  778.200;  185.925;    0.000
260.691;  826.200;  175.925;    0.000
260.759;  865.200;  201.925;    0.000
260.826;  794.200;  150.925;    0.000
260.894;  841.200;  142.925;    0.000
260.961;  851.200;  156.925;    0.000
261.029;  817.200;  161.925;    0.000
261.096;  797.200;  172.925;    0.000
261.164;  837.200;  149.925;    0.000
261.231;  935.200;  191.925;    0.000
261.299;  910.200;  182.925;    0.000
261.366;  837.200;  156.925;    0.000
261.434;  857.200;  188.925;    0.000
261.501;  865.200;  170.925;    0.000
261.568;  896.200;  167.925;    0.000
261.636;  941.200;  169.925;    0.000
261.703;  951.200;  200.925;    0.000
261.771;  929.200;  170.925;    0.000
261.838;  953.200;  175.925;    0.000
261.906;  926.200;  135.925;    0.000
261.973;  959.200;  184.925;    0.000
262.040;  958.200;  176.925;    0.000
262.108;  999.200;  201.925;    0.000
262.175;  925.200;  141.925;    0.000
262.243;  995.200;  175.925;    0.000
262.310; 1000.200;  112.925;    0.000
262.377;  987.200;  158.925;    0.000
262.445; 1046.200;  162.925;    0.000
262.512; 1023.200;  184.925;    0.000
262.579; 1032.200;  185.925;    0.000
262.647; 1038.200;  158.925;    0.000
262.714; 1046.200;  197.925;    0.000
262.781; 1023.200;  133.925;    0.000
262.849; 1020.200;  146.925;    0.000
262.916; 1146.200;  204.925;    0.000
262.983; 1127.200;  191.925;    0.000
263.051; 1037.200;  140.925;    0.000
263.118; 1100.200;  154.925;    0.000
263.185; 1026.200;  169.925;    0.000
263.252; 1125.200;  150.925;    0.000
263.320; 1064.200;  145.925;    0.000
263.387; 1093.200;  144.925;    0.000
263.454; 1106.200;  193.925;    0.000
263.522; 1063.200;  160.925;    0.000
263.589; 1169.200;  153.925;    0.000
263.656; 1102.200;  178.925;    0.000
263.723; 1073.200;  136.925;    0.000
263.790; 1143.200;  162.925;    0.000
263.858; 1154.200;  164.925;    0.000
263.925; 1145.200;  146.925;    0.000
263.992; 1103.200;  191.925;    0.000
264.059; 1207.200;  180.925;    0.000
264.126; 1188.200;  183.925;    0.000
264.194; 1193.200;  174.925;    0.000
264.261; 1235.200;  187.925;    0.000
264.328; 1230.200;  179.925;    0.000
264.395; 1192.200;  166.925;    0.000
264.462; 1212.200;  197.925;    0.000
264.529; 1205.200;  209.925;    0.000
264.597; 1202.200;  173.925;    0.000
264.664; 1257.200;  193.925;    0.000
264.731; 1228.200;  165.925;    0.000
264.798; 1176.200;  148.925;    0.000
264.865; 1207.200;  186.925;    0.000
264.932; 1243.200;  152.925;    0.000
264.999; 1279.200;  166.925;    0.000
265.066; 1212.200;  186.925;    0.000
265.133; 1232.200;  172.925;    0.000
265.201; 1274.200;  159.925;    0.000
265.268; 1218.200;  164.925;    0.000
265.335; 1332.200;  161.925;    0.000
265.402; 1316.200;  157.925;    0.000
265.469; 1320.200;  134.925;    0.000
265.536; 1329.200;  191.925;    0.000
265.603; 1285.200;  170.925;    0.000
265.670; 1242.200;  162.925;    0.000
265.737; 1348.200;  172.925;    0.000
265.804; 1306.200;  151.925;    0.000
265.871; 1333.200;  191.925;    0.000
265.938; 1323.200;  173.925;    0.000
266.005; 1375.200;  201.925;    0.000
266.072; 1314.200;  156.925;    0.000
266.139; 1437.200;  191.925;    0.000
266.206; 1409.200;  151.925;    0.000
266.273; 1442.200;  194.925;    0.000
266.340; 1350.200;  120.925;    0.000
266.407; 1311.200;  130.925;    0.000
266.474; 1331.200;  137.925;    0.000
266.541; 1419.200;  139.925;    0.000
266.608; 1431.200;  139.925;    0.000
266.675; 1361.200;  198.925;    0.000
266.742; 1318.200;  165.925;    0.000
266.808; 1416.200;  174.925;    0.000
266.875; 1458.200;  169.925;    0.000
266.942; 1362.200;  137.925;    0.000
267.009; 1477.200;  181.925;    0.000
267.076; 1381.200;  204.925;    0.000
267.143; 1470.200;  179.925;    0.000
267.210; 1437.200;  160.925;    0.000
267.277; 1427.200;  154.925;    0.000
267.344; 1459.200;  178.925;    0.000
267.410; 1463.200;  190.925;    0.000
267.477; 1405.200;  193.925;    0.000
267.544; 1451.200;  168.925;    0.000
267.611; 1430.200;  177.925;    0.000
267.678; 1442.200;  205.925;    0.000
267.745; 1504.200;  205.925;    0.000
267.811; 1547.200;  164.925;    0.000
267.878; 1526.200;  166.925;    0.000
267.945; 1457.200;  160.925;    0.000
268.012; 1501.200;  172.925;    0.000
268.079; 1504.200;  186.925;    0.000
268.145; 1470.200;  188.925;    0.000
268.212; 1473.200;  181.925;    0.000
268.279; 1419.200;  158.925;    0.000
268.346; 1483.200;  192.925;    0.000
268.412; 1416.200;  159.925;    0.000
268.479; 1501.200;  176.925;    0.000
268.546; 1447.200;  170.925;    0.000
268.613; 1476.200;  133.925;    0.000
268.679; 1484.200;  170.925;    0.000
268.746; 1446.200;  185.925;    0.000
268.813; 1485.200;  170.925;    0.000
268.879; 1394.200;  149.925;    0.000
268.946; 1446.200;  176.925;    0.000
269.013; 1400.200;  153.925;    0.000
269.079; 1473.200;  156.925;    0.000
269.146; 1427.200;  143.925;    0.000
269.213; 1503.200;  170.925;    0.000
269.280; 1477.200;  202.925;    0.000
269.346; 1496.200;  180.925;    0.000
269.413; 1373.200;  162.925;    0.000
269.479; 1506.200;  175.925;    0.000
269.546; 1486.200;  151.925;    0.000
269.613; 1451.200;  159.925;    0.000
269.679; 1484.200;  190.925;    0.000
269.746; 1383.200;  159.925;    0.000
269.813; 1405.200;  151.925;    0.000
269.879; 1413.200;  169.925;    0.000
269.946; 1442.200;  169.925;    0.000
270.012; 1420.200;  185.925;    0.000
270.079; 1408.200;  133.925;    0.000
270.145; 1413.200;  161.925;    0.000
270.212; 1397.200;  156.925;    0.000
270.279; 1421.200;  176.925;    0.000
270.345; 1378.200;  140.925;    0.000
270.412; 1440.200;  162.925;    0.000
270.478; 1405.200;  148.925;    0.000
270.545; 1359.200;  146.925;    0.000
270.611; 1457.200;  168.925;    0.000
270.678; 1411.200;  164.925;    0.000
270.744; 1384.200;  117.925;    0.000
270.811; 1375.200;  196.925;    0.000
270.877; 1366.200;  151.925;    0.000
270.944; 1411.200;  174.925;    0.000
271.010; 1406.200;  180.925;    0.000
271.077; 1394.200;  162.925;    0.000
271.143; 1422.200;  178.925;    0.000
271.210; 1393.200;  159.925;    0.000
271.276; 1378.200;  143.925;    0.000
271.342; 1429.200;  196.925;    0.000
271.409; 1361.200;  161.925;    0.000
271.475; 1297.200;  153.925;    0.000
271.542; 1345.200;  147.925;    0.000
271.608; 1363.200;  175.925;    0.000
271.675; 1357.200;  134.925;    0.000
271.741; 1381.200;  182.925;    0.000
271.807; 1395.200;  174.925;    0.000
271.874; 1345.200;  169.925;    0.000
271.940; 1364.200;  179.925;    0.000
272.007; 1377.200;  173.925;    0.000
272.073; 1321.200;  133.925;    0.000
272.139; 1378.200;  191.925;    0.000
272.206; 1415.200;  168.925;    0.000
272.272; 1394.200;  179.925;    0.000
272.338; 1401.200;  224.925;    0.000
272.405; 1327.200;  156.925;    0.000
272.471; 1333.200;  175.925;    0.000
272.537; 1384.200;  190.925;    0.000
272.604; 1373.200;  199.925;    0.000
272.670; 1391.200;  156.925;    0.000
272.736; 1312.200;  198.925;    0.000
272.802; 1367.200;  169.925;    0.000
272.869; 1320.200;  141.925;    0.000
272.935; 1355.200;  145.925;    0.000
273.001; 1296.200;  156.925;    0.000
273.068; 1402.200;  157.925;    0.000
273.134; 1420.200;  184.925;    0.000
273.200; 1352.200;  158.925;    0.000
273.266; 1440.200;  150.925;    0.000
273.333; 1344.200;  176.925;    0.000
273.399; 1309.200;  118.925;    0.000
273.465; 1394.200;  184.925;    0.000
273.531; 1324.200;  179.925;    0.000
273.597; 1350.200;  167.925;    0.000
273.664; 1390.200;  186.925;    0.000
273.730; 1367.200;  137.925;    0.000
273.796; 1303.200;  148.925;    0.000
273.862; 1384.200;  183.925;    0.000
273.928; 1395.200;  179.925;    0.000
273.995; 1365.200;  189.925;    0.000
274.061; 1402.200;  188.925;    0.000
274.127; 1378.200;  132.925;    0.000
274.193; 1280.200;  135.925;    0.000
274.259; 1370.200;  177.925;    0.000
274.325; 1399.200;  178.925;    0.000
274.391; 1331.200;  140.925;    0.000
274.457; 1395.200;  158.925;    0.000
274.524; 1418.200;  175.925;    0.000
274.590; 1323.200;  182.925;    0.000
274.656; 1400.200;  165.925;    0.000
274.722; 1398.200;  152.925;    0.000
274.788; 1336.200;  159.925;    0.000
274.854; 1413.200;  143.925;    0.000
274.920; 1294.200;  117.925;    0.000
274.986; 1384.200;  140.925;    0.000
275.052; 1395.200;  174.925;    0.000
275.118; 1380.200;  129.925;    0.000
275.184; 1351.200;  173.925;    0.000
275.250; 1381.200;  196.925;    0.000
275.316; 1442.200;  142.925;    0.000
275.382; 1392.200;  149.925;    0.000
275.448; 1466.200;  178.925;    0.000
275.514; 1370.200;  136.925;    0.000
275.580; 1353.200;  140.925;    0.000
275.646; 1397.200;  133.925;    0.000
275.712; 1388.200;  162.925;    0.000
275.778; 1381.200;  129.925;    0.000
275.844; 1403.200;  156.925;    0.000
275.910; 1381.200;  172.925;    0.000
275.976; 1385.200;  158.925;    0.000
276.042; 1416.200;  141.925;    0.000
276.108; 1423.200;  212.925;    0.000
276.174; 1388.200;  148.925;    0.000
276.240; 1451.200;  134.925;    0.000
276.306; 1445.200;  149.925;    0.000
276.372; 1488.200;  126.925;    0.000
276.437; 1480.200;  168.925;    0.000
276.503; 1390.200;  158.925;    0.000
276.569; 1482.200;  191.925;    0.000
276.635; 1543.200;  130.925;    0.000
276.701; 1446.200;  161.925;    0.000
276.767; 1478.200;  148.925;    0.000
276.833; 1447.200;  147.925;    0.000
276.899; 1411.200;  149.925;    0.000
276.964; 1480.200;  181.925;    0.000
277.030; 1445.200;  186.925;    0.000
277.096; 1499.200;  132.925;    0.000
277.162; 1522.200;  181.925;    0.000
277.228; 1456.200;  166.925;    0.000
277.293; 1534.200;  154.925;    0.000
277.359; 1545.200;  181.925;    0.000
277.425; 1588.200;  184.925;    0.000
277.491; 1603.200;  150.925;    0.000
277.557; 1654.200;  159.925;    0.000
277.622; 1877.200;  129.925;    0.000
277.688; 1787.200;  184.925;    0.000
277.754; 1870.200;  182.925;    0.000
277.820; 1872.200;  149.925;    0.000
277.885; 2071.200;  185.925;    0.000
277.951; 2359.200;  164.925;    0.000
278.017; 2110.200;  162.925;    0.000
278.083; 2011.200;  189.925;    0.000
278.148; 1960.200;  184.925;    0.000
278.214; 1920.200;  188.925;    0.000
278.280; 1996.200;  206.925;    0.000
278.345; 1901.200;  187.925;    0.000
278.411; 1882.200;  174.925;    0.000
278.477; 1802.200;  190.925;    0.000
278.542; 1884.200;  154.925;    0.000
278.608; 1978.200;  191.925;    0.000
278.674; 1977.200;  243.925;    0.000
278.739; 2125.200;  141.925;    0.000
278.805; 2267.200;  171.925;    0.000
278.871; 2508.200;  181.925;    0.000
278.936; 2765.200;  191.925;    0.000
279.002; 3683.200;  201.925;    0.000
279.067; 4837.200;  174.925;    0.000
279.133; 4816.200;  165.925;    0.000
279.199; 4256.200;  122.925;    0.000
279.264; 4525.200;  159.925;    0.000
279.330; 5472.200;  170.925;    0.000
279.395; 8269.200;  173.925;    0.000
279.461;17094.199;  200.925;    0.000
279.527;24180.199;  199.925;    0.000
279.592;17579.199;  203.925;    0.000
279.658; 9590.200;  209.925;    0.000
279.723; 8343.200;  188.925;    0.000
279.789; 8669.200;  180.925;    0.000
279.854; 7562.200;  137.925;    0.000
279.920; 5878.200;  223.925;    0.000
279.985; 5329.200;  186.925;    0.000
280.051; 5388.200;  198.925;    0.000
280.116; 6819.200;  178.925;    0.000
280.182;13865.200;  176.925;    0.000
280.247;18633.199;  195.925;    0.000
280.313;12617.200;  165.925;    0.000
280.378; 6128.200;  153.925;    0.000
280.444; 4152.200;  181.925;    0.000
280.509; 3473.200;  188.925;    0.000
280.574; 3093.200;  149.925;    0.000
280.640; 2795.200;  164.925;    0.000
280.705; 2532.200;  166.925;    0.000
280.771; 2596.200;  188.925;    0.000
280.836; 2497.200;  188.925;    0.000
280.902; 2399.200;  168.925;    0.000
280.967; 2392.200;  202.925;    0.000
281.032; 2222.200;  197.925;    0.000
281.098; 2228.200;  138.925;    0.000
281.163; 2063.200;  160.925;    0.000
281.229; 2178.200;  212.925;    0.000
281.294; 2108.200;  227.925;    0.000
281.359; 2077.200;  200.925;    0.000
281.425; 2096.200;  189.925;    0.000
281.490; 2018.200;  176.925;    0.000
281.555; 2117.200;  182.925;    0.000
281.621; 2040.200;  169.925;    0.000
281.686; 1993.200;  182.925;    0.000
281.751; 1990.200;  208.925;    0.000
281.816; 2021.200;  166.925;    0.000
281.882; 1993.200;  181.925;    0.000
281.947; 1972.200;  178.925;    0.000
282.012; 2025.200;  167.925;    0.000
282.078; 1971.200;  170.925;    0.000
282.143; 1937.200;  157.925;    0.000
282.208; 2025.200;  158.925;    0.000
282.273; 1998.200;  187.925;    0.000
282.339; 2007.200;  185.925;    0.000
282.404; 1992.200;  201.925;    0.000
282.469; 1951.200;  202.925;    0.000
282.534; 1943.200;  185.925;    0.000
282.600; 1999.200;  125.925;    0.000
282.665; 1960.200;  162.925;    0.000
282.730; 1952.200;  174.925;    0.000
282.795; 1934.200;  179.925;    0.000
282.860; 1970.200;  190.925;    0.000
282.926; 2042.200;  200.925;    0.000
282.991; 1820.200;  161.925;    0.000
283.056; 1936.200;  175.925;    0.000
283.121; 2059.200;  181.925;    0.000
283.186; 1935.200;  221.925;    0.000
283.251; 1961.200;  168.925;    0.000
283.316; 2032.200;  156.925;    0.000
283.382; 2046.200;  197.925;    0.000
283.447; 2020.200;  210.925;    0.000
283.512; 2006.200;  164.925;    0.000
283.577; 1965.200;  212.925;    0.000
283.642; 1992.200;  186.925;    0.000
283.707; 2009.200;  182.925;    0.000
283.772; 1938.200;  127.925;    0.000
283.837; 1969.200;  160.925;    0.000
283.902; 2045.200;  162.925;    0.000
283.967; 2132.200;  151.925;    0.000
284.032; 1999.200;  175.925;    0.000
284.097; 2111.200;  235.925;    0.000
284.163; 1975.200;  136.925;    0.000
284.228; 1965.200;  209.925;    0.000
284.293; 1982.200;  163.925;    0.000
284.358; 2122.200;  169.925;    0.000
284.423; 2154.200;  145.925;    0.000
284.488; 2054.200;  134.925;    0.000
284.553; 2037.200;  158.925;    0.000
284.618; 2043.200;  163.925;    0.000
284.683; 2009.200;  168.925;    0.000
284.748; 2035.200;  170.925;    0.000
284.812; 2165.200;  151.925;    0.000
284.877; 2105.200;  169.925;    0.000
284.942; 2298.200;  179.925;    0.000
285.007; 2423.200;  202.925;    0.000
285.072; 2928.200;  171.925;    0.000
285.137; 4315.200;  173.925;    0.000
285.202; 5287.200;  196.925;    0.000
285.267; 4325.200;  193.925;    0.000
285.332; 2948.200;  151.925;    0.000
285.397; 2602.200;  183.925;    0.000
285.462; 2470.200;  168.925;    0.000
285.527; 2334.200;  166.925;    0.000
285.591; 2203.200;  124.925;    0.000
285.656; 2206.200;  145.925;    0.000
285.721; 2149.200;  155.925;    0.000
285.786; 2173.200;  170.925;    0.000
285.851; 2127.200;  175.925;    0.000
285.916; 2100.200;  186.925;    0.000
285.981; 2103.200;  204.925;    0.000
286.045; 2197.200;  237.925;    0.000
286.110; 2151.200;  197.925;    0.000
286.175; 2226.200;  143.925;    0.000
286.240; 2154.200;  167.925;    0.000
286.305; 2248.200;  202.925;    0.000
286.369; 2133.200;  214.925;    0.000
286.434; 2142.200;  206.925;    0.000
286.499; 2129.200;  177.925;    0.000
286.564; 2121.200;  201.925;    0.000
286.628; 2096.200;  153.925;    0.000
286.693; 2209.200;  161.925;    0.000
286.758; 2099.200;  181.925;    0.000
286.823; 2197.200;  176.925;    0.000
286.887; 2155.200;  158.925;    0.000
286.952; 2158.200;  198.925;    0.000
287.017; 2181.200;  196.925;    0.000
287.082; 2156.200;  154.925;    0.000
287.146; 2187.200;  178.925;    0.000
287.211; 2162.200;  165.925;    0.000
287.276; 2169.200;  165.925;    0.000
287.340; 2121.200;  178.925;    0.000
287.405; 2146.200;  177.925;    0.000
287.470; 2114.200;  141.925;    0.000
287.534; 2171.200;  224.925;    0.000
287.599; 2141.200;  184.925;    0.000
287.663; 2111.200;  177.925;    0.000
287.728; 2135.200;  144.925;    0.000
287.793; 2187.200;  210.925;    0.000
287.857; 2128.200;  198.925;    0.000
287.922; 2213.200;  168.925;    0.000
287.987; 2240.200;  168.925;    0.000
288.051; 2210.200;  200.925;    0.000
288.116; 2168.200;  199.925;    0.000
288.180; 2198.200;  211.925;    0.000
288.245; 2145.200;  182.925;    0.000
288.309; 2154.200;  180.925;    0.000
288.374; 2165.200;  196.925;    0.000
288.439; 2208.200;  187.925;    0.000
288.503; 2123.200;  159.925;    0.000
288.568; 2185.200;  207.925;    0.000
288.632; 2151.200;  210.925;    0.000
288.697; 2153.200;  196.925;    0.000
288.761; 2146.200;  175.925;    0.000
288.826; 2140.200;  159.925;    0.000
288.890; 2131.200;  183.925;    0.000
288.955; 2226.200;  149.925;    0.000
289.019; 2151.200;  194.925;    0.000
289.084; 2137.200;  171.925;    0.000
289.148; 2100.200;  191.925;    0.000
289.212; 2082.200;  217.925;    0.000
289.277; 2187.200;  196.925;    0.000
289.341; 2174.200;  211.925;    0.000
289.406; 2143.200;  165.925;    0.000
289.470; 2138.200;  197.925;    0.000
289.535; 2149.200;  208.925;    0.000
289.599; 2070.200;  192.925;    0.000
289.663; 2155.200;  169.925;    0.000
289.728; 2090.200;  168.925;    0.000
289.792; 2175.200;  192.925;    0.000
289.857; 2185.200;  202.925;    0.000
289.921; 2201.200;  176.925;    0.000
289.985; 2200.200;  164.925;    0.000
290.050; 2143.200;  166.925;    0.000
290.114; 2126.200;  192.925;    0.000
290.178; 2159.200;  155.925;    0.000
290.243; 2135.200;  158.925;    0.000
290.307; 2218.200;  192.925;    0.000
290.371; 2152.200;  161.925;    0.000
290.436; 2199.200;  182.925;    0.000
290.500; 2162.200;  147.925;    0.000
290.564; 2210.200;  209.925;    0.000
290.629; 2205.200;  172.925;    0.000
290.693; 2178.200;  192.925;    0.000
290.757; 2198.200;  147.925;    0.000
290.821; 2261.200;  139.925;    0.000
290.886; 2133.200;  186.925;    0.000
290.950; 2207.200;  196.925;    0.000
291.014; 2093.200;  166.925;    0.000
291.078; 2225.200;  143.925;    0.000
291.143; 2119.200;  171.925;    0.000
291.207; 2145.200;  187.925;    0.000
291.271; 2194.200;  208.925;    0.000
291.335; 2131.200;  195.925;    0.000
291.399; 2223.200;  139.925;    0.000
291.464; 2194.200;  139.925;    0.000
291.528; 2319.200;  183.925;    0.000
291.592; 2227.200;  152.925;    0.000
291.656; 2156.200;  155.925;    0.000
291.720; 2212.200;  191.925;    0.000
291.784; 2295.200;  185.925;    0.000
291.849; 2236.200;  175.925;    0.000
291.913; 2232.200;  152.925;    0.000
291.977; 2242.200;  203.925;    0.000
292.041; 2166.200;  181.925;    0.000
292.105; 2284.200;  168.925;    0.000
292.169; 2188.200;  133.925;    0.000
292.233; 2304.200;  156.925;    0.000
292.297; 2223.200;  173.925;    0.000
292.361; 2205.200;  124.925;    0.000
292.425; 2140.200;  138.925;    0.000
292.490; 2124.200;  110.925;    0.000
292.554; 2232.200;  180.925;    0.000
292.618; 2236.200;  178.925;    0.000
292.682; 2239.200;  156.925;    0.000
292.746; 2344.200;  151.925;    0.000
292.810; 2434.200;  183.925;    0.000
292.874; 2528.200;  156.925;    0.000
292.938; 2564.200;  195.925;    0.000
293.002; 2516.200;  200.925;    0.000
293.066; 2342.200;  171.925;    0.000
293.130; 2351.200;  163.925;    0.000
293.194; 2296.200;  174.925;    0.000
293.258; 2316.200;  167.925;    0.000
293.322; 2332.200;  212.925;    0.000
293.386; 2369.200;  189.925;    0.000
293.450; 2386.200;  169.925;    0.000
293.514; 2412.200;  175.925;    0.000
293.577; 2586.200;  169.925;    0.000
293.641; 2838.200;  186.925;    0.000
293.705; 2915.200;  222.925;    0.000
293.769; 2725.200;  150.925;    0.000
293.833; 2720.200;  165.925;    0.000
293.897; 2559.200;  152.925;    0.000
293.961; 2453.200;  179.925;    0.000
294.025; 2412.200;  159.925;    0.000
294.089; 2467.200;  181.925;    0.000
294.152; 2452.200;  188.925;    0.000
294.216; 2274.200;  170.925;    0.000
294.280; 2295.200;  167.925;    0.000
294.344; 2288.200;  151.925;    0.000
294.408; 2226.200;  180.925;    0.000
294.472; 2210.200;  144.925;    0.000
294.536; 2303.200;  171.925;    0.000
294.599; 2324.200;  157.925;    0.000
294.663; 2290.200;  139.925;    0.000
294.727; 2263.200;  208.925;    0.000
294.791; 2197.200;  152.925;    0.000
294.855; 2234.200;  181.925;    0.000
294.918; 2188.200;  136.925;    0.000
294.982; 2215.200;  155.925;    0.000
295.046; 2184.200;  200.925;    0.000
295.110; 2167.200;  190.925;    0.000
295.173; 2207.200;  156.925;    0.000
295.237; 2230.200;  160.925;    0.000
295.301; 2260.200;  145.925;    0.000
295.364; 2320.200;  166.925;    0.000
295.428; 2240.200;  125.925;    0.000
295.492; 2164.200;  154.925;    0.000
295.556; 2281.200;  172.925;    0.000
295.619; 2270.200;  210.925;    0.000
295.683; 2268.200;  181.925;    0.000
295.747; 2212.200;  176.925;    0.000
295.810; 2244.200;  181.925;    0.000
295.874; 2153.200;  160.925;    0.000
295.938; 2223.200;  119.925;    0.000
296.001; 2130.200;  206.925;    0.000
296.065; 2148.200;  136.925;    0.000
296.128; 2184.200;  156.925;    0.000
296.192; 2237.200;  174.925;    0.000
296.256; 2068.200;  145.925;    0.000
296.319; 2171.200;  167.925;    0.000
296.383; 2110.200;  168.925;    0.000
296.447; 2146.200;  190.925;    0.000
296.510; 2263.200;  165.925;    0.000
296.574; 2100.200;  184.925;    0.000
296.637; 2146.200;  155.925;    0.000
296.701; 2119.200;  168.925;    0.000
296.764; 2059.200;  161.925;    0.000
296.828; 2154.200;  218.925;    0.000
296.891; 2128.200;  176.925;    0.000
296.955; 2157.200;  169.925;    0.000
297.018; 2106.200;  168.925;    0.000
297.082; 2108.200;  176.925;    0.000
297.145; 2137.200;  171.925;    0.000
297.209; 2014.200;  196.925;    0.000
297.272; 2097.200;  170.925;    0.000
297.336; 2139.200;  156.925;    0.000
297.399; 2098.200;  168.925;    0.000
297.463; 2089.200;  203.925;    0.000
297.526; 2059.200;  164.925;    0.000
297.590; 2159.200;  175.925;    0.000
297.653; 2116.200;  170.925;    0.000
297.717; 2143.200;  156.925;    0.000
297.780; 2131.200;  149.925;    0.000
297.843; 2090.200;  156.925;    0.000
297.907; 2040.200;  129.925;    0.000
297.970; 2134.200;  163.925;    0.000
298.034; 2072.200;  162.925;    0.000
298.097; 2120.200;  182.925;    0.000
298.160; 2091.200;  194.925;    0.000
298.224; 2016.200;  178.925;    0.000
298.287; 2083.200;  147.925;    0.000
298.350; 2122.200;  187.925;    0.000
298.414; 2056.200;  193.925;    0.000
298.477; 2008.200;  127.925;    0.000
298.540; 2080.200;  181.925;    0.000
298.604; 2140.200;  163.925;    0.000
298.667; 2021.200;  177.925;    0.000
298.730; 2050.200;  192.925;    0.000
298.794; 2016.200;  183.925;    0.000
298.857; 2056.200;  194.925;    0.000
298.920; 2028.200;  147.925;    0.000
298.984; 2029.200;  184.925;    0.000
299.047; 2025.200;  218.925;    0.000
299.110; 1968.200;  171.925;    0.000
299.173; 1964.200;  177.925;    0.000
299.237; 1942.200;  181.925;    0.000
299.300; 1995.200;  170.925;    0.000
299.363; 1889.200;  185.925;    0.000
299.426; 1950.200;  193.925;    0.000
299.489; 1908.200;  184.925;    0.000
299.553; 1921.200;  194.925;    0.000
299.616; 2056.200;  171.925;    0.000
299.679; 1943.200;  182.925;    0.000
299.742; 1829.200;  138.925;    0.000
299.805; 1940.200;  172.925;    0.000
299.868; 1883.200;  191.925;    0.000
299.932; 1810.200;  193.925;    0.000
299.995; 1968.200;  201.925;    0.000
300.058; 1881.200;  177.925;    0.000
300.121; 1842.200;  178.925;    0.000
300.184; 1848.200;  171.925;    0.000
300.247; 1873.200;  184.925;    0.000
300.310; 1814.200;  200.925;    0.000
300.374; 1877.200;  172.925;    0.000
300.437; 1877.200;  187.925;    0.000
300.500; 1836.200;  211.925;    0.000
300.563; 1901.200;  190.925;    0.000
300.626; 1851.200;  196.925;    0.000
300.689; 1839.200;  162.925;    0.000
300.752; 1853.200;  163.925;    0.000
300.815; 1844.200;  207.925;    0.000
300.878; 1763.200;  221.925;    0.000
300.941; 1828.200;  176.925;    0.000
301.004; 1854.200;  193.925;    0.000
301.067; 1839.200;  165.925;    0.000
301.130; 1824.200;  179.925;    0.000
301.193; 1752.200;  196.925;    0.000
301.256; 1864.200;  210.925;    0.000
301.319; 1815.200;  196.925;    0.000
301.382; 1836.200;  162.925;    0.000
301.445; 1782.200;  233.925;    0.000
301.508; 1876.200;  176.925;    0.000
301.571; 1800.200;  185.925;    0.000
301.634; 1832.200;  202.925;    0.000
301.697; 1784.200;  189.925;    0.000
301.760; 1869.200;  224.925;    0.000
301.823; 1852.200;  212.925;    0.000
301.885; 1818.200;  196.925;    0.000
301.948; 1824.200;  169.925;    0.000
302.011; 1746.200;  160.925;    0.000
302.074; 1907.200;  202.925;    0.000
302.137; 1840.200;  130.925;    0.000
302.200; 1807.200;  188.925;    0.000
302.263; 1812.200;  196.925;    0.000
302.326; 1837.200;  172.925;    0.000
302.388; 1882.200;  197.925;    0.000
302.451; 1852.200;  203.925;    0.000
302.514; 1824.200;  164.925;    0.000
302.577; 1806.200;  170.925;    0.000
302.640; 1731.200;  156.925;    0.000
302.703; 1807.200;  188.925;    0.000
302.765; 1724.200;  213.925;    0.000
302.828; 1826.200;  212.925;    0.000
302.891; 1835.200;  203.925;    0.000
302.954; 1776.200;  148.925;    0.000
303.016; 1774.200;  168.925;    0.000
303.079; 1792.200;  206.925;    0.000
303.142; 1749.200;  210.925;    0.000
303.205; 1856.200;  189.925;    0.000
303.267; 1870.200;  174.925;    0.000
303.330; 1837.200;  198.925;    0.000
303.393; 1774.200;  207.925;    0.000
303.456; 1849.200;  177.925;    0.000
303.518; 1780.200;  192.925;    0.000
303.581; 1757.200;  171.925;    0.000
303.644; 1795.200;  193.925;    0.000
303.706; 1773.200;  185.925;    0.000
303.769; 1797.200;  198.925;    0.000
303.832; 1780.200;  192.925;    0.000
303.894; 1861.200;  199.925;    0.000
303.957; 1800.200;  160.925;    0.000
304.020; 1895.200;  184.925;    0.000
304.082; 1795.200;  191.925;    0.000
304.145; 1874.200;  216.925;    0.000
304.207; 1829.200;  175.925;    0.000
304.270; 1832.200;  192.925;    0.000
304.333; 1836.200;  218.925;    0.000
304.395; 1888.200;  195.925;    0.000
304.458; 1859.200;  206.925;    0.000
304.520; 1877.200;  229.925;    0.000
304.583; 1874.200;  202.925;    0.000
304.646; 1782.200;  159.925;    0.000
304.708; 1784.200;  167.925;    0.000
304.771; 1842.200;  141.925;    0.000
304.833; 1831.200;  184.925;    0.000
304.896; 1769.200;  197.925;    0.000
304.958; 1883.200;  179.925;    0.000
305.021; 1782.200;  175.925;    0.000
305.083; 1897.200;  182.925;    0.000
305.146; 1920.200;  182.925;    0.000
305.208; 1787.200;  174.925;    0.000
305.271; 1828.200;  157.925;    0.000
305.333; 1853.200;  185.925;    0.000
305.396; 1915.200;  199.925;    0.000
305.458; 1886.200;  203.925;    0.000
305.520; 1930.200;  195.925;    0.000
305.583; 1826.200;  152.925;    0.000
305.645; 1835.200;  200.925;    0.000
305.708; 1898.200;  149.925;    0.000
305.770; 1905.200;  211.925;    0.000
305.833; 1903.200;  189.925;    0.000
305.895; 1873.200;  200.925;    0.000
305.957; 1902.200;  166.925;    0.000
306.020; 1921.200;  186.925;    0.000
306.082; 1793.200;  197.925;    0.000
306.144; 1944.200;  200.925;    0.000
306.207; 1765.200;  180.925;    0.000
306.269; 1941.200;  209.925;    0.000
306.331; 1785.200;  205.925;    0.000
306.394; 1945.200;  176.925;    0.000
306.456; 1772.200;  184.925;    0.000
306.518; 1839.200;  210.925;    0.000
306.581; 1805.200;  162.925;    0.000
306.643; 1829.200;  196.925;    0.000
306.705; 1877.200;  204.925;    0.000
306.768; 1900.200;  158.925;    0.000
306.830; 1938.200;  205.925;    0.000
306.892; 1907.200;  189.925;    0.000
306.954; 1933.200;  188.925;    0.000
307.017; 1921.200;  180.925;    0.000
307.079; 1852.200;  197.925;    0.000
307.141; 1911.200;  184.925;    0.000
307.203; 1860.200;  182.925;    0.000
307.266; 1899.200;  166.925;    0.000
307.328; 1867.200;  186.925;    0.000
307.390; 1902.200;  176.925;    0.000
307.452; 1844.200;  194.925;    0.000
307.514; 1970.200;  225.925;    0.000
307.577; 1908.200;  209.925;    0.000
307.639; 1984.200;  203.925;    0.000
307.701; 1913.200;  214.925;    0.000
307.763; 2028.200;  203.925;    0.000
307.825; 1953.200;  202.925;    0.000
307.887; 1970.200;  244.925;    0.000
307.949; 1940.200;  173.925;    0.000
308.012; 1997.200;  219.925;    0.000
308.074; 1954.200;  157.925;    0.000
308.136; 1997.200;  215.925;    0.000
308.198; 1955.200;  186.925;    0.000
308.260; 1974.200;  186.925;    0.000
308.322; 1981.200;  201.925;    0.000
308.384; 1991.200;  218.925;    0.000
308.446; 1935.200;  159.925;    0.000
308.508; 2050.200;  191.925;    0.000
308.570; 2013.200;  185.925;    0.000
308.632; 2067.200;  208.925;    0.000
308.694; 2020.200;  161.925;    0.000
308.756; 2010.200;  169.925;    0.000
308.818; 2087.200;  187.925;    0.000
308.880; 2021.200;  192.925;    0.000
308.942; 2070.200;  194.925;    0.000
309.004; 2108.200;  206.925;    0.000
309.066; 2131.200;  204.925;    0.000
309.128; 2148.200;  181.925;    0.000
309.190; 2185.200;  166.925;    0.000
309.252; 2211.200;  213.925;    0.000
309.314; 2192.200;  249.925;    0.000
309.376; 2128.200;  238.925;    0.000
309.438; 2032.200;  206.925;    0.000
309.500; 2153.200;  185.925;    0.000
309.562; 2122.200;  214.925;    0.000
309.624; 2044.200;  216.925;    0.000
309.686; 2112.200;  197.925;    0.000
309.747; 2012.200;  171.925;    0.000
309.809; 1981.200;  198.925;    0.000
309.871; 2075.200;  185.925;    0.000
309.933; 2006.200;  172.925;    0.000
309.995; 2040.200;  168.925;    0.000
310.057; 1946.200;  177.925;    0.000
310.119; 2075.200;  207.925;    0.000
310.180; 2020.200;  180.925;    0.000
310.242; 1929.200;  202.925;    0.000
310.304; 2012.200;  200.925;    0.000
310.366; 1979.200;  222.925;    0.000
310.428; 1930.200;  179.925;    0.000
310.489; 1978.200;  196.925;    0.000
310.551; 1993.200;  203.925;    0.000
310.613; 1960.200;  198.925;    0.000
310.675; 1908.200;  203.925;    0.000
310.737; 1961.200;  195.925;    0.000
310.798; 2007.200;  204.925;    0.000
310.860; 1949.200;  195.925;    0.000
310.922; 1942.200;  195.925;    0.000
310.983; 1976.200;  225.925;    0.000
311.045; 1921.200;  203.925;    0.000
311.107; 1930.200;  194.925;    0.000
311.169; 1965.200;  185.925;    0.000
311.230; 2011.200;  175.925;    0.000
311.292; 1942.200;  220.925;    0.000
311.354; 1929.200;  189.925;    0.000
311.415; 1981.200;  187.925;    0.000
311.477; 1949.200;  180.925;    0.000
311.539; 1952.200;  175.925;    0.000
311.600; 1987.200;  192.925;    0.000
311.662; 2019.200;  212.925;    0.000
311.724; 1995.200;  217.925;    0.000
311.785; 1971.200;  218.925;    0.000
311.847; 1990.200;  219.925;    0.000
311.908; 1934.200;  202.925;    0.000
311.970; 2038.200;  186.925;    0.000
312.032; 2054.200;  212.925;    0.000
312.093; 2028.200;  203.925;    0.000
312.155; 2011.200;  165.925;    0.000
312.216; 1997.200;  183.925;    0.000
312.278; 2031.200;  167.925;    0.000
312.339; 2015.200;  190.925;    0.000
312.401; 2056.200;  219.925;    0.000
312.462; 2008.200;  190.925;    0.000
312.524; 2029.200;  203.925;    0.000
312.585; 2074.200;  191.925;    0.000
312.647; 2020.200;  197.925;    0.000
312.708; 2016.200;  203.925;    0.000
312.770; 2090.200;  203.925;    0.000
312.831; 2095.200;  155.925;    0.000
312.893; 2089.200;  189.925;    0.000
312.954; 2166.200;  212.925;    0.000
313.016; 2110.200;  179.925;    0.000
313.077; 2063.200;  209.925;    0.000
313.139; 2008.200;  185.925;    0.000
313.200; 2073.200;  180.925;    0.000
313.261; 2137.200;  220.925;    0.000
313.323; 2061.200;  171.925;    0.000
313.384; 2080.200;  180.925;    0.000
313.446; 2110.200;  202.925;    0.000
313.507; 2089.200;  172.925;    0.000
313.568; 2123.200;  192.925;    0.000
313.630; 2155.200;  191.925;    0.000
313.691; 2132.200;  176.925;    0.000
313.752; 2121.200;  175.925;    0.000
313.814; 2023.200;  202.925;    0.000
313.875; 2098.200;  186.925;    0.000
313.936; 2042.200;  199.925;    0.000
313.998; 2016.200;  164.925;    0.000
314.059; 2065.200;  159.925;    0.000
314.120; 2116.200;  175.925;    0.000
314.182; 2099.200;  181.925;    0.000
314.243; 2093.200;  157.925;    0.000
314.304; 2124.200;  168.925;    0.000
314.365; 2125.200;  203.925;    0.000
314.427; 2058.200;  151.925;    0.000
314.488; 2086.200;  174.925;    0.000
314.549; 2075.200;  184.925;    0.000
314.610; 2070.200;  198.925;    0.000
314.672; 2097.200;  193.925;    0.000
314.733; 2129.200;  171.925;    0.000
314.794; 2059.200;  141.925;    0.000
314.855; 2136.200;  184.925;    0.000
314.917; 2019.200;  175.925;    0.000
314.978; 2105.200;  190.925;    0.000
315.039; 2045.200;  183.925;    0.000
315.100; 2074.200;  204.925;    0.000
315.161; 2040.200;  202.925;    0.000
315.222; 2114.200;  177.925;    0.000
315.283; 2059.200;  191.925;    0.000
315.345; 2095.200;  185.925;    0.000
315.406; 2119.200;  194.925;    0.000
315.467; 2022.200;  167.925;    0.000
315.528; 2031.200;  174.925;    0.000
315.589; 2052.200;  197.925;    0.000
315.650; 2036.200;  192.925;    0.000
315.711; 2038.200;  181.925;    0.000
315.772; 2051.200;  157.925;    0.000
315.833; 2062.200;  189.925;    0.000
315.894; 2070.200;  184.925;    0.000
315.955; 2012.200;  202.925;    0.000
316.016; 2083.200;  220.925;    0.000
316.078; 2042.200;  180.925;    0.000
316.139; 2101.200;  240.925;    0.000
316.200; 2041.200;  190.925;    0.000
316.261; 2078.200;  179.925;    0.000
316.322; 2066.200;  176.925;    0.000
316.383; 2101.200;  188.925;    0.000
316.444; 2137.200;  228.925;    0.000
316.504; 2061.200;  199.925;    0.000
316.565; 2023.200;  221.925;    0.000
316.626; 1973.200;  204.925;    0.000
316.687; 1971.200;  192.925;    0.000
316.748; 2045.200;  220.925;    0.000
316.809; 2061.200;  175.925;    0.000
316.870; 2032.200;  164.925;    0.000
316.931; 2071.200;  208.925;    0.000
316.992; 2102.200;  224.925;    0.000
317.053; 2017.200;  204.925;    0.000
317.114; 2071.200;  199.925;    0.000
317.175; 2034.200;  230.925;    0.000
317.235; 2108.200;  186.925;    0.000
317.296; 2103.200;  224.925;    0.000
317.357; 2041.200;  154.925;    0.000
317.418; 2000.200;  219.925;    0.000
317.479; 2061.200;  229.925;    0.000
317.540; 2026.200;  201.925;    0.000
317.601; 2024.200;  180.925;    0.000
317.661; 2003.200;  179.925;    0.000
317.722; 2108.200;  193.925;    0.000
317.783; 2051.200;  164.925;    0.000
317.844; 2099.200;  232.925;    0.000
317.904; 2070.200;  222.925;    0.000
317.965; 2080.200;  199.925;    0.000
318.026; 1978.200;  200.925;    0.000
318.087; 2082.200;  182.925;    0.000
318.148; 2036.200;  216.925;    0.000
318.208; 1963.200;  239.925;    0.000
318.269; 2038.200;  163.925;    0.000
318.330; 2071.200;  204.925;    0.000
318.390; 1977.200;  191.925;    0.000
318.451; 2080.200;  200.925;    0.000
318.512; 2040.200;  181.925;    0.000
318.572; 1977.200;  233.925;    0.000
318.633; 2064.200;  220.925;    0.000
318.694; 2063.200;  179.925;    0.000
318.754; 2016.200;  214.925;    0.000
318.815; 2086.200;  214.925;    0.000
318.876; 2083.200;  220.925;    0.000
318.936; 2060.200;  212.925;    0.000
318.997; 2114.200;  201.925;    0.000
319.058; 2126.200;  215.925;    0.000
319.118; 2063.200;  251.925;    0.000
319.179; 2000.200;  240.925;    0.000
319.239; 2122.200;  240.925;    0.000
319.300; 2067.200;  232.925;    0.000
319.361; 2025.200;  211.925;    0.000
319.421; 1960.200;  219.925;    0.000
319.482; 2056.200;  228.925;    0.000
319.542; 2049.200;  216.925;    0.000
319.603; 2020.200;  190.925;    0.000
319.663; 2067.200;  227.925;    0.000
319.724; 1942.200;  191.925;    0.000
319.784; 2038.200;  196.925;    0.000
319.845; 2107.200;  190.925;    0.000
319.905; 2084.200;  221.925;    0.000
319.966; 2112.200;  219.925;    0.000
320.026; 2067.200;  233.925;    0.000
320.087; 1929.200;  204.925;    0.000
320.147; 2018.200;  189.925;    0.000
320.208; 2036.200;  200.925;    0.000
320.268; 1996.200;  217.925;    0.000
320.329; 2044.200;  216.925;    0.000
320.389; 2049.200;  228.925;    0.000
320.449; 1967.200;  236.925;    0.000
320.510; 1998.200;  234.925;    0.000
320.570; 2120.200;  176.925;    0.000
320.631; 2020.200;  228.925;    0.000
320.691; 2029.200;  228.925;    0.000
320.751; 1966.200;  188.925;    0.000
320.812; 2019.200;  223.925;    0.000
320.872; 2076.200;  268.925;    0.000
320.932; 2120.200;  226.925;    0.000
320.993; 2047.200;  216.925;    0.000
321.053; 2083.200;  236.925;    0.000
321.113; 2022.200;  197.925;    0.000
321.174; 2080.200;  218.925;    0.000
321.234; 2126.200;  229.925;    0.000
321.294; 2090.200;  208.925;    0.000
321.355; 2036.200;  248.925;    0.000
321.415; 2033.200;  218.925;    0.000
321.475; 1994.200;  173.925;    0.000
321.535; 1991.200;  234.925;    0.000
321.596; 2029.200;  202.925;    0.000
321.656; 2010.200;  246.925;    0.000
321.716; 2013.200;  235.925;    0.000
321.776; 2059.200;  210.925;    0.000
321.837; 2082.200;  217.925;    0.000
321.897; 1949.200;  215.925;    0.000
321.957; 2099.200;  239.925;    0.000
322.017; 1975.200;  173.925;    0.000
322.077; 2054.200;  263.925;    0.000
322.138; 2027.200;  232.925;    0.000
322.198; 2061.200;  211.925;    0.000
322.258; 2030.200;  213.925;    0.000
322.318; 1952.200;  168.925;    0.000
322.378; 1979.200;  251.925;    0.000
322.438; 1918.200;  212.925;    0.000
322.499; 1999.200;  265.925;    0.000
322.559; 2049.200;  210.925;    0.000
322.619; 1976.200;  242.925;    0.000
322.679; 2004.200;  229.925;    0.000
322.739; 1983.200;  216.925;    0.000
322.799; 2016.200;  238.925;    0.000
322.859; 1991.200;  249.925;    0.000
322.919; 1964.200;  211.925;    0.000
322.979; 2020.200;  244.925;    0.000
323.039; 2018.200;  226.925;    0.000
323.099; 2034.200;  223.925;    0.000
323.159; 2004.200;  232.925;    0.000
323.219; 2008.200;  203.925;    0.000
323.279; 2060.200;  218.925;    0.000
323.339; 1953.200;  231.925;    0.000
323.399; 2071.200;  255.925;    0.000
323.459; 2060.200;  244.925;    0.000
323.519; 2058.200;  213.925;    0.000
323.579; 1932.200;  193.925;    0.000
323.639; 2051.200;  191.925;    0.000
323.699; 1954.200;  199.925;    0.000
323.759; 2068.200;  246.925;    0.000
323.819; 1983.200;  206.925;    0.000
323.879; 2050.200;  238.925;    0.000
323.939; 1990.200;  229.925;    0.000
323.999; 1991.200;  219.925;    0.000
324.059; 2058.200;  177.925;    0.000
324.119; 2068.200;  235.925;    0.000
324.178; 1999.200;  211.925;    0.000
324.238; 2055.200;  168.925;    0.000
324.298; 2000.200;  205.925;    0.000
324.358; 1961.200;  224.925;    0.000
324.418; 2006.200;  235.925;    0.000
324.478; 2044.200;  187.925;    0.000
324.538; 2018.200;  230.925;    0.000
324.597; 2022.200;  206.925;    0.000
324.657; 1913.200;  180.925;    0.000
324.717; 2003.200;  175.925;    0.000
324.777; 1872.200;  169.925;    0.000
324.837; 1991.200;  165.925;    0.000
324.896; 2071.200;  205.925;    0.000
324.956; 2075.200;  216.925;    0.000
325.016; 1988.200;  197.925;    0.000
325.076; 1936.200;  220.925;    0.000
325.135; 2004.200;  242.925;    0.000
325.195; 2080.200;  186.925;    0.000
325.255; 1950.200;  160.925;    0.000
325.315; 1928.200;  198.925;    0.000
325.374; 2004.200;  208.925;    0.000
325.434; 2042.200;  209.925;    0.000
325.494; 1960.200;  191.925;    0.000
325.553; 1933.200;  190.925;    0.000
325.613; 2068.200;  229.925;    0.000
325.673; 2022.200;  172.925;    0.000
325.732; 1977.200;  160.925;    0.000
325.792; 2008.200;  177.925;    0.000
325.852; 1971.200;  201.925;    0.000
325.911; 2020.200;  226.925;    0.000
325.971; 2009.200;  224.925;    0.000
326.031; 2085.200;  202.925;    0.000
326.090; 1990.200;  232.925;    0.000
326.150; 2014.200;  230.925;    0.000
326.209; 1972.200;  201.925;    0.000
326.269; 1987.200;  202.925;    0.000
326.328; 1939.200;  203.925;    0.000
326.388; 1879.200;  194.925;    0.000
326.448; 1991.200;  233.925;    0.000
326.507; 2000.200;  192.925;    0.000
326.567; 1974.200;  163.925;    0.000
326.626; 1944.200;  227.925;    0.000
326.686; 1948.200;  177.925;    0.000
326.745; 1984.200;  210.925;    0.000
326.805; 2052.200;  198.925;    0.000
326.864; 1993.200;  185.925;    0.000
326.924; 2030.200;  255.925;    0.000
326.983; 1934.200;  208.925;    0.000
327.043; 1988.200;  241.925;    0.000
327.102; 2040.200;  183.925;    0.000
327.161; 1909.200;  210.925;    0.000
327.221; 2005.200;  213.925;    0.000
327.280; 1961.200;  194.925;    0.000
327.340; 1958.200;  212.925;    0.000
327.399; 1982.200;  209.925;    0.000
327.459; 1991.200;  229.925;    0.000
327.518; 1981.200;  196.925;    0.000
327.577; 1961.200;  197.925;    0.000
327.637; 2001.200;  210.925;    0.000
327.696; 1959.200;  196.925;    0.000
327.755; 1972.200;  216.925;    0.000
327.815; 1927.200;  240.925;    0.000
327.874; 2021.200;  250.925;    0.000
327.933; 1959.200;  229.925;    0.000
327.993; 2024.200;  202.925;    0.000
328.052; 1970.200;  178.925;    0.000
328.111; 1984.200;  230.925;    0.000
328.171; 1997.200;  207.925;    0.000
328.230; 1994.200;  170.925;    0.000
328.289; 2006.200;  205.925;    0.000
328.349; 1997.200;  235.925;    0.000
328.408; 1986.200;  231.925;    0.000
328.467; 2011.200;  217.925;    0.000
328.526; 2065.200;  239.925;    0.000
328.586; 1989.200;  214.925;    0.000
328.645; 1967.200;  205.925;    0.000
328.704; 2043.200;  211.925;    0.000
328.763; 1930.200;  208.925;    0.000
328.822; 2011.200;  251.925;    0.000
328.882; 2019.200;  211.925;    0.000
328.941; 2046.200;  232.925;    0.000
329.000; 2090.200;  235.925;    0.000
329.059; 1977.200;  222.925;    0.000
329.118; 1998.200;  265.925;    0.000
329.177; 2030.200;  237.925;    0.000
329.237; 2111.200;  258.925;    0.000
329.296; 2039.200;  225.925;    0.000
329.355; 2035.200;  227.925;    0.000
329.414; 2023.200;  212.925;    0.000
329.473; 2101.200;  250.925;    0.000
329.532; 2068.200;  263.925;    0.000
329.591; 2050.200;  212.925;    0.000
329.650; 2120.200;  219.925;    0.000
329.709; 2160.200;  218.925;    0.000
329.768; 2213.200;  195.925;    0.000
329.827; 2312.200;  223.925;    0.000
329.886; 2263.200;  230.925;    0.000
329.945; 2508.200;  211.925;    0.000
330.004; 2582.200;  247.925;    0.000
330.063; 2723.200;  193.925;    0.000
330.122; 3072.200;  229.925;    0.000
330.181; 3332.200;  223.925;    0.000
330.240; 3440.200;  199.925;    0.000
330.299; 3045.200;  211.925;    0.000
330.358; 2714.200;  198.925;    0.000
330.417; 2432.200;  190.925;    0.000
330.476; 2380.200;  237.925;    0.000
330.535; 2218.200;  239.925;    0.000
330.594; 2129.200;  207.925;    0.000
330.653; 2129.200;  193.925;    0.000
330.712; 2056.200;  225.925;    0.000
330.771; 2062.200;  236.925;    0.000
330.830; 2007.200;  219.925;    0.000
330.889; 2053.200;  211.925;    0.000
330.948; 2009.200;  194.925;    0.000
331.006; 1956.200;  190.925;    0.000
331.065; 2035.200;  192.925;    0.000
331.124; 1976.200;  195.925;    0.000
331.183; 1875.200;  191.925;    0.000
331.242; 1909.200;  203.925;    0.000
331.301; 1918.200;  183.925;    0.000
331.359; 2012.200;  196.925;    0.000
331.418; 1856.200;  209.925;    0.000
331.477; 1926.200;  255.925;    0.000
331.536; 1907.200;  237.925;    0.000
331.595; 1865.200;  217.925;    0.000
331.653; 1898.200;  198.925;    0.000
331.712; 1872.200;  194.925;    0.000
331.771; 1941.200;  229.925;    0.000
331.830; 1876.200;  254.925;    0.000
331.888; 1873.200;  218.925;    0.000
331.947; 1833.200;  211.925;    0.000
332.006; 1922.200;  261.925;    0.000
332.065; 1847.200;  204.925;    0.000
332.123; 1950.200;  225.925;    0.000
332.182; 1857.200;  193.925;    0.000
332.241; 1875.200;  201.925;    0.000
332.299; 1835.200;  182.925;    0.000
332.358; 1946.200;  244.925;    0.000
332.417; 1881.200;  218.925;    0.000
332.475; 1915.200;  218.925;    0.000
332.534; 1910.200;  228.925;    0.000
332.592; 1926.200;  199.925;    0.000
332.651; 1935.200;  204.925;    0.000
332.710; 1929.200;  217.925;    0.000
332.768; 1920.200;  195.925;    0.000
332.827; 1911.200;  182.925;    0.000
332.885; 1917.200;  247.925;    0.000
332.944; 1936.200;  170.925;    0.000
333.003; 2019.200;  200.925;    0.000
333.061; 1908.200;  243.925;    0.000
333.120; 1918.200;  235.925;    0.000
333.178; 1961.200;  195.925;    0.000
333.237; 1916.200;  217.925;    0.000
333.295; 2082.200;  252.925;    0.000
333.354; 1946.200;  201.925;    0.000
333.412; 1975.200;  181.925;    0.000
333.471; 1963.200;  239.925;    0.000
333.529; 1988.200;  214.925;    0.000
333.588; 2029.200;  232.925;    0.000
333.646; 2023.200;  202.925;    0.000
333.705; 2030.200;  232.925;    0.000
333.763; 2120.200;  215.925;    0.000
333.822; 2068.200;  187.925;    0.000
333.880; 2051.200;  186.925;    0.000
333.938; 1908.200;  185.925;    0.000
333.997; 2015.200;  234.925;    0.000
334.055; 2038.200;  255.925;    0.000
334.114; 2032.200;  225.925;    0.000
334.172; 1904.200;  209.925;    0.000
334.230; 1916.200;  194.925;    0.000
334.289; 1964.200;  213.925;    0.000
334.347; 2001.200;  235.925;    0.000
334.405; 1934.200;  242.925;    0.000
334.464; 1962.200;  208.925;    0.000
334.522; 1988.200;  197.925;    0.000
334.580; 2024.200;  204.925;    0.000
334.639; 1923.200;  217.925;    0.000
334.697; 1927.200;  183.925;    0.000
334.755; 1941.200;  196.925;    0.000
334.814; 1962.200;  216.925;    0.000
334.872; 1894.200;  190.925;    0.000
334.930; 1900.200;  162.925;    0.000
334.988; 1958.200;  261.925;    0.000
335.047; 1933.200;  220.925;    0.000
335.105; 1927.200;  190.925;    0.000
335.163; 1981.200;  201.925;    0.000
335.221; 1968.200;  213.925;    0.000
335.280; 1947.200;  202.925;    0.000
335.338; 1913.200;  210.925;    0.000
335.396; 1896.200;  255.925;    0.000
335.454; 1907.200;  216.925;    0.000
335.512; 1898.200;  242.925;    0.000
335.570; 1976.200;  227.925;    0.000
335.629; 1985.200;  225.925;    0.000
335.687; 2014.200;  227.925;    0.000
335.745; 1974.200;  194.925;    0.000
335.803; 2049.200;  221.925;    0.000
335.861; 1994.200;  217.925;    0.000
335.919; 2045.200;  214.925;    0.000
335.977; 1959.200;  209.925;    0.000
336.035; 1965.200;  215.925;    0.000
336.094; 1929.200;  198.925;    0.000
336.152; 2041.200;  222.925;    0.000
336.210; 2041.200;  225.925;    0.000
336.268; 2072.200;  234.925;    0.000
336.326; 1955.200;  209.925;    0.000
336.384; 1971.200;  271.925;    0.000
336.442; 2019.200;  207.925;    0.000
336.500; 1969.200;  226.925;    0.000
336.558; 1896.200;  219.925;    0.000
336.616; 2024.200;  260.925;    0.000
336.674; 1996.200;  205.925;    0.000
336.732; 1900.200;  225.925;    0.000
336.790; 1967.200;  191.925;    0.000
336.848; 1948.200;  219.925;    0.000
336.906; 1918.200;  230.925;    0.000
336.964; 2036.200;  226.925;    0.000
337.022; 2070.200;  266.925;    0.000
337.080; 1964.200;  231.925;    0.000
337.138; 2000.200;  249.925;    0.000
337.195; 1971.200;  207.925;    0.000
337.253; 1958.200;  207.925;    0.000
337.311; 1935.200;  225.925;    0.000
337.369; 1992.200;  211.925;    0.000
337.427; 1926.200;  196.925;    0.000
337.485; 1972.200;  269.925;    0.000
337.543; 1953.200;  227.925;    0.000
337.601; 1954.200;  260.925;    0.000
337.658; 1966.200;  237.925;    0.000
337.716; 1987.200;  222.925;    0.000
337.774; 1902.200;  256.925;    0.000
337.832; 1891.200;  223.925;    0.000
337.890; 1863.200;  188.925;    0.000
337.947; 1977.200;  212.925;    0.000
338.005; 1968.200;  217.925;    0.000
338.063; 1923.200;  200.925;    0.000
338.121; 1964.200;  217.925;    0.000
338.178; 1854.200;  236.925;    0.000
338.236; 1943.200;  218.925;    0.000
338.294; 1906.200;  238.925;    0.000
338.352; 1938.200;  266.925;    0.000
338.409; 1892.200;  240.925;    0.000
338.467; 1817.200;  210.925;    0.000
338.525; 1938.200;  255.925;    0.000
338.583; 1891.200;  239.925;    0.000
338.640; 1911.200;  243.925;    0.000
338.698; 1844.200;  204.925;    0.000
338.756; 1827.200;  219.925;    0.000
338.813; 1917.200;  227.925;    0.000
338.871; 1952.200;  227.925;    0.000
338.928; 1982.200;  211.925;    0.000
338.986; 1874.200;  254.925;    0.000
339.044; 1972.200;  207.925;    0.000
339.101; 1901.200;  229.925;    0.000
339.159; 1836.200;  237.925;    0.000
339.216; 1883.200;  231.925;    0.000
339.274; 1919.200;  301.925;    0.000
339.332; 1868.200;  259.925;    0.000
339.389; 1809.200;  258.925;    0.000
339.447; 1918.200;  226.925;    0.000
339.504; 1908.200;  229.925;    0.000
339.562; 1874.200;  244.925;    0.000
339.619; 1960.200;  265.925;    0.000
339.677; 1831.200;  253.925;    0.000
339.734; 1819.200;  191.925;    0.000
339.792; 1812.200;  238.925;    0.000
339.849; 1871.200;  236.925;    0.000
339.907; 1918.200;  254.925;    0.000
339.964; 1886.200;  196.925;    0.000
340.022; 1932.200;  247.925;    0.000
340.079; 1842.200;  275.925;    0.000
340.137; 1988.200;  248.925;    0.000
340.194; 1929.200;  263.925;    0.000
340.252; 1879.200;  266.925;    0.000
340.309; 1896.200;  211.925;    0.000
340.366; 1815.200;  237.925;    0.000
340.424; 1830.200;  260.925;    0.000
340.481; 1919.200;  255.925;    0.000
340.538; 1802.200;  235.925;    0.000
340.596; 1808.200;  225.925;    0.000
340.653; 1882.200;  230.925;    0.000
340.711; 1929.200;  272.925;    0.000
340.768; 1900.200;  253.925;    0.000
340.825; 1915.200;  201.925;    0.000
340.883; 1918.200;  232.925;    0.000
340.940; 1887.200;  247.925;    0.000
340.997; 1905.200;  244.925;    0.000
341.054; 1800.200;  244.925;    0.000
341.112; 1836.200;  258.925;    0.000
341.169; 1869.200;  238.925;    0.000
341.226; 1834.200;  213.925;    0.000
341.284; 1903.200;  240.925;    0.000
341.341; 1828.200;  194.925;    0.000
341.398; 1874.200;  191.925;    0.000
341.455; 1885.200;  227.925;    0.000
341.512; 1829.200;  238.925;    0.000
341.570; 1948.200;  236.925;    0.000
341.627; 1886.200;  241.925;    0.000
341.684; 1837.200;  225.925;    0.000
341.741; 1895.200;  299.925;    0.000
341.798; 1881.200;  265.925;    0.000
341.856; 1842.200;  230.925;    0.000
341.913; 1989.200;  234.925;    0.000
341.970; 1927.200;  260.925;    0.000
342.027; 1892.200;  255.925;    0.000
342.084; 1909.200;  260.925;    0.000
342.141; 1879.200;  263.925;    0.000
342.198; 1947.200;  245.925;    0.000
342.255; 1922.200;  210.925;    0.000
342.313; 1938.200;  251.925;    0.000
342.370; 1903.200;  234.925;    0.000
342.427; 1928.200;  249.925;    0.000
342.484; 1818.200;  254.925;    0.000
342.541; 1879.200;  229.925;    0.000
342.598; 1857.200;  255.925;    0.000
342.655; 1876.200;  225.925;    0.000
342.712; 1902.200;  224.925;    0.000
342.769; 1917.200;  215.925;    0.000
342.826; 1902.200;  240.925;    0.000
342.883; 1875.200;  233.925;    0.000
342.940; 1860.200;  212.925;    0.000
342.997; 1875.200;  236.925;    0.000
343.054; 1883.200;  255.925;    0.000
343.111; 1867.200;  228.925;    0.000
343.168; 1830.200;  230.925;    0.000
343.225; 1902.200;  258.925;    0.000
343.282; 1990.200;  202.925;    0.000
343.339; 1936.200;  253.925;    0.000
343.395; 1928.200;  232.925;    0.000
343.452; 1983.200;  253.925;    0.000
343.509; 1915.200;  213.925;    0.000
343.566; 2057.200;  259.925;    0.000
343.623; 1968.200;  244.925;    0.000
343.680; 1986.200;  232.925;    0.000
343.737; 1936.200;  222.925;    0.000
343.794; 2036.200;  204.925;    0.000
343.850; 2057.200;  249.925;    0.000
343.907; 2022.200;  212.925;    0.000
343.964; 2017.200;  226.925;    0.000
344.021; 2036.200;  251.925;    0.000
344.078; 2006.200;  246.925;    0.000
344.134; 2121.200;  218.925;    0.000
344.191; 2053.200;  244.925;    0.000
344.248; 2029.200;  211.925;    0.000
344.305; 2012.200;  221.925;    0.000
344.361; 1971.200;  247.925;    0.000
344.418; 2037.200;  265.925;    0.000
344.475; 1905.200;  254.925;    0.000
344.532; 2037.200;  233.925;    0.000
344.588; 2050.200;  236.925;    0.000
344.645; 2014.200;  249.925;    0.000
344.702; 2037.200;  220.925;    0.000
344.758; 2031.200;  255.925;    0.000
344.815; 2009.200;  236.925;    0.000
344.872; 1975.200;  218.925;    0.000
344.928; 2029.200;  230.925;    0.000
344.985; 2053.200;  222.925;    0.000
345.042; 2004.200;  199.925;    0.000
345.098; 1971.200;  226.925;    0.000
345.155; 2070.200;  245.925;    0.000
345.212; 2001.200;  225.925;    0.000
345.268; 2017.200;  237.925;    0.000
345.325; 1948.200;  213.925;    0.000
345.381; 2004.200;  267.925;    0.000
345.438; 2069.200;  240.925;    0.000
345.495; 2059.200;  254.925;    0.000
345.551; 2053.200;  248.925;    0.000
345.608; 2014.200;  196.925;    0.000
345.664; 2040.200;  245.925;    0.000
345.721; 1917.200;  252.925;    0.000
345.777; 1982.200;  245.925;    0.000
345.834; 1915.200;  210.925;    0.000
345.890; 1935.200;  244.925;    0.000
345.947; 1988.200;  238.925;    0.000
346.003; 1985.200;  224.925;    0.000
346.060; 1907.200;  206.925;    0.000
346.116; 2014.200;  237.925;    0.000
346.173; 2046.200;  242.925;    0.000
346.229; 1944.200;  269.925;    0.000
346.285; 2015.200;  262.925;    0.000
346.342; 1990.200;  263.925;    0.000
346.398; 2003.200;  224.925;    0.000
346.455; 2109.200;  237.925;    0.000
346.511; 2054.200;  216.925;    0.000
346.567; 1998.200;  211.925;    0.000
346.624; 2133.200;  225.925;    0.000
346.680; 2024.200;  242.925;    0.000
346.737; 2023.200;  244.925;    0.000
346.793; 1965.200;  260.925;    0.000
346.849; 2035.200;  251.925;    0.000
346.906; 2099.200;  260.925;    0.000
346.962; 2040.200;  267.925;    0.000
347.018; 2004.200;  246.925;    0.000
347.074; 2103.200;  272.925;    0.000
347.131; 2098.200;  211.925;    0.000
347.187; 2058.200;  240.925;    0.000
347.243; 2038.200;  233.925;    0.000
347.300; 2036.200;  225.925;    0.000
347.356; 2018.200;  236.925;    0.000
347.412; 2095.200;  237.925;    0.000
347.468; 2091.200;  284.925;    0.000
347.524; 2069.200;  252.925;    0.000
347.581; 2024.200;  278.925;    0.000
347.637; 2071.200;  262.925;    0.000
347.693; 2054.200;  268.925;    0.000
347.749; 2044.200;  260.925;    0.000
347.805; 2033.200;  224.925;    0.000
347.862; 2012.200;  243.925;    0.000
347.918; 2038.200;  257.925;    0.000
347.974; 2009.200;  248.925;    0.000
348.030; 2048.200;  242.925;    0.000
348.086; 2031.200;  234.925;    0.000
348.142; 2088.200;  239.925;    0.000
348.198; 2073.200;  260.925;    0.000
348.254; 2051.200;  262.925;    0.000
348.311; 2036.200;  263.925;    0.000
348.367; 2082.200;  235.925;    0.000
348.423; 2006.200;  205.925;    0.000
348.479; 2013.200;  234.925;    0.000
348.535; 2090.200;  257.925;    0.000
348.591; 2064.200;  267.925;    0.000
348.647; 2013.200;  243.925;    0.000
348.703; 2091.200;  278.925;    0.000
348.759; 2047.200;  259.925;    0.000
348.815; 2079.200;  288.925;    0.000
348.871; 1992.200;  269.925;    0.000
348.927; 2075.200;  239.925;    0.000
348.983; 2120.200;  289.925;    0.000
349.039; 1998.200;  221.925;    0.000
349.095; 2022.200;  252.925;    0.000
349.151; 2110.200;  226.925;    0.000
349.207; 2052.200;  263.925;    0.000
349.263; 1988.200;  194.925;    0.000
349.319; 2085.200;  212.925;    0.000
349.374; 2065.200;  236.925;    0.000
349.430; 2085.200;  229.925;    0.000
349.486; 2028.200;  247.925;    0.000
349.542; 2148.200;  263.925;    0.000
349.598; 2167.200;  248.925;    0.000
349.654; 2089.200;  252.925;    0.000
349.710; 2081.200;  230.925;    0.000
349.766; 2128.200;  201.925;    0.000
349.821; 2122.200;  229.925;    0.000
349.877; 2092.200;  282.925;    0.000
349.933; 2133.200;  240.925;    0.000
349.989; 2099.200;  251.925;    0.000
350.045; 2082.200;  240.925;    0.000
350.100; 2107.200;  256.925;    0.000
350.156; 2128.200;  243.925;    0.000
350.212; 2051.200;  250.925;    0.000
350.268; 2002.200;  251.925;    0.000
350.323; 2085.200;  208.925;    0.000
350.379; 2114.200;  244.925;    0.000
350.435; 2006.200;  237.925;    0.000
350.491; 2046.200;  201.925;    0.000
350.546; 2099.200;  225.925;    0.000
350.602; 2113.200;  260.925;    0.000
350.658; 2105.200;  224.925;    0.000
350.713; 2069.200;  264.925;    0.000
350.769; 2045.200;  196.925;    0.000
350.825; 2058.200;  202.925;    0.000
350.880; 2045.200;  232.925;    0.000
350.936; 2085.200;  242.925;    0.000
350.992; 2023.200;  238.925;    0.000
351.047; 2051.200;  242.925;    0.000
351.103; 2105.200;  199.925;    0.000
351.158; 2141.200;  242.925;    0.000
351.214; 2061.200;  225.925;    0.000
351.270; 2046.200;  197.925;    0.000
351.325; 2042.200;  231.925;    0.000
351.381; 2039.200;  215.925;    0.000
351.436; 2057.200;  233.925;    0.000
351.492; 2129.200;  216.925;    0.000
351.547; 2073.200;  244.925;    0.000
351.603; 2121.200;  249.925;    0.000
351.658; 2060.200;  249.925;    0.000
351.714; 2155.200;  222.925;    0.000
351.769; 2133.200;  222.925;    0.000
351.825; 2127.200;  226.925;    0.000
351.880; 2127.200;  238.925;    0.000
351.936; 2070.200;  230.925;    0.000
351.991; 2056.200;  243.925;    0.000
352.047; 2099.200;  201.925;    0.000
352.102; 2092.200;  243.925;    0.000
352.158; 2100.200;  193.925;    0.000
352.213; 2081.200;  219.925;    0.000
352.268; 2126.200;  205.925;    0.000
352.324; 2012.200;  246.925;    0.000
352.379; 2102.200;  247.925;    0.000
352.434; 2118.200;  252.925;    0.000
352.490; 2083.200;  205.925;    0.000
352.545; 2235.200;  262.925;    0.000
352.601; 2062.200;  229.925;    0.000
352.656; 2083.200;  207.925;    0.000
352.711; 2151.200;  228.925;    0.000
352.767; 2026.200;  216.925;    0.000
352.822; 2088.200;  219.925;    0.000
352.877; 2025.200;  234.925;    0.000
352.932; 2122.200;  249.925;    0.000
352.988; 2060.200;  196.925;    0.000
353.043; 2179.200;  228.925;    0.000
353.098; 2124.200;  231.925;    0.000
353.153; 2083.200;  235.925;    0.000
353.209; 2155.200;  250.925;    0.000
353.264; 2132.200;  212.925;    0.000
353.319; 2126.200;  234.925;    0.000
353.374; 2080.200;  245.925;    0.000
353.430; 2170.200;  261.925;    0.000
353.485; 2142.200;  249.925;    0.000
353.540; 2096.200;  260.925;    0.000
353.595; 2111.200;  219.925;    0.000
353.650; 2076.200;  242.925;    0.000
353.705; 2143.200;  244.925;    0.000
353.761; 2033.200;  242.925;    0.000
353.816; 2124.200;  214.925;    0.000
353.871; 2076.200;  237.925;    0.000
353.926; 2136.200;  233.925;    0.000
353.981; 2140.200;  250.925;    0.000
354.036; 2131.200;  239.925;    0.000
354.091; 2134.200;  289.925;    0.000
354.146; 2164.200;  282.925;    0.000
354.201; 2148.200;  244.925;    0.000
354.256; 2098.200;  257.925;    0.000
354.311; 2182.200;  305.925;    0.000
354.367; 2199.200;  220.925;    0.000
354.422; 2144.200;  261.925;    0.000
354.477; 2104.200;  212.925;    0.000
354.532; 2153.200;  254.925;    0.000
354.587; 2139.200;  252.925;    0.000
354.642; 2154.200;  210.925;    0.000
354.697; 2180.200;  232.925;    0.000
354.751; 2084.200;  254.925;    0.000
354.806; 2165.200;  233.925;    0.000
354.861; 2078.200;  244.925;    0.000
354.916; 2107.200;  235.925;    0.000
354.971; 2150.200;  258.925;    0.000
355.026; 2112.200;  251.925;    0.000
355.081; 2171.200;  254.925;    0.000
355.136; 2093.200;  212.925;    0.000
355.191; 2084.200;  211.925;    0.000
355.246; 2155.200;  237.925;    0.000
355.301; 2146.200;  255.925;    0.000
355.355; 1988.200;  231.925;    0.000
355.410; 2095.200;  224.925;    0.000
355.465; 2048.200;  235.925;    0.000
355.520; 2082.200;  244.925;    0.000
355.575; 2107.200;  267.925;    0.000
355.630; 2114.200;  255.925;    0.000
355.684; 2086.200;  254.925;    0.000
355.739; 2138.200;  217.925;    0.000
355.794; 2127.200;  206.925;    0.000
355.849; 2094.200;  221.925;    0.000
355.904; 2137.200;  257.925;    0.000
355.958; 2059.200;  221.925;    0.000
356.013; 2115.200;  192.925;    0.000
356.068; 2202.200;  267.925;    0.000
356.123; 2147.200;  218.925;    0.000
356.177; 2091.200;  236.925;    0.000
356.232; 2082.200;  236.925;    0.000
356.287; 2148.200;  246.925;    0.000
356.341; 2119.200;  241.925;    0.000
356.396; 2088.200;  219.925;    0.000
356.451; 2120.200;  244.925;    0.000
356.505; 2127.200;  248.925;    0.000
356.560; 2200.200;  267.925;    0.000
356.615; 2108.200;  258.925;    0.000
356.669; 2134.200;  291.925;    0.000
356.724; 2118.200;  272.925;    0.000
356.778; 2140.200;  244.925;    0.000
356.833; 2162.200;  223.925;    0.000
356.888; 2148.200;  245.925;    0.000
356.942; 2133.200;  221.925;    0.000
356.997; 2161.200;  254.925;    0.000
357.051; 2152.200;  244.925;    0.000
357.106; 2111.200;  227.925;    0.000
357.160; 2104.200;  176.925;    0.000
357.215; 2089.200;  234.925;    0.000
357.269; 2211.200;  233.925;    0.000
357.324; 2116.200;  232.925;    0.000
357.378; 2140.200;  211.925;    0.000
357.433; 2104.200;  252.925;    0.000
357.487; 2131.200;  227.925;    0.000
357.542; 2124.200;  246.925;    0.000
357.596; 2118.200;  260.925;    0.000
357.651; 2148.200;  301.925;    0.000
357.705; 2160.200;  230.925;    0.000
357.760; 2080.200;  211.925;    0.000
357.814; 2096.200;  265.925;    0.000
357.868; 2157.200;  220.925;    0.000
357.923; 2098.200;  220.925;    0.000
357.977; 2112.200;  245.925;    0.000
358.032; 2144.200;  247.925;    0.000
358.086; 2146.200;  242.925;    0.000
358.140; 2073.200;  270.925;    0.000
358.195; 2091.200;  242.925;    0.000
358.249; 2148.200;  238.925;    0.000
358.303; 2158.200;  285.925;    0.000
358.358; 2113.200;  265.925;    0.000
358.412; 2157.200;  265.925;    0.000
358.466; 2108.200;  257.925;    0.000
358.521; 2096.200;  251.925;    0.000
358.575; 2117.200;  254.925;    0.000
358.629; 2087.200;  278.925;    0.000
358.683; 2047.200;  288.925;    0.000
358.738; 2168.200;  302.925;    0.000
358.792; 2050.200;  239.925;    0.000
358.846; 2111.200;  293.925;    0.000
358.900; 2164.200;  271.925;    0.000
358.954; 2058.200;  300.925;    0.000
359.009; 2120.200;  279.925;    0.000
359.063; 2141.200;  249.925;    0.000
359.117; 2078.200;  264.925;    0.000
359.171; 2216.200;  279.925;    0.000
359.225; 2193.200;  276.925;    0.000
359.280; 2164.200;  237.925;    0.000
359.334; 2125.200;  280.925;    0.000
359.388; 2191.200;  282.925;    0.000
359.442; 2114.200;  243.925;    0.000
359.496; 2043.200;  204.925;    0.000
359.550; 2222.200;  308.925;    0.000
359.604; 2117.200;  264.925;    0.000
359.658; 2170.200;  247.925;    0.000
359.712; 2217.200;  273.925;    0.000
359.766; 2128.200;  212.925;    0.000
359.820; 2139.200;  228.925;    0.000
359.875; 2159.200;  248.925;    0.000
359.929; 2133.200;  271.925;    0.000
359.983; 2137.200;  274.925;    0.000
360.037; 2052.200;  262.925;    0.000
360.091; 2180.200;  302.925;    0.000
360.145; 2108.200;  244.925;    0.000
360.199; 2215.200;  253.925;    0.000
360.253; 2097.200;  285.925;    0.000
360.306; 2080.200;  287.925;    0.000
360.360; 2096.200;  267.925;    0.000
360.414; 2160.200;  250.925;    0.000
360.468; 2102.200;  270.925;    0.000
360.522; 2125.200;  276.925;    0.000
360.576; 2074.200;  269.925;    0.000
360.630; 2182.200;  281.925;    0.000
360.684; 2130.200;  291.925;    0.000
360.738; 2141.200;  325.925;    0.000
360.792; 2103.200;  320.925;    0.000
360.846; 2097.200;  276.925;    0.000
360.899; 2123.200;  314.925;    0.000
360.953; 2077.200;  275.925;    0.000
361.007; 2073.200;  292.925;    0.000
361.061; 2046.200;  278.925;    0.000
361.115; 2177.200;  264.925;    0.000
361.168; 2086.200;  317.925;    0.000
361.222; 2095.200;  277.925;    0.000
361.276; 2089.200;  274.925;    0.000
361.330; 2133.200;  269.925;    0.000
361.384; 2055.200;  280.925;    0.000
361.437; 2081.200;  304.925;    0.000
361.491; 2128.200;  256.925;    0.000
361.545; 2047.200;  293.925;    0.000
361.599; 2209.200;  284.925;    0.000
361.652; 2134.200;  274.925;    0.000
361.706; 2169.200;  284.925;    0.000
361.760; 2106.200;  260.925;    0.000
361.813; 2096.200;  272.925;    0.000
361.867; 2175.200;  300.925;    0.000
361.921; 2119.200;  275.925;    0.000
361.974; 2149.200;  258.925;    0.000
362.028; 2163.200;  248.925;    0.000
362.082; 2138.200;  252.925;    0.000
362.135; 2102.200;  240.925;    0.000
362.189; 2132.200;  259.925;    0.000
362.242; 2101.200;  267.925;    0.000
362.296; 2140.200;  280.925;    0.000
362.350; 2127.200;  282.925;    0.000
362.403; 2117.200;  288.925;    0.000
362.457; 2128.200;  253.925;    0.000
362.510; 2155.200;  323.925;    0.000
362.564; 2096.200;  286.925;    0.000
362.617; 2068.200;  317.925;    0.000
362.671; 2089.200;  286.925;    0.000
362.724; 2096.200;  274.925;    0.000
362.778; 2164.200;  295.925;    0.000
362.831; 2146.200;  289.925;    0.000
362.885; 2174.200;  318.925;    0.000
362.938; 2063.200;  271.925;    0.000
362.992;  306.200;  285.925;    0.000
363.045;  258.200;  291.925;    0.000
363.099;  277.200;  276.925;    0.000
363.152;  289.200;  309.925;    0.000
363.205;  296.200;  263.925;    0.000
363.259;  265.200;  288.925;    0.000
363.312;  331.200;  333.925;    0.000
363.366;  319.200;  328.925;    0.000
363.419;  291.200;  328.925;    0.000
363.472;  290.200;  295.925;    0.000
363.526;  311.200;  334.925;    0.000
363.579;  292.200;  312.925;    0.000
363.632;  292.200;  274.925;    0.000
363.686;  260.200;  282.925;    0.000
363.739;  249.200;  289.925;    0.000
363.792;  296.200;  287.925;    0.000

