
Integration time [ms]:   0.300
Averaging Nr. [scans]: 1
Smoothing Nr. [pixels]: 0
Data measured with spectrometer [name]: UV1
Wave   ;Sample   ;Dark     ;Reference
[nm]   ;[counts] ;[counts] ;[counts] 

236.381;  160.525;  160.350;    0.000
236.451;  198.525;  198.350;    0.000
236.520;  170.525;  179.350;    0.000
236.590;  191.525;  205.350;    0.000
236.660;  154.525;  199.350;    0.000
236.730;  194.525;  178.350;    0.000
236.799;  185.525;  201.350;    0.000
236.869;  195.525;  197.350;    0.000
236.939;  177.525;  180.350;    0.000
237.009;  159.525;  165.350;    0.000
237.078;  181.525;  191.350;    0.000
237.148;  174.525;  146.350;    0.000
237.218;  187.525;  142.350;    0.000
237.287;  188.525;  190.350;    0.000
237.357;  191.525;  182.350;    0.000
237.427;  182.525;  139.350;    0.000
237.496; 1043.525;  221.350;    0.000
237.566;  981.525;  183.350;    0.000
237.636;  990.525;  157.350;    0.000
237.705;  983.525;  189.350;    0.000
237.775;  973.525;  169.350;    0.000
237.845; 1011.525;  156.350;    0.000
237.914;  950.525;  185.350;    0.000
237.984; 1043.525;  194.350;    0.000
238.054;  913.525;  138.350;    0.000
238.123;  952.525;  166.350;    0.000
238.193;  959.525;  174.350;    0.000
238.263; 1035.525;  158.350;    0.000
238.332;  989.525;  167.350;    0.000
238.402;  994.525;  173.350;    0.000
238.471; 1016.525;  153.350;    0.000
238.541;  941.525;  167.350;    0.000
238.611;  925.525;  165.350;    0.000
238.680;  996.525;  157.350;    0.000
238.750;  987.525;  152.350;    0.000
238.819;  950.525;  190.350;    0.000
238.889;  934.525;  151.350;    0.000
238.958; 1010.525;  166.350;    0.000
239.028;  932.525;  180.350;    0.000
239.097;  989.525;  170.350;    0.000
239.167; 1003.525;  177.350;    0.000
239.237;  967.525;  195.350;    0.000
239.306;  955.525;  145.350;    0.000
239.376;  986.525;  158.350;    0.000
239.445; 1030.525;  187.350;    0.000
239.515;  985.525;  160.350;    0.000
239.584;  997.525;  173.350;    0.000
239.654;  933.525;  184.350;    0.000
239.723; 1003.525;  195.350;    0.000
239.793;  961.525;  183.350;    0.000
239.862;  950.525;  190.350;    0.000
239.932;  930.525;  168.350;    0.000
240.001;  952.525;  164.350;    0.000
240.070;  899.525;  183.350;    0.000
240.140;  940.525;  175.350;    0.000
240.209;  931.525;  135.350;    0.000
240.279;  945.525;  176.350;    0.000
240.348;  996.525;  184.350;    0.000
240.418;  949.525;  157.350;    0.000
240.487;  998.525;  189.350;    0.000
240.556;  957.525;  157.350;    0.000
240.626; 1028.525;  174.350;    0.000
240.695;  954.525;  180.350;    0.000
240.765;  976.525;  152.350;    0.000
240.834;  933.525;  136.350;    0.000
240.903;  954.525;  196.350;    0.000
240.973;  958.525;  183.350;    0.000
241.042;  877.525;  150.350;    0.000
241.112;  960.525;  168.350;    0.000
241.181;  972.525;  152.350;    0.000
241.250;  897.525;  132.350;    0.000
241.320;  963.525;  209.350;    0.000
241.389;  956.525;  169.350;    0.000
241.458;  986.525;  204.350;    0.000
241.528;  894.525;  176.350;    0.000
241.597;  922.525;  170.350;    0.000
241.666;  949.525;  168.350;    0.000
241.736;  960.525;  172.350;    0.000
241.805;  905.525;  160.350;    0.000
241.874;  927.525;  176.350;    0.000
241.943;  953.525;  165.350;    0.000
242.013;  996.525;  206.350;    0.000
242.082;  894.525;  162.350;    0.000
242.151;  982.525;  180.350;    0.000
242.221;  947.525;  154.350;    0.000
242.290;  918.525;  122.350;    0.000
242.359;  898.525;  121.350;    0.000
242.428;  963.525;  187.350;    0.000
242.498;  937.525;  140.350;    0.000
242.567;  943.525;  173.350;    0.000
242.636;  933.525;  155.350;    0.000
242.705;  893.525;  108.350;    0.000
242.774;  971.525;  145.350;    0.000
242.844;  948.525;  162.350;    0.000
242.913;  995.525;  178.350;    0.000
242.982;  940.525;  163.350;    0.000
243.051;  970.525;  138.350;    0.000
243.120;  921.525;  172.350;    0.000
243.190;  884.525;  155.350;    0.000
243.259;  965.525;  159.350;    0.000
243.328;  924.525;  173.350;    0.000
243.397;  933.525;  175.350;    0.000
243.466;  918.525;  170.350;    0.000
243.535;  898.525;  161.350;    0.000
243.605;  918.525;  149.350;    0.000
243.674;  904.525;  162.350;    0.000
243.743;  908.525;  175.350;    0.000
243.812;  871.525;  159.350;    0.000
243.881;  927.525;  158.350;    0.000
243.950;  907.525;  154.350;    0.000
244.019;  956.525;  185.350;    0.000
244.088;  906.525;  175.350;    0.000
244.158;  945.525;  167.350;    0.000
244.227;  899.525;  159.350;    0.000
244.296;  855.525;  143.350;    0.000
244.365;  926.525;  182.350;    0.000
244.434;  881.525;  117.350;    0.000
244.503;  900.525;  109.350;    0.000
244.572;  893.525;  147.350;    0.000
244.641;  845.525;  129.350;    0.000
244.710;  891.525;  159.350;    0.000
244.779;  948.525;  166.350;    0.000
244.848;  886.525;  122.350;    0.000
244.917;  922.525;  167.350;    0.000
244.986;  868.525;  158.350;    0.000
245.055;  941.525;  175.350;    0.000
245.124;  892.525;  153.350;    0.000
245.193;  857.525;  155.350;    0.000
245.262;  865.525;  137.350;    0.000
245.331;  886.525;  145.350;    0.000
245.400;  820.525;  107.350;    0.000
245.469;  836.525;  162.350;    0.000
245.538;  836.525;  165.350;    0.000
245.607;  858.525;  178.350;    0.000
245.676;  833.525;  166.350;    0.000
245.745;  872.525;  169.350;    0.000
245.814;  834.525;  155.350;    0.000
245.883;  836.525;  186.350;    0.000
245.952;  825.525;  165.350;    0.000
246.021;  852.525;  169.350;    0.000
246.090;  856.525;  170.350;    0.000
246.159;  799.525;  155.350;    0.000
246.227;  844.525;  161.350;    0.000
246.296;  830.525;  142.350;    0.000
246.365;  752.525;  160.350;    0.000
246.434;  802.525;  199.350;    0.000
246.503;  823.525;  155.350;    0.000
246.572;  808.525;  206.350;    0.000
246.641;  797.525;  177.350;    0.000
246.710;  782.525;  178.350;    0.000
246.779;  803.525;  193.350;    0.000
246.847;  825.525;  147.350;    0.000
246.916;  782.525;  131.350;    0.000
246.985;  798.525;  168.350;    0.000
247.054;  769.525;  143.350;    0.000
247.123;  821.525;  130.350;    0.000
247.192;  802.525;  175.350;    0.000
247.260;  811.525;  171.350;    0.000
247.329;  795.525;  162.350;    0.000
247.398;  806.525;  163.350;    0.000
247.467;  710.525;  155.350;    0.000
247.536;  797.525;  149.350;    0.000
247.604;  787.525;  191.350;    0.000
247.673;  725.525;  193.350;    0.000
247.742;  751.525;  159.350;    0.000
247.811;  809.525;  167.350;    0.000
247.879;  760.525;  176.350;    0.000
247.948;  761.525;  157.350;    0.000
248.017;  762.525;  150.350;    0.000
248.086;  755.525;  153.350;    0.000
248.154;  788.525;  157.350;    0.000
248.223;  790.525;  198.350;    0.000
248.292;  776.525;  188.350;    0.000
248.361;  775.525;  157.350;    0.000
248.429;  755.525;  138.350;    0.000
248.498;  782.525;  166.350;    0.000
248.567;  771.525;  179.350;    0.000
248.635;  820.525;  210.350;    0.000
248.704;  807.525;  168.350;    0.000
248.773;  749.525;  147.350;    0.000
248.841;  809.525;  155.350;    0.000
248.910;  815.525;  183.350;    0.000
248.979;  786.525;  171.350;    0.000
249.047;  749.525;  152.350;    0.000
249.116;  786.525;  155.350;    0.000
249.185;  788.525;  217.350;    0.000
249.253;  725.525;  149.350;    0.000
249.322;  753.525;  167.350;    0.000
249.390;  766.525;  182.350;    0.000
249.459;  777.525;  173.350;    0.000
249.528;  740.525;  162.350;    0.000
249.596;  672.525;  162.350;    0.000
249.665;  738.525;  163.350;    0.000
249.733;  711.525;  147.350;    0.000
249.802;  784.525;  170.350;    0.000
249.871;  724.525;  179.350;    0.000
249.939;  710.525;  179.350;    0.000
250.008;  769.525;  201.350;    0.000
250.076;  719.525;  189.350;    0.000
250.145;  768.525;  171.350;    0.000
250.213;  722.525;  161.350;    0.000
250.282;  721.525;  171.350;    0.000
250.350;  670.525;  138.350;    0.000
250.419;  735.525;  172.350;    0.000
250.487;  708.525;  207.350;    0.000
250.556;  747.525;  160.350;    0.000
250.624;  774.525;  187.350;    0.000
250.693;  713.525;  141.350;    0.000
250.761;  711.525;  182.350;    0.000
250.830;  728.525;  203.350;    0.000
250.898;  733.525;  160.350;    0.000
250.967;  715.525;  143.350;    0.000
251.035;  682.525;  142.350;    0.000
251.104;  669.525;  159.350;    0.000
251.172;  696.525;  189.350;    0.000
251.241;  716.525;  134.350;    0.000
251.309;  711.525;  179.350;    0.000
251.378;  729.525;  203.350;    0.000
251.446;  638.525;  151.350;    0.000
251.514;  774.525;  176.350;    0.000
251.583;  740.525;  173.350;    0.000
251.651;  693.525;  163.350;    0.000
251.720;  684.525;  151.350;    0.000
251.788;  761.525;  205.350;    0.000
251.856;  677.525;  126.350;    0.000
251.925;  698.525;  118.350;    0.000
251.993;  730.525;  139.350;    0.000
252.062;  710.525;  161.350;    0.000
252.130;  714.525;  180.350;    0.000
252.198;  746.525;  141.350;    0.000
252.267;  707.525;  145.350;    0.000
252.335;  689.525;  159.350;    0.000
252.403;  675.525;  158.350;    0.000
252.472;  691.525;  142.350;    0.000
252.540;  697.525;  162.350;    0.000
252.608;  723.525;  180.350;    0.000
252.677;  724.525;  137.350;    0.000
252.745;  657.525;  183.350;    0.000
252.813;  669.525;  151.350;    0.000
252.881;  610.525;  109.350;    0.000
252.950;  669.525;  174.350;    0.000
253.018;  638.525;  136.350;    0.000
253.086;  590.525;  149.350;    0.000
253.155;  592.525;  127.350;    0.000
253.223;  589.525;  156.350;    0.000
253.291;  582.525;  163.350;    0.000
253.359;  599.525;  174.350;    0.000
253.428;  561.525;  174.350;    0.000
253.496;  540.525;  161.350;    0.000
253.564;  524.525;  128.350;    0.000
253.632;  567.525;  153.350;    0.000
253.700;  539.525;  185.350;    0.000
253.769;  546.525;  163.350;    0.000
253.837;  604.525;  176.350;    0.000
253.905;  586.525;  164.350;    0.000
253.973;  579.525;  156.350;    0.000
254.041;  543.525;  154.350;    0.000
254.110;  559.525;  165.350;    0.000
254.178;  568.525;  148.350;    0.000
254.246;  503.525;  138.350;    0.000
254.314;  553.525;  164.350;    0.000
254.382;  573.525;  167.350;    0.000
254.450;  571.525;  134.350;    0.000
254.518;  560.525;  192.350;    0.000
254.587;  559.525;  139.350;    0.000
254.655;  570.525;  162.350;    0.000
254.723;  564.525;  131.350;    0.000
254.791;  615.525;  181.350;    0.000
254.859;  504.525;  146.350;    0.000
254.927;  635.525;  189.350;    0.000
254.995;  589.525;  141.350;    0.000
255.063;  556.525;  181.350;    0.000
255.131;  537.525;  156.350;    0.000
255.199;  564.525;  175.350;    0.000
255.267;  557.525;  120.350;    0.000
255.336;  600.525;  186.350;    0.000
255.404;  538.525;  134.350;    0.000
255.472;  638.525;  172.350;    0.000
255.540;  600.525;  157.350;    0.000
255.608;  594.525;  186.350;    0.000
255.676;  572.525;  155.350;    0.000
255.744;  579.525;  143.350;    0.000
255.812;  585.525;  134.350;    0.000
255.880;  678.525;  188.350;    0.000
255.948;  547.525;  163.350;    0.000
256.016;  626.525;  175.350;    0.000
256.084;  641.525;  191.350;    0.000
256.152;  638.525;  187.350;    0.000
256.220;  623.525;  152.350;    0.000
256.288;  607.525;  141.350;    0.000
256.356;  565.525;  139.350;    0.000
256.424;  600.525;  121.350;    0.000
256.491;  629.525;  139.350;    0.000
256.559;  583.525;  144.350;    0.000
256.627;  637.525;  158.350;    0.000
256.695;  546.525;  121.350;    0.000
256.763;  642.525;  150.350;    0.000
256.831;  642.525;  181.350;    0.000
256.899;  717.525;  146.350;    0.000
256.967;  656.525;   71.350;    0.000
257.035;  647.525;  164.350;    0.000
257.103;  759.525;  191.350;    0.000
257.171;  641.525;  140.350;    0.000
257.238;  696.525;  165.350;    0.000
257.306;  724.525;  127.350;    0.000
257.374;  689.525;  120.350;    0.000
257.442;  679.525;  139.350;    0.000
257.510;  696.525;  158.350;    0.000
257.578;  704.525;  164.350;    0.000
257.646;  814.525;  151.350;    0.000
257.713;  734.525;  136.350;    0.000
257.781;  773.525;  137.350;    0.000
257.849;  780.525;  151.350;    0.000
257.917;  760.525;  154.350;    0.000
257.985;  737.525;  113.350;    0.000
258.052;  797.525;  140.350;    0.000
258.120;  734.525;  176.350;    0.000
258.188;  828.525;  157.350;    0.000
258.256;  826.525;  153.350;    0.000
258.324;  812.525;  184.350;    0.000
258.391;  792.525;  144.350;    0.000
258.459;  849.525;  162.350;    0.000
258.527;  806.525;  154.350;    0.000
258.595;  837.525;  122.350;    0.000
258.662;  886.525;  164.350;    0.000
258.730;  884.525;  114.350;    0.000
258.798;  872.525;  131.350;    0.000
258.865;  875.525;  171.350;    0.000
258.933;  908.525;  145.350;    0.000
259.001;  883.525;  150.350;    0.000
259.069;  902.525;  123.350;    0.000
259.136;  954.525;  139.350;    0.000
259.204;  869.525;  165.350;    0.000
259.272;  990.525;  114.350;    0.000
259.339;  953.525;  179.350;    0.000
259.407;  985.525;  153.350;    0.000
259.475;  975.525;  143.350;    0.000
259.542;  926.525;  136.350;    0.000
259.610;  993.525;  133.350;    0.000
259.677; 1010.525;  159.350;    0.000
259.745;  996.525;  130.350;    0.000
259.813; 1049.525;  175.350;    0.000
259.880; 1031.525;  158.350;    0.000
259.948; 1020.525;  124.350;    0.000
260.016; 1049.525;  105.350;    0.000
260.083; 1094.525;  169.350;    0.000
260.151; 1036.525;  133.350;    0.000
260.218; 1085.525;  143.350;    0.000
260.286; 1062.525;  134.350;    0.000
260.353; 1110.525;  160.350;    0.000
260.421; 1087.525;  128.350;    0.000
260.489; 1156.525;  150.350;    0.000
260.556; 1126.525;  179.350;    0.000
260.624; 1185.525;  113.350;    0.000
260.691; 1249.525;  128.350;    0.000
260.759; 1219.525;  146.350;    0.000
260.826; 1196.525;  111.350;    0.000
260.894; 1211.525;  115.350;    0.000
260.961; 1290.525;  138.350;    0.000
261.029; 1216.525;  152.350;    0.000
261.096; 1199.525;  175.350;    0.000
261.164; 1298.525;  131.350;    0.000
261.231; 1209.525;  141.350;    0.000
261.299; 1291.525;  125.350;    0.000
261.366; 1234.525;  142.350;    0.000
261.434; 1283.525;  133.350;    0.000
261.501; 1287.525;  137.350;    0.000
261.568; 1346.525;  184.350;    0.000
261.636; 1379.525;  138.350;    0.000
261.703; 1351.525;  161.350;    0.000
261.771; 1319.525;  160.350;    0.000
261.838; 1385.525;  178.350;    0.000
261.906; 1365.525;  128.350;    0.000
261.973; 1461.525;  139.350;    0.000
262.040; 1407.525;  148.350;    0.000
262.108; 1461.525;  130.350;    0.000
262.175; 1438.525;  117.350;    0.000
262.243; 1438.525;  174.350;    0.000
262.310; 1422.525;  145.350;    0.000
262.377; 1465.525;  108.350;    0.000
262.445; 1474.525;  147.350;    0.000
262.512; 1435.525;  124.350;    0.000
262.579; 1491.525;  127.350;    0.000
262.647; 1539.525;  166.350;    0.000
262.714; 1582.525;  150.350;    0.000
262.781; 1555.525;  121.350;    0.000
262.849; 1527.525;  126.350;    0.000
262.916; 1529.525;  119.350;    0.000
262.983; 1599.525;  155.350;    0.000
263.051; 1587.525;  137.350;    0.000
263.118; 1647.525;  160.350;    0.000
263.185; 1651.525;  151.350;    0.000
263.252; 1618.525;  167.350;    0.000
263.320; 1661.525;  123.350;    0.000
263.387; 1613.525;  134.350;    0.000
263.454; 1609.525;  144.350;    0.000
263.522; 1701.525;  153.350;    0.000
263.589; 1655.525;  161.350;    0.000
263.656; 1700.525;  117.350;    0.000
263.723; 1614.525;  101.350;    0.000
263.790; 1756.525;  128.350;    0.000
263.858; 1720.525;  142.350;    0.000
263.925; 1759.525;  182.350;    0.000
263.992; 1742.525;  146.350;    0.000
264.059; 1809.525;  132.350;    0.000
264.126; 1798.525;  154.350;    0.000
264.194; 1758.525;  153.350;    0.000
264.261; 1831.525;  157.350;    0.000
264.328; 1851.525;  171.350;    0.000
264.395; 1828.525;  166.350;    0.000
264.462; 1891.525;  165.350;    0.000
264.529; 1815.525;  124.350;    0.000
264.597; 1809.525;  120.350;    0.000
264.664; 1879.525;  159.350;    0.000
264.731; 1842.525;  145.350;    0.000
264.798; 1913.525;  100.350;    0.000
264.865; 1897.525;  166.350;    0.000
264.932; 1780.525;  132.350;    0.000
264.999; 1831.525;  137.350;    0.000
265.066; 1925.525;  124.350;    0.000
265.133; 1918.525;  162.350;    0.000
265.201; 1944.525;  163.350;    0.000
265.268; 1900.525;  174.350;    0.000
265.335; 1975.525;  132.350;    0.000
265.402; 1986.525;  116.350;    0.000
265.469; 1973.525;  121.350;    0.000
265.536; 1962.525;  157.350;    0.000
265.603; 2010.525;  151.350;    0.000
265.670; 1887.525;  164.350;    0.000
265.737; 2013.525;  142.350;    0.000
265.804; 1994.525;  146.350;    0.000
265.871; 1925.525;  168.350;    0.000
265.938; 2031.525;  131.350;    0.000
266.005; 2095.525;  208.350;    0.000
266.072; 2070.525;  125.350;    0.000
266.139; 2043.525;  161.350;    0.000
266.206; 2186.525;  134.350;    0.000
266.273; 2079.525;  155.350;    0.000
266.340; 2009.525;  122.350;    0.000
266.407; 2089.525;  134.350;    0.000
266.474; 2029.525;  126.350;    0.000
266.541; 2135.525;  153.350;    0.000
266.608; 2073.525;  129.350;    0.000
266.675; 2136.525;  185.350;    0.000
266.742; 2170.525;  153.350;    0.000
266.808; 2146.525;  169.350;    0.000
266.875; 2217.525;  156.350;    0.000
266.942; 2162.525;  172.350;    0.000
267.009; 2186.525;  150.350;    0.000
267.076; 2151.525;  184.350;    0.000
267.143; 2229.525;  170.350;    0.000
267.210; 2236.525;  132.350;    0.000
267.277; 2107.525;  146.350;    0.000
267.344; 2129.525;  159.350;    0.000
267.410; 2145.525;  174.350;    0.000
267.477; 2178.525;  169.350;    0.000
267.544; 2252.525;  130.350;    0.000
267.611; 2159.525;  169.350;    0.000
267.678; 2206.525;  197.350;    0.000
267.745; 2218.525;  185.350;    0.000
267.811; 2165.525;  160.350;    0.000
267.878; 2200.525;  143.350;    0.000
267.945; 2257.525;  126.350;    0.000
268.012; 2209.525;  172.350;    0.000
268.079; 2351.525;  156.350;    0.000
268.145; 2302.525;  128.350;    0.000
268.212; 2234.525;  107.350;    0.000
268.279; 2200.525;  135.350;    0.000
268.346; 2194.525;  166.350;    0.000
268.412; 2251.525;  150.350;    0.000
268.479; 2203.525;  176.350;    0.000
268.546; 2209.525;  119.350;    0.000
268.613; 2216.525;  201.350;    0.000
268.679; 2289.525;  141.350;    0.000
268.746; 2303.525;  177.350;    0.000
268.813; 2207.525;  134.350;    0.000
268.879; 2194.525;  141.350;    0.000
268.946; 2246.525;  172.350;    0.000
269.013; 2246.525;  150.350;    0.000
269.079; 2281.525;  124.350;    0.000
269.146; 2183.525;  135.350;    0.000
269.213; 2269.525;  200.350;    0.000
269.280; 2201.525;  142.350;    0.000
269.346; 2273.525;  153.350;    0.000
269.413; 2104.525;  140.350;    0.000
269.479; 2215.525;  171.350;    0.000
269.546; 2212.525;  156.350;    0.000
269.613; 2196.525;  145.350;    0.000
269.679; 2196.525;  168.350;    0.000
269.746; 2232.525;  136.350;    0.000
269.813; 2187.525;  153.350;    0.000
269.879; 2286.525;  162.350;    0.000
269.946; 2224.525;  156.350;    0.000
270.012; 2208.525;  178.350;    0.000
270.079; 2184.525;  132.350;    0.000
270.145; 2173.525;  146.350;    0.000
270.212; 2105.525;  145.350;    0.000
270.279; 2216.525;  184.350;    0.000
270.345; 2248.525;  143.350;    0.000
270.412; 2238.525;  158.350;    0.000
270.478; 2274.525;  143.350;    0.000
270.545; 2172.525;  150.350;    0.000
270.611; 2266.525;  156.350;    0.000
270.678; 2100.525;  121.350;    0.000
270.744; 2171.525;  161.350;    0.000
270.811; 2149.525;  173.350;    0.000
270.877; 2054.525;  115.350;    0.000
270.944; 2137.525;  114.350;    0.000
271.010; 2226.525;  122.350;    0.000
271.077; 2187.525;  142.350;    0.000
271.143; 2164.525;  152.350;    0.000
271.210; 2171.525;  135.350;    0.000
271.276; 2152.525;  107.350;    0.000
271.342; 2085.525;  173.350;    0.000
271.409; 2227.525;  171.350;    0.000
271.475; 2204.525;  136.350;    0.000
271.542; 2153.525;  121.350;    0.000
271.608; 2154.525;  133.350;    0.000
271.675; 2194.525;  136.350;    0.000
271.741; 2195.525;  151.350;    0.000
271.807; 2118.525;  130.350;    0.000
271.874; 2140.525;  168.350;    0.000
271.940; 2189.525;  156.350;    0.000
272.007; 2211.525;  122.350;    0.000
272.073; 2215.525;  121.350;    0.000
272.139; 2153.525;  137.350;    0.000
272.206; 2204.525;  152.350;    0.000
272.272; 2228.525;  162.350;    0.000
272.338; 2205.525;  197.350;    0.000
272.405; 2161.525;  144.350;    0.000
272.471; 2220.525;  160.350;    0.000
272.537; 2142.525;  142.350;    0.000
272.604; 2274.525;  141.350;    0.000
272.670; 2194.525;  182.350;    0.000
272.736; 2232.525;  126.350;    0.000
272.802; 2214.525;  146.350;    0.000
272.869; 2175.525;  163.350;    0.000
272.935; 2135.525;  132.350;    0.000
273.001; 2239.525;  119.350;    0.000
273.068; 2210.525;  137.350;    0.000
273.134; 2193.525;  155.350;    0.000
273.200; 2269.525;  165.350;    0.000
273.266; 2219.525;  156.350;    0.000
273.333; 2129.525;  143.350;    0.000
273.399; 2209.525;  128.350;    0.000
273.465; 2202.525;  167.350;    0.000
273.531; 2264.525;  122.350;    0.000
273.597; 2307.525;  182.350;    0.000
273.664; 2356.525;  177.350;    0.000
273.730; 2268.525;  124.350;    0.000
273.796; 2255.525;  143.350;    0.000
273.862; 2198.525;  155.350;    0.000
273.928; 2271.525;  137.350;    0.000
273.995; 2268.525;  188.350;    0.000
274.061; 2288.525;  154.350;    0.000
274.127; 2345.525;  161.350;    0.000
274.193; 2229.525;   95.350;    0.000
274.259; 2323.525;  128.350;    0.000
274.325; 2346.525;  146.350;    0.000
274.391; 2340.525;  113.350;    0.000
274.457; 2346.525;  150.350;    0.000
274.524; 2334.525;  165.350;    0.000
274.590; 2297.525;  140.350;    0.000
274.656; 2361.525;  165.350;    0.000
274.722; 2346.525;  118.350;    0.000
274.788; 2379.525;  143.350;    0.000
274.854; 2435.525;  150.350;    0.000
274.920; 2314.525;   88.350;    0.000
274.986; 2394.525;  178.350;    0.000
275.052; 2357.525;  145.350;    0.000
275.118; 2305.525;  105.350;    0.000
275.184; 2503.525;  129.350;    0.000
275.250; 2415.525;  138.350;    0.000
275.316; 2493.525;  173.350;    0.000
275.382; 2428.525;  106.350;    0.000
275.448; 2580.525;  160.350;    0.000
275.514; 2493.525;  162.350;    0.000
275.580; 2493.525;  135.350;    0.000
275.646; 2542.525;  120.350;    0.000
275.712; 2652.525;  157.350;    0.000
275.778; 2564.525;  128.350;    0.000
275.844; 2582.525;  117.350;    0.000
275.910; 2574.525;  121.350;    0.000
275.976; 2607.525;  172.350;    0.000
276.042; 2714.525;  114.350;    0.000
276.108; 2700.525;  200.350;    0.000
276.174; 2683.525;  132.350;    0.000
276.240; 2713.525;  128.350;    0.000
276.306; 2725.525;  124.350;    0.000
276.372; 2791.525;  133.350;    0.000
276.437; 2838.525;  146.350;    0.000
276.503; 2885.525;  136.350;    0.000
276.569; 2868.525;  162.350;    0.000
276.635; 2946.525;  128.350;    0.000
276.701; 3009.525;  148.350;    0.000
276.767; 2991.525;  155.350;    0.000
276.833; 3012.525;  128.350;    0.000
276.899; 3208.525;  145.350;    0.000
276.964; 3255.525;  124.350;    0.000
277.030; 3218.525;  130.350;    0.000
277.096; 3361.525;  139.350;    0.000
277.162; 3374.525;  164.350;    0.000
277.228; 3490.525;  108.350;    0.000
277.293; 3543.525;  138.350;    0.000
277.359; 3725.525;  123.350;    0.000
277.425; 3804.525;  183.350;    0.000
277.491; 4123.525;  144.350;    0.000
277.557; 4769.525;  130.350;    0.000
277.622; 6159.525;  151.350;    0.000
277.688; 6100.525;  169.350;    0.000
277.754; 6306.525;  199.350;    0.000
277.820; 6871.525;  170.350;    0.000
277.885; 8184.525;  173.350;    0.000
277.951; 9923.525;  187.350;    0.000
278.017; 8656.525;  152.350;    0.000
278.083; 7539.525;  137.350;    0.000
278.148; 7203.525;  147.350;    0.000
278.214; 7420.525;  162.350;    0.000
278.280; 7797.525;  171.350;    0.000
278.345; 7150.525;  174.350;    0.000
278.411; 6547.525;  152.350;    0.000
278.477; 6789.525;  173.350;    0.000
278.542; 7286.525;  161.350;    0.000
278.608; 7778.525;  155.350;    0.000
278.674; 8527.525;  169.350;    0.000
278.739; 9545.525;  142.350;    0.000
278.805;10560.525;  164.350;    0.000
278.871;12625.525;  160.350;    0.000
278.936;15975.525;  121.350;    0.000
279.002;23575.525;  166.350;    0.000
279.067;31200.525;  199.350;    0.000
279.133;30676.525;  150.350;    0.000
279.199;28376.525;  154.350;    0.000
279.264;29347.525;  154.350;    0.000
279.330;34739.523;  159.350;    0.000
279.395;45738.523;  143.350;    0.000
279.461;59248.523;  173.350;    0.000
279.527;65299.523;  163.350;    0.000
279.592;61635.523;  167.350;    0.000
279.658;50511.523;  189.350;    0.000
279.723;48853.523;  153.350;    0.000
279.789;50610.523;  174.350;    0.000
279.854;45372.523;  129.350;    0.000
279.920;37643.523;  165.350;    0.000
279.985;34063.523;  152.350;    0.000
280.051;34886.523;  164.350;    0.000
280.116;41005.523;  187.350;    0.000
280.182;55268.523;  160.350;    0.000
280.247;62585.523;  124.350;    0.000
280.313;52733.523;  154.350;    0.000
280.378;36361.523;  152.350;    0.000
280.444;26448.525;  165.350;    0.000
280.509;20758.525;  164.350;    0.000
280.574;17424.525;  160.350;    0.000
280.640;14808.525;  167.350;    0.000
280.705;13104.525;  190.350;    0.000
280.771;12052.525;  154.350;    0.000
280.836;10997.525;  158.350;    0.000
280.902;10220.525;  124.350;    0.000
280.967; 9464.525;  179.350;    0.000
281.032; 9182.525;  187.350;    0.000
281.098; 8288.525;  155.350;    0.000
281.163; 7950.525;  133.350;    0.000
281.229; 7542.525;  170.350;    0.000
281.294; 7336.525;  175.350;    0.000
281.359; 7077.525;  163.350;    0.000
281.425; 6766.525;  161.350;    0.000
281.490; 6605.525;  162.350;    0.000
281.555; 6265.525;  137.350;    0.000
281.621; 6032.525;  163.350;    0.000
281.686; 5844.525;  155.350;    0.000
281.751; 5743.525;  158.350;    0.000
281.816; 5554.525;  139.350;    0.000
281.882; 5618.525;  150.350;    0.000
281.947; 5144.525;  165.350;    0.000
282.012; 5142.525;  171.350;    0.000
282.078; 5147.525;  177.350;    0.000
282.143; 5009.525;  149.350;    0.000
282.208; 4807.525;  181.350;    0.000
282.273; 4842.525;  166.350;    0.000
282.339; 4843.525;  165.350;    0.000
282.404; 4595.525;  166.350;    0.000
282.469; 4552.525;  150.350;    0.000
282.534; 4579.525;  176.350;    0.000
282.600; 4561.525;  117.350;    0.000
282.665; 4463.525;  134.350;    0.000
282.730; 4435.525;  155.350;    0.000
282.795; 4456.525;  193.350;    0.000
282.860; 4371.525;  160.350;    0.000
282.926; 4274.525;  174.350;    0.000
282.991; 4283.525;  161.350;    0.000
283.056; 4165.525;  157.350;    0.000
283.121; 4278.525;  178.350;    0.000
283.186; 4165.525;  152.350;    0.000
283.251; 4225.525;  167.350;    0.000
283.316; 4217.525;  186.350;    0.000
283.382; 4108.525;  148.350;    0.000
283.447; 4087.525;  191.350;    0.000
283.512; 4002.525;  132.350;    0.000
283.577; 4026.525;  179.350;    0.000
283.642; 4042.525;  185.350;    0.000
283.707; 3890.525;  136.350;    0.000
283.772; 3897.525;  119.350;    0.000
283.837; 3911.525;  136.350;    0.000
283.902; 3857.525;  135.350;    0.000
283.967; 3963.525;  146.350;    0.000
284.032; 3961.525;  140.350;    0.000
284.097; 4052.525;  199.350;    0.000
284.163; 3931.525;  144.350;    0.000
284.228; 4014.525;  183.350;    0.000
284.293; 4059.525;  141.350;    0.000
284.358; 4166.525;  146.350;    0.000
284.423; 4068.525;  127.350;    0.000
284.488; 4285.525;  186.350;    0.000
284.553; 4235.525;  155.350;    0.000
284.618; 4353.525;  118.350;    0.000
284.683; 4467.525;  145.350;    0.000
284.748; 4692.525;  139.350;    0.000
284.812; 4990.525;  147.350;    0.000
284.877; 5377.525;  123.350;    0.000
284.942; 6088.525;  153.350;    0.000
285.007; 7169.525;  168.350;    0.000
285.072; 9514.525;  181.350;    0.000
285.137;14619.525;  147.350;    0.000
285.202;19224.525;  175.350;    0.000
285.267;16598.525;  182.350;    0.000
285.332;11424.525;  136.350;    0.000
285.397; 8605.525;  138.350;    0.000
285.462; 7197.525;  151.350;    0.000
285.527; 6322.525;  159.350;    0.000
285.591; 5695.525;  177.350;    0.000
285.656; 5236.525;  144.350;    0.000
285.721; 5092.525;  125.350;    0.000
285.786; 4898.525;  169.350;    0.000
285.851; 4737.525;  175.350;    0.000
285.916; 4457.525;  164.350;    0.000
285.981; 4530.525;  134.350;    0.000
286.045; 4458.525;  154.350;    0.000
286.110; 4237.525;  136.350;    0.000
286.175; 4208.525;  155.350;    0.000
286.240; 4084.525;  138.350;    0.000
286.305; 4125.525;  213.350;    0.000
286.369; 4007.525;  221.350;    0.000
286.434; 4068.525;  172.350;    0.000
286.499; 3884.525;  161.350;    0.000
286.564; 3988.525;  189.350;    0.000
286.628; 3810.525;  144.350;    0.000
286.693; 3915.525;  176.350;    0.000
286.758; 3860.525;  168.350;    0.000
286.823; 3826.525;  142.350;    0.000
286.887; 3740.525;  134.350;    0.000
286.952; 3813.525;  180.350;    0.000
287.017; 3797.525;  204.350;    0.000
287.082; 3830.525;  120.350;    0.000
287.146; 3749.525;  173.350;    0.000
287.211; 3710.525;  167.350;    0.000
287.276; 3738.525;  164.350;    0.000
287.340; 3730.525;  138.350;    0.000
287.405; 3735.525;  172.350;    0.000
287.470; 3576.525;  142.350;    0.000
287.534; 3735.525;  155.350;    0.000
287.599; 3685.525;  166.350;    0.000
287.663; 3577.525;  171.350;    0.000
287.728; 3635.525;  190.350;    0.000
287.793; 3704.525;  197.350;    0.000
287.857; 3643.525;  165.350;    0.000
287.922; 3702.525;  147.350;    0.000
287.987; 3688.525;  167.350;    0.000
288.051; 3725.525;  151.350;    0.000
288.116; 3572.525;  154.350;    0.000
288.180; 3639.525;  186.350;    0.000
288.245; 3667.525;  161.350;    0.000
288.309; 3564.525;  177.350;    0.000
288.374; 3554.525;  151.350;    0.000
288.439; 3620.525;  169.350;    0.000
288.503; 3521.525;  133.350;    0.000
288.568; 3579.525;  206.350;    0.000
288.632; 3532.525;  192.350;    0.000
288.697; 3567.525;  183.350;    0.000
288.761; 3528.525;  148.350;    0.000
288.826; 3546.525;  136.350;    0.000
288.890; 3497.525;  185.350;    0.000
288.955; 3498.525;  150.350;    0.000
289.019; 3481.525;  165.350;    0.000
289.084; 3470.525;  150.350;    0.000
289.148; 3559.525;  146.350;    0.000
289.212; 3474.525;  172.350;    0.000
289.277; 3437.525;  177.350;    0.000
289.341; 3462.525;  190.350;    0.000
289.406; 3351.525;  117.350;    0.000
289.470; 3501.525;  173.350;    0.000
289.535; 3469.525;  170.350;    0.000
289.599; 3516.525;  154.350;    0.000
289.663; 3533.525;  173.350;    0.000
289.728; 3535.525;  176.350;    0.000
289.792; 3578.525;  138.350;    0.000
289.857; 3504.525;  203.350;    0.000
289.921; 3490.525;  143.350;    0.000
289.985; 3502.525;  150.350;    0.000
290.050; 3503.525;  170.350;    0.000
290.114; 3537.525;  125.350;    0.000
290.178; 3488.525;  161.350;    0.000
290.243; 3377.525;  119.350;    0.000
290.307; 3621.525;  169.350;    0.000
290.371; 3545.525;  169.350;    0.000
290.436; 3600.525;  170.350;    0.000
290.500; 3524.525;  144.350;    0.000
290.564; 3550.525;  179.350;    0.000
290.629; 3432.525;  166.350;    0.000
290.693; 3600.525;  156.350;    0.000
290.757; 3554.525;  147.350;    0.000
290.821; 3526.525;  170.350;    0.000
290.886; 3531.525;  167.350;    0.000
290.950; 3468.525;  187.350;    0.000
291.014; 3568.525;  164.350;    0.000
291.078; 3723.525;  115.350;    0.000
291.143; 3669.525;  149.350;    0.000
291.207; 3589.525;  163.350;    0.000
291.271; 3606.525;  177.350;    0.000
291.335; 3502.525;  148.350;    0.000
291.399; 3663.525;  155.350;    0.000
291.464; 3704.525;  114.350;    0.000
291.528; 3900.525;  153.350;    0.000
291.592; 3921.525;  156.350;    0.000
291.656; 3821.525;  170.350;    0.000
291.720; 3707.525;  159.350;    0.000
291.784; 3762.525;  159.350;    0.000
291.849; 3726.525;  154.350;    0.000
291.913; 3594.525;  118.350;    0.000
291.977; 3756.525;  157.350;    0.000
292.041; 3835.525;  163.350;    0.000
292.105; 3799.525;  135.350;    0.000
292.169; 3799.525;  155.350;    0.000
292.233; 3797.525;  163.350;    0.000
292.297; 3816.525;  144.350;    0.000
292.361; 3801.525;  143.350;    0.000
292.425; 3929.525;  177.350;    0.000
292.490; 4027.525;  159.350;    0.000
292.554; 4170.525;  137.350;    0.000
292.618; 4278.525;  144.350;    0.000
292.682; 4626.525;  169.350;    0.000
292.746; 5092.525;  166.350;    0.000
292.810; 6245.525;  147.350;    0.000
292.874; 7529.525;  160.350;    0.000
292.938; 7665.525;  174.350;    0.000
293.002; 7121.525;  148.350;    0.000
293.066; 6442.525;  115.350;    0.000
293.130; 6104.525;  133.350;    0.000
293.194; 6116.525;  148.350;    0.000
293.258; 5892.525;  167.350;    0.000
293.322; 5726.525;  166.350;    0.000
293.386; 5797.525;  193.350;    0.000
293.450; 6026.525;  142.350;    0.000
293.514; 6710.525;  170.350;    0.000
293.577; 8176.525;  153.350;    0.000
293.641;10797.525;  171.350;    0.000
293.705;11544.525;  168.350;    0.000
293.769;10757.525;  155.350;    0.000
293.833; 9427.525;  161.350;    0.000
293.897; 8500.525;  124.350;    0.000
293.961; 7664.525;  165.350;    0.000
294.025; 6952.525;  118.350;    0.000
294.089; 6406.525;  125.350;    0.000
294.152; 5965.525;  160.350;    0.000
294.216; 5784.525;  160.350;    0.000
294.280; 5392.525;  158.350;    0.000
294.344; 5118.525;  119.350;    0.000
294.408; 5047.525;  168.350;    0.000
294.472; 4776.525;  156.350;    0.000
294.536; 4690.525;  192.350;    0.000
294.599; 4466.525;  171.350;    0.000
294.663; 4461.525;  139.350;    0.000
294.727; 4413.525;  136.350;    0.000
294.791; 4254.525;  118.350;    0.000
294.855; 4201.525;  118.350;    0.000
294.918; 4035.525;  127.350;    0.000
294.982; 4074.525;  167.350;    0.000
295.046; 3980.525;  178.350;    0.000
295.110; 3941.525;  157.350;    0.000
295.173; 3890.525;  101.350;    0.000
295.237; 3821.525;  145.350;    0.000
295.301; 3843.525;  135.350;    0.000
295.364; 3830.525;  185.350;    0.000
295.428; 3784.525;  112.350;    0.000
295.492; 3857.525;  142.350;    0.000
295.556; 3694.525;  170.350;    0.000
295.619; 3711.525;  193.350;    0.000
295.683; 3685.525;  144.350;    0.000
295.747; 3620.525;  152.350;    0.000
295.810; 3540.525;  139.350;    0.000
295.874; 3691.525;  157.350;    0.000
295.938; 3547.525;  128.350;    0.000
296.001; 3638.525;  164.350;    0.000
296.065; 3442.525;  184.350;    0.000
296.128; 3468.525;  127.350;    0.000
296.192; 3475.525;  166.350;    0.000
296.256; 3395.525;  154.350;    0.000
296.319; 3353.525;  128.350;    0.000
296.383; 3467.525;  146.350;    0.000
296.447; 3358.525;  155.350;    0.000
296.510; 3405.525;  177.350;    0.000
296.574; 3379.525;  169.350;    0.000
296.637; 3254.525;  140.350;    0.000
296.701; 3413.525;  181.350;    0.000
296.764; 3235.525;  131.350;    0.000
296.828; 3394.525;  194.350;    0.000
296.891; 3225.525;  146.350;    0.000
296.955; 3447.525;  160.350;    0.000
297.018; 3368.525;  174.350;    0.000
297.082; 3255.525;  153.350;    0.000
297.145; 3209.525;  133.350;    0.000
297.209; 3264.525;  149.350;    0.000
297.272; 3205.525;  150.350;    0.000
297.336; 3220.525;  119.350;    0.000
297.399; 3133.525;  160.350;    0.000
297.463; 3306.525;  158.350;    0.000
297.526; 3320.525;  160.350;    0.000
297.590; 3242.525;  173.350;    0.000
297.653; 3190.525;  121.350;    0.000
297.717; 3122.525;  168.350;    0.000
297.780; 3219.525;  131.350;    0.000
297.843; 3262.525;  154.350;    0.000
297.907; 3203.525;  126.350;    0.000
297.970; 3115.525;  180.350;    0.000
298.034; 3143.525;  140.350;    0.000
298.097; 3151.525;  207.350;    0.000
298.160; 3091.525;  177.350;    0.000
298.224; 3171.525;  165.350;    0.000
298.287; 3239.525;  160.350;    0.000
298.350; 3167.525;  176.350;    0.000
298.414; 3033.525;  155.350;    0.000
298.477; 3125.525;  132.350;    0.000
298.540; 3077.525;  162.350;    0.000
298.604; 3155.525;  180.350;    0.000
298.667; 3101.525;  208.350;    0.000
298.730; 3070.525;  177.350;    0.000
298.794; 3018.525;  126.350;    0.000
298.857; 3116.525;  171.350;    0.000
298.920; 3099.525;  124.350;    0.000
298.984; 3000.525;  146.350;    0.000
299.047; 3039.525;  140.350;    0.000
299.110; 3033.525;  159.350;    0.000
299.173; 3110.525;  177.350;    0.000
299.237; 2995.525;  196.350;    0.000
299.300; 2926.525;  121.350;    0.000
299.363; 2895.525;  172.350;    0.000
299.426; 2962.525;  117.350;    0.000
299.489; 2935.525;  138.350;    0.000
299.553; 2935.525;  198.350;    0.000
299.616; 2947.525;  158.350;    0.000
299.679; 2899.525;  148.350;    0.000
299.742; 2867.525;  138.350;    0.000
299.805; 3005.525;  157.350;    0.000
299.868; 2845.525;  183.350;    0.000
299.932; 2901.525;  137.350;    0.000
299.995; 2913.525;  152.350;    0.000
300.058; 3015.525;  171.350;    0.000
300.121; 2824.525;  172.350;    0.000
300.184; 2838.525;  161.350;    0.000
300.247; 2866.525;  156.350;    0.000
300.310; 2894.525;  154.350;    0.000
300.374; 2833.525;  147.350;    0.000
300.437; 2812.525;  144.350;    0.000
300.500; 2905.525;  152.350;    0.000
300.563; 2897.525;  160.350;    0.000
300.626; 2907.525;  167.350;    0.000
300.689; 2876.525;  193.350;    0.000
300.752; 2842.525;  134.350;    0.000
300.815; 2790.525;  194.350;    0.000
300.878; 2802.525;  156.350;    0.000
300.941; 2835.525;  177.350;    0.000
301.004; 2802.525;  160.350;    0.000
301.067; 2879.525;  153.350;    0.000
301.130; 2799.525;  167.350;    0.000
301.193; 2757.525;  156.350;    0.000
301.256; 2729.525;  176.350;    0.000
301.319; 2885.525;  172.350;    0.000
301.382; 2831.525;  150.350;    0.000
301.445; 2821.525;  183.350;    0.000
301.508; 2722.525;  118.350;    0.000
301.571; 2704.525;  142.350;    0.000
301.634; 2854.525;  164.350;    0.000
301.697; 2789.525;  169.350;    0.000
301.760; 2744.525;  197.350;    0.000
301.823; 2725.525;  155.350;    0.000
301.885; 2844.525;  165.350;    0.000
301.948; 2763.525;  168.350;    0.000
302.011; 2848.525;  172.350;    0.000
302.074; 2814.525;  182.350;    0.000
302.137; 2744.525;  161.350;    0.000
302.200; 2810.525;  174.350;    0.000
302.263; 2801.525;  158.350;    0.000
302.326; 2834.525;  168.350;    0.000
302.388; 2767.525;  165.350;    0.000
302.451; 2694.525;  158.350;    0.000
302.514; 2715.525;  181.350;    0.000
302.577; 2796.525;  147.350;    0.000
302.640; 2701.525;  178.350;    0.000
302.703; 2805.525;  164.350;    0.000
302.765; 2713.525;  149.350;    0.000
302.828; 2715.525;  192.350;    0.000
302.891; 2716.525;  201.350;    0.000
302.954; 2748.525;  135.350;    0.000
303.016; 2688.525;  180.350;    0.000
303.079; 2756.525;  192.350;    0.000
303.142; 2723.525;  176.350;    0.000
303.205; 2796.525;  176.350;    0.000
303.267; 2734.525;  163.350;    0.000
303.330; 2720.525;  162.350;    0.000
303.393; 2690.525;  164.350;    0.000
303.456; 2769.525;  180.350;    0.000
303.518; 2752.525;  162.350;    0.000
303.581; 2665.525;  137.350;    0.000
303.644; 2628.525;  135.350;    0.000
303.706; 2693.525;  170.350;    0.000
303.769; 2710.525;  216.350;    0.000
303.832; 2692.525;  143.350;    0.000
303.894; 2750.525;  162.350;    0.000
303.957; 2728.525;  149.350;    0.000
304.020; 2744.525;  111.350;    0.000
304.082; 2661.525;  158.350;    0.000
304.145; 2710.525;  149.350;    0.000
304.207; 2637.525;  169.350;    0.000
304.270; 2734.525;  170.350;    0.000
304.333; 2838.525;  185.350;    0.000
304.395; 2744.525;  179.350;    0.000
304.458; 2723.525;  174.350;    0.000
304.520; 2756.525;  160.350;    0.000
304.583; 2779.525;  175.350;    0.000
304.646; 2789.525;  160.350;    0.000
304.708; 2712.525;  173.350;    0.000
304.771; 2721.525;  115.350;    0.000
304.833; 2684.525;  172.350;    0.000
304.896; 2819.525;  187.350;    0.000
304.958; 2688.525;  142.350;    0.000
305.021; 2706.525;  164.350;    0.000
305.083; 2726.525;  139.350;    0.000
305.146; 2700.525;  162.350;    0.000
305.208; 2803.525;  135.350;    0.000
305.271; 2656.525;  159.350;    0.000
305.333; 2713.525;  210.350;    0.000
305.396; 2711.525;  151.350;    0.000
305.458; 2768.525;  195.350;    0.000
305.520; 2725.525;  179.350;    0.000
305.583; 2810.525;  157.350;    0.000
305.645; 2780.525;  187.350;    0.000
305.708; 2775.525;  159.350;    0.000
305.770; 2910.525;  189.350;    0.000
305.833; 2798.525;  147.350;    0.000
305.895; 2745.525;  154.350;    0.000
305.957; 2764.525;  143.350;    0.000
306.020; 2649.525;  133.350;    0.000
306.082; 2791.525;  146.350;    0.000
306.144; 2665.525;  171.350;    0.000
306.207; 2706.525;  151.350;    0.000
306.269; 2704.525;  169.350;    0.000
306.331; 2782.525;  162.350;    0.000
306.394; 2797.525;  171.350;    0.000
306.456; 2694.525;  155.350;    0.000
306.518; 2735.525;  183.350;    0.000
306.581; 2642.525;  180.350;    0.000
306.643; 2705.525;  199.350;    0.000
306.705; 2674.525;  163.350;    0.000
306.768; 2703.525;  183.350;    0.000
306.830; 2747.525;  183.350;    0.000
306.892; 2835.525;  190.350;    0.000
306.954; 2694.525;  161.350;    0.000
307.017; 2783.525;  151.350;    0.000
307.079; 2709.525;  147.350;    0.000
307.141; 2831.525;  179.350;    0.000
307.203; 2797.525;  143.350;    0.000
307.266; 2849.525;  142.350;    0.000
307.328; 2801.525;  161.350;    0.000
307.390; 2844.525;  189.350;    0.000
307.452; 2845.525;  155.350;    0.000
307.514; 2930.525;  211.350;    0.000
307.577; 2764.525;  201.350;    0.000
307.639; 2788.525;  192.350;    0.000
307.701; 2904.525;  162.350;    0.000
307.763; 2964.525;  155.350;    0.000
307.825; 2853.525;  193.350;    0.000
307.887; 2934.525;  214.350;    0.000
307.949; 2884.525;  208.350;    0.000
308.012; 2852.525;  175.350;    0.000
308.074; 2842.525;  155.350;    0.000
308.136; 2866.525;  172.350;    0.000
308.198; 2933.525;  171.350;    0.000
308.260; 2874.525;  182.350;    0.000
308.322; 2946.525;  177.350;    0.000
308.384; 2935.525;  207.350;    0.000
308.446; 2901.525;  170.350;    0.000
308.508; 2890.525;  177.350;    0.000
308.570; 2957.525;  195.350;    0.000
308.632; 2987.525;  190.350;    0.000
308.694; 2973.525;  161.350;    0.000
308.756; 2958.525;  173.350;    0.000
308.818; 3055.525;  190.350;    0.000
308.880; 2980.525;  197.350;    0.000
308.942; 2991.525;  223.350;    0.000
309.004; 3046.525;  176.350;    0.000
309.066; 3057.525;  182.350;    0.000
309.128; 3139.525;  185.350;    0.000
309.190; 3166.525;  166.350;    0.000
309.252; 3229.525;  191.350;    0.000
309.314; 3319.525;  208.350;    0.000
309.376; 3310.525;  205.350;    0.000
309.438; 3295.525;  166.350;    0.000
309.500; 3309.525;  195.350;    0.000
309.562; 3234.525;  163.350;    0.000
309.624; 3223.525;  162.350;    0.000
309.686; 3331.525;  194.350;    0.000
309.747; 3241.525;  179.350;    0.000
309.809; 3180.525;  211.350;    0.000
309.871; 3239.525;  191.350;    0.000
309.933; 3117.525;  151.350;    0.000
309.995; 3045.525;  179.350;    0.000
310.057; 3092.525;  175.350;    0.000
310.119; 3084.525;  161.350;    0.000
310.180; 3015.525;  167.350;    0.000
310.242; 3114.525;  171.350;    0.000
310.304; 3138.525;  209.350;    0.000
310.366; 3074.525;  229.350;    0.000
310.428; 3030.525;  132.350;    0.000
310.489; 3143.525;  165.350;    0.000
310.551; 2995.525;  193.350;    0.000
310.613; 3019.525;  182.350;    0.000
310.675; 3031.525;  186.350;    0.000
310.737; 3003.525;  192.350;    0.000
310.798; 3093.525;  194.350;    0.000
310.860; 2981.525;  220.350;    0.000
310.922; 3035.525;  161.350;    0.000
310.983; 3051.525;  203.350;    0.000
311.045; 3013.525;  198.350;    0.000
311.107; 2948.525;  179.350;    0.000
311.169; 2876.525;  154.350;    0.000
311.230; 2979.525;  134.350;    0.000
311.292; 2939.525;  215.350;    0.000
311.354; 2970.525;  171.350;    0.000
311.415; 3000.525;  195.350;    0.000
311.477; 2950.525;  185.350;    0.000
311.539; 3009.525;  183.350;    0.000
311.600; 2977.525;  183.350;    0.000
311.662; 3021.525;  207.350;    0.000
311.724; 3042.525;  193.350;    0.000
311.785; 2959.525;  180.350;    0.000
311.847; 2954.525;  155.350;    0.000
311.908; 2982.525;  179.350;    0.000
311.970; 3086.525;  193.350;    0.000
312.032; 2975.525;  188.350;    0.000
312.093; 2995.525;  166.350;    0.000
312.155; 3069.525;  147.350;    0.000
312.216; 2985.525;  177.350;    0.000
312.278; 2947.525;  162.350;    0.000
312.339; 2977.525;  158.350;    0.000
312.401; 2995.525;  181.350;    0.000
312.462; 2988.525;  153.350;    0.000
312.524; 3016.525;  186.350;    0.000
312.585; 3101.525;  191.350;    0.000
312.647; 3048.525;  131.350;    0.000
312.708; 3033.525;  170.350;    0.000
312.770; 3108.525;  194.350;    0.000
312.831; 3042.525;  161.350;    0.000
312.893; 3032.525;  179.350;    0.000
312.954; 3014.525;  183.350;    0.000
313.016; 3092.525;  189.350;    0.000
313.077; 3064.525;  169.350;    0.000
313.139; 3141.525;  148.350;    0.000
313.200; 3116.525;  155.350;    0.000
313.261; 3035.525;  213.350;    0.000
313.323; 3022.525;  162.350;    0.000
313.384; 3074.525;  160.350;    0.000
313.446; 3054.525;  202.350;    0.000
313.507; 3168.525;  149.350;    0.000
313.568; 3105.525;  194.350;    0.000
313.630; 3011.525;  163.350;    0.000
313.691; 3075.525;  158.350;    0.000
313.752; 3017.525;  179.350;    0.000
313.814; 2968.525;  180.350;    0.000
313.875; 3070.525;  191.350;    0.000
313.936; 3049.525;  169.350;    0.000
313.998; 3119.525;  165.350;    0.000
314.059; 3042.525;  211.350;    0.000
314.120; 3002.525;  190.350;    0.000
314.182; 3053.525;  185.350;    0.000
314.243; 3050.525;  186.350;    0.000
314.304; 2993.525;  178.350;    0.000
314.365; 3061.525;  187.350;    0.000
314.427; 2979.525;  145.350;    0.000
314.488; 3144.525;  184.350;    0.000
314.549; 2991.525;  181.350;    0.000
314.610; 2976.525;  151.350;    0.000
314.672; 3120.525;  153.350;    0.000
314.733; 3061.525;  148.350;    0.000
314.794; 2914.525;  156.350;    0.000
314.855; 3073.525;  196.350;    0.000
314.917; 3028.525;  157.350;    0.000
314.978; 3006.525;  174.350;    0.000
315.039; 3072.525;  168.350;    0.000
315.100; 2995.525;  154.350;    0.000
315.161; 3140.525;  176.350;    0.000
315.222; 2998.525;  198.350;    0.000
315.283; 3051.525;  169.350;    0.000
315.345; 2980.525;  162.350;    0.000
315.406; 3083.525;  199.350;    0.000
315.467; 3064.525;  180.350;    0.000
315.528; 3005.525;  179.350;    0.000
315.589; 2983.525;  166.350;    0.000
315.650; 3032.525;  179.350;    0.000
315.711; 2971.525;  177.350;    0.000
315.772; 2982.525;  180.350;    0.000
315.833; 3050.525;  157.350;    0.000
315.894; 2985.525;  133.350;    0.000
315.955; 3008.525;  205.350;    0.000
316.016; 3039.525;  190.350;    0.000
316.078; 3005.525;  174.350;    0.000
316.139; 3089.525;  208.350;    0.000
316.200; 3014.525;  166.350;    0.000
316.261; 2998.525;  186.350;    0.000
316.322; 2975.525;  185.350;    0.000
316.383; 3026.525;  179.350;    0.000
316.444; 3048.525;  172.350;    0.000
316.504; 3001.525;  181.350;    0.000
316.565; 3045.525;  197.350;    0.000
316.626; 2887.525;  196.350;    0.000
316.687; 2991.525;  173.350;    0.000
316.748; 2910.525;  178.350;    0.000
316.809; 3000.525;  178.350;    0.000
316.870; 3026.525;  134.350;    0.000
316.931; 2951.525;  166.350;    0.000
316.992; 2947.525;  200.350;    0.000
317.053; 2993.525;  169.350;    0.000
317.114; 3058.525;  185.350;    0.000
317.175; 3029.525;  213.350;    0.000
317.235; 2957.525;  199.350;    0.000
317.296; 2961.525;  190.350;    0.000
317.357; 3046.525;  152.350;    0.000
317.418; 2879.525;  192.350;    0.000
317.479; 2978.525;  170.350;    0.000
317.540; 2894.525;  179.350;    0.000
317.601; 2900.525;  155.350;    0.000
317.661; 2865.525;  154.350;    0.000
317.722; 2955.525;  190.350;    0.000
317.783; 2877.525;  149.350;    0.000
317.844; 2973.525;  207.350;    0.000
317.904; 2944.525;  153.350;    0.000
317.965; 2844.525;  179.350;    0.000
318.026; 3001.525;  235.350;    0.000
318.087; 2952.525;  184.350;    0.000
318.148; 2948.525;  201.350;    0.000
318.208; 2962.525;  220.350;    0.000
318.269; 2974.525;  175.350;    0.000
318.330; 2976.525;  185.350;    0.000
318.390; 2908.525;  180.350;    0.000
318.451; 2958.525;  164.350;    0.000
318.512; 2873.525;  150.350;    0.000
318.572; 2923.525;  205.350;    0.000
318.633; 2976.525;  224.350;    0.000
318.694; 2960.525;  202.350;    0.000
318.754; 2909.525;  196.350;    0.000
318.815; 3032.525;  187.350;    0.000
318.876; 2927.525;  200.350;    0.000
318.936; 2948.525;  232.350;    0.000
318.997; 2880.525;  211.350;    0.000
319.058; 2986.525;  194.350;    0.000
319.118; 2914.525;  197.350;    0.000
319.179; 2947.525;  162.350;    0.000
319.239; 2944.525;  188.350;    0.000
319.300; 2942.525;  205.350;    0.000
319.361; 2963.525;  179.350;    0.000
319.421; 2939.525;  182.350;    0.000
319.482; 2807.525;  189.350;    0.000
319.542; 2928.525;  180.350;    0.000
319.603; 2885.525;  204.350;    0.000
319.663; 2899.525;  195.350;    0.000
319.724; 2881.525;  135.350;    0.000
319.784; 2819.525;  184.350;    0.000
319.845; 2946.525;  160.350;    0.000
319.905; 2924.525;  206.350;    0.000
319.966; 2909.525;  203.350;    0.000
320.026; 2922.525;  203.350;    0.000
320.087; 2937.525;  206.350;    0.000
320.147; 2795.525;  180.350;    0.000
320.208; 2848.525;  189.350;    0.000
320.268; 2882.525;  179.350;    0.000
320.329; 2939.525;  215.350;    0.000
320.389; 2926.525;  193.350;    0.000
320.449; 2885.525;  210.350;    0.000
320.510; 3000.525;  206.350;    0.000
320.570; 2905.525;  221.350;    0.000
320.631; 2867.525;  203.350;    0.000
320.691; 2871.525;  190.350;    0.000
320.751; 2896.525;  205.350;    0.000
320.812; 2838.525;  191.350;    0.000
320.872; 2940.525;  216.350;    0.000
320.932; 2981.525;  209.350;    0.000
320.993; 2951.525;  189.350;    0.000
321.053; 2946.525;  228.350;    0.000
321.113; 2857.525;  163.350;    0.000
321.174; 2846.525;  204.350;    0.000
321.234; 2926.525;  214.350;    0.000
321.294; 2925.525;  184.350;    0.000
321.355; 2907.525;  216.350;    0.000
321.415; 2910.525;  187.350;    0.000
321.475; 2861.525;  216.350;    0.000
321.535; 2897.525;  189.350;    0.000
321.596; 2864.525;  186.350;    0.000
321.656; 2787.525;  204.350;    0.000
321.716; 2869.525;  183.350;    0.000
321.776; 2860.525;  194.350;    0.000
321.837; 2916.525;  190.350;    0.000
321.897; 2916.525;  219.350;    0.000
321.957; 2925.525;  222.350;    0.000
322.017; 2788.525;  183.350;    0.000
322.077; 2926.525;  239.350;    0.000
322.138; 2882.525;  219.350;    0.000
322.198; 2872.525;  185.350;    0.000
322.258; 2878.525;  231.350;    0.000
322.318; 2862.525;  197.350;    0.000
322.378; 2965.525;  179.350;    0.000
322.438; 2871.525;  217.350;    0.000
322.499; 2846.525;  238.350;    0.000
322.559; 2827.525;  197.350;    0.000
322.619; 2867.525;  204.350;    0.000
322.679; 2774.525;  199.350;    0.000
322.739; 2787.525;  194.350;    0.000
322.799; 2867.525;  203.350;    0.000
322.859; 2793.525;  234.350;    0.000
322.919; 2873.525;  194.350;    0.000
322.979; 2853.525;  219.350;    0.000
323.039; 2859.525;  193.350;    0.000
323.099; 2799.525;  207.350;    0.000
323.159; 2756.525;  213.350;    0.000
323.219; 2782.525;  171.350;    0.000
323.279; 2842.525;  215.350;    0.000
323.339; 2843.525;  170.350;    0.000
323.399; 2877.525;  195.350;    0.000
323.459; 2836.525;  234.350;    0.000
323.519; 2879.525;  201.350;    0.000
323.579; 2855.525;  167.350;    0.000
323.639; 2851.525;  209.350;    0.000
323.699; 2842.525;  217.350;    0.000
323.759; 2882.525;  213.350;    0.000
323.819; 2891.525;  216.350;    0.000
323.879; 2937.525;  193.350;    0.000
323.939; 2819.525;  182.350;    0.000
323.999; 2751.525;  206.350;    0.000
324.059; 2811.525;  196.350;    0.000
324.119; 2883.525;  240.350;    0.000
324.178; 2788.525;  186.350;    0.000
324.238; 2817.525;  179.350;    0.000
324.298; 2773.525;  195.350;    0.000
324.358; 2845.525;  208.350;    0.000
324.418; 2761.525;  190.350;    0.000
324.478; 2858.525;  197.350;    0.000
324.538; 2810.525;  157.350;    0.000
324.597; 2786.525;  219.350;    0.000
324.657; 2852.525;  176.350;    0.000
324.717; 2776.525;  179.350;    0.000
324.777; 2761.525;  190.350;    0.000
324.837; 2739.525;  172.350;    0.000
324.896; 2797.525;  199.350;    0.000
324.956; 2736.525;  216.350;    0.000
325.016; 2802.525;  191.350;    0.000
325.076; 2802.525;  185.350;    0.000
325.135; 2831.525;  174.350;    0.000
325.195; 2840.525;  175.350;    0.000
325.255; 2802.525;  144.350;    0.000
325.315; 2699.525;  201.350;    0.000
325.374; 2857.525;  198.350;    0.000
325.434; 2867.525;  181.350;    0.000
325.494; 2772.525;  183.350;    0.000
325.553; 2721.525;  172.350;    0.000
325.613; 2857.525;  200.350;    0.000
325.673; 2830.525;  177.350;    0.000
325.732; 2875.525;  174.350;    0.000
325.792; 2788.525;  181.350;    0.000
325.852; 2824.525;  214.350;    0.000
325.911; 2804.525;  230.350;    0.000
325.971; 2857.525;  198.350;    0.000
326.031; 2877.525;  201.350;    0.000
326.090; 2864.525;  214.350;    0.000
326.150; 2808.525;  163.350;    0.000
326.209; 2794.525;  207.350;    0.000
326.269; 2874.525;  201.350;    0.000
326.328; 2778.525;  208.350;    0.000
326.388; 2800.525;  169.350;    0.000
326.448; 2912.525;  229.350;    0.000
326.507; 2913.525;  243.350;    0.000
326.567; 2771.525;  162.350;    0.000
326.626; 2815.525;  200.350;    0.000
326.686; 2762.525;  166.350;    0.000
326.745; 2738.525;  178.350;    0.000
326.805; 2812.525;  185.350;    0.000
326.864; 2863.525;  209.350;    0.000
326.924; 2801.525;  234.350;    0.000
326.983; 2825.525;  197.350;    0.000
327.043; 2853.525;  217.350;    0.000
327.102; 2774.525;  174.350;    0.000
327.161; 2697.525;  172.350;    0.000
327.221; 2756.525;  183.350;    0.000
327.280; 2742.525;  200.350;    0.000
327.340; 2646.525;  200.350;    0.000
327.399; 2767.525;  219.350;    0.000
327.459; 2710.525;  246.350;    0.000
327.518; 2684.525;  217.350;    0.000
327.577; 2737.525;  212.350;    0.000
327.637; 2737.525;  188.350;    0.000
327.696; 2709.525;  201.350;    0.000
327.755; 2801.525;  199.350;    0.000
327.815; 2712.525;  224.350;    0.000
327.874; 2696.525;  236.350;    0.000
327.933; 2740.525;  182.350;    0.000
327.993; 2772.525;  206.350;    0.000
328.052; 2750.525;  191.350;    0.000
328.111; 2716.525;  222.350;    0.000
328.171; 2714.525;  200.350;    0.000
328.230; 2668.525;  203.350;    0.000
328.289; 2782.525;  219.350;    0.000
328.349; 2733.525;  231.350;    0.000
328.408; 2684.525;  223.350;    0.000
328.467; 2751.525;  226.350;    0.000
328.526; 2658.525;  197.350;    0.000
328.586; 2751.525;  221.350;    0.000
328.645; 2788.525;  199.350;    0.000
328.704; 2604.525;  227.350;    0.000
328.763; 2687.525;  201.350;    0.000
328.822; 2681.525;  230.350;    0.000
328.882; 2713.525;  244.350;    0.000
328.941; 2668.525;  221.350;    0.000
329.000; 2754.525;  207.350;    0.000
329.059; 2731.525;  208.350;    0.000
329.118; 2754.525;  203.350;    0.000
329.177; 2702.525;  198.350;    0.000
329.237; 2766.525;  218.350;    0.000
329.296; 2771.525;  213.350;    0.000
329.355; 2597.525;  208.350;    0.000
329.414; 2759.525;  231.350;    0.000
329.473; 2793.525;  221.350;    0.000
329.532; 2737.525;  243.350;    0.000
329.591; 2797.525;  210.350;    0.000
329.650; 2796.525;  232.350;    0.000
329.709; 2875.525;  211.350;    0.000
329.768; 2914.525;  194.350;    0.000
329.827; 2860.525;  237.350;    0.000
329.886; 2956.525;  213.350;    0.000
329.945; 3032.525;  190.350;    0.000
330.004; 3121.525;  233.350;    0.000
330.063; 3163.525;  191.350;    0.000
330.122; 3406.525;  234.350;    0.000
330.181; 3806.525;  220.350;    0.000
330.240; 3808.525;  191.350;    0.000
330.299; 3536.525;  210.350;    0.000
330.358; 3121.525;  191.350;    0.000
330.417; 2973.525;  225.350;    0.000
330.476; 2923.525;  226.350;    0.000
330.535; 2842.525;  217.350;    0.000
330.594; 2798.525;  205.350;    0.000
330.653; 2828.525;  193.350;    0.000
330.712; 2766.525;  206.350;    0.000
330.771; 2713.525;  175.350;    0.000
330.830; 2707.525;  204.350;    0.000
330.889; 2753.525;  198.350;    0.000
330.948; 2782.525;  198.350;    0.000
331.006; 2633.525;  207.350;    0.000
331.065; 2724.525;  203.350;    0.000
331.124; 2827.525;  210.350;    0.000
331.183; 2604.525;  165.350;    0.000
331.242; 2633.525;  195.350;    0.000
331.301; 2706.525;  191.350;    0.000
331.359; 2608.525;  205.350;    0.000
331.418; 2605.525;  183.350;    0.000
331.477; 2588.525;  198.350;    0.000
331.536; 2736.525;  211.350;    0.000
331.595; 2609.525;  191.350;    0.000
331.653; 2580.525;  232.350;    0.000
331.712; 2574.525;  225.350;    0.000
331.771; 2592.525;  199.350;    0.000
331.830; 2604.525;  189.350;    0.000
331.888; 2632.525;  219.350;    0.000
331.947; 2600.525;  188.350;    0.000
332.006; 2543.525;  180.350;    0.000
332.065; 2644.525;  177.350;    0.000
332.123; 2584.525;  214.350;    0.000
332.182; 2596.525;  223.350;    0.000
332.241; 2516.525;  202.350;    0.000
332.299; 2533.525;  180.350;    0.000
332.358; 2566.525;  206.350;    0.000
332.417; 2658.525;  195.350;    0.000
332.475; 2606.525;  221.350;    0.000
332.534; 2650.525;  207.350;    0.000
332.592; 2582.525;  190.350;    0.000
332.651; 2683.525;  203.350;    0.000
332.710; 2731.525;  219.350;    0.000
332.768; 2661.525;  210.350;    0.000
332.827; 2687.525;  173.350;    0.000
332.885; 2695.525;  239.350;    0.000
332.944; 2655.525;  145.350;    0.000
333.003; 2673.525;  197.350;    0.000
333.061; 2706.525;  179.350;    0.000
333.120; 2779.525;  198.350;    0.000
333.178; 2697.525;  185.350;    0.000
333.237; 2719.525;  204.350;    0.000
333.295; 2780.525;  266.350;    0.000
333.354; 2763.525;  181.350;    0.000
333.412; 2807.525;  189.350;    0.000
333.471; 2752.525;  216.350;    0.000
333.529; 2771.525;  220.350;    0.000
333.588; 2874.525;  193.350;    0.000
333.646; 2909.525;  186.350;    0.000
333.705; 2889.525;  210.350;    0.000
333.763; 2924.525;  222.350;    0.000
333.822; 2795.525;  222.350;    0.000
333.880; 2823.525;  202.350;    0.000
333.938; 2754.525;  205.350;    0.000
333.997; 2750.525;  199.350;    0.000
334.055; 2904.525;  199.350;    0.000
334.114; 2843.525;  237.350;    0.000
334.172; 2723.525;  155.350;    0.000
334.230; 2809.525;  208.350;    0.000
334.289; 2873.525;  191.350;    0.000
334.347; 2786.525;  211.350;    0.000
334.405; 2727.525;  212.350;    0.000
334.464; 2763.525;  179.350;    0.000
334.522; 2754.525;  160.350;    0.000
334.580; 2760.525;  195.350;    0.000
334.639; 2837.525;  191.350;    0.000
334.697; 2723.525;  194.350;    0.000
334.755; 2811.525;  185.350;    0.000
334.814; 2619.525;  214.350;    0.000
334.872; 2734.525;  179.350;    0.000
334.930; 2674.525;  169.350;    0.000
334.988; 2733.525;  201.350;    0.000
335.047; 2757.525;  188.350;    0.000
335.105; 2793.525;  175.350;    0.000
335.163; 2645.525;  191.350;    0.000
335.221; 2677.525;  196.350;    0.000
335.280; 2706.525;  182.350;    0.000
335.338; 2700.525;  202.350;    0.000
335.396; 2726.525;  219.350;    0.000
335.454; 2686.525;  187.350;    0.000
335.512; 2742.525;  236.350;    0.000
335.570; 2649.525;  209.350;    0.000
335.629; 2670.525;  247.350;    0.000
335.687; 2781.525;  219.350;    0.000
335.745; 2801.525;  203.350;    0.000
335.803; 2715.525;  220.350;    0.000
335.861; 2708.525;  208.350;    0.000
335.919; 2761.525;  223.350;    0.000
335.977; 2814.525;  201.350;    0.000
336.035; 2616.525;  193.350;    0.000
336.094; 2709.525;  178.350;    0.000
336.152; 2778.525;  182.350;    0.000
336.210; 2730.525;  199.350;    0.000
336.268; 2789.525;  216.350;    0.000
336.326; 2688.525;  216.350;    0.000
336.384; 2744.525;  201.350;    0.000
336.442; 2795.525;  197.350;    0.000
336.500; 2707.525;  203.350;    0.000
336.558; 2808.525;  198.350;    0.000
336.616; 2666.525;  210.350;    0.000
336.674; 2728.525;  192.350;    0.000
336.732; 2707.525;  182.350;    0.000
336.790; 2709.525;  189.350;    0.000
336.848; 2736.525;  233.350;    0.000
336.906; 2631.525;  235.350;    0.000
336.964; 2720.525;  208.350;    0.000
337.022; 2787.525;  249.350;    0.000
337.080; 2850.525;  204.350;    0.000
337.138; 2726.525;  176.350;    0.000
337.195; 2659.525;  207.350;    0.000
337.253; 2642.525;  214.350;    0.000
337.311; 2683.525;  210.350;    0.000
337.369; 2751.525;  222.350;    0.000
337.427; 2659.525;  236.350;    0.000
337.485; 2645.525;  241.350;    0.000
337.543; 2727.525;  217.350;    0.000
337.601; 2629.525;  221.350;    0.000
337.658; 2657.525;  205.350;    0.000
337.716; 2633.525;  210.350;    0.000
337.774; 2620.525;  196.350;    0.000
337.832; 2599.525;  200.350;    0.000
337.890; 2526.525;  192.350;    0.000
337.947; 2592.525;  192.350;    0.000
338.005; 2656.525;  211.350;    0.000
338.063; 2612.525;  176.350;    0.000
338.121; 2675.525;  222.350;    0.000
338.178; 2615.525;  198.350;    0.000
338.236; 2622.525;  210.350;    0.000
338.294; 2624.525;  211.350;    0.000
338.352; 2626.525;  212.350;    0.000
338.409; 2561.525;  199.350;    0.000
338.467; 2611.525;  205.350;    0.000
338.525; 2611.525;  217.350;    0.000
338.583; 2482.525;  197.350;    0.000
338.640; 2483.525;  226.350;    0.000
338.698; 2522.525;  201.350;    0.000
338.756; 2565.525;  192.350;    0.000
338.813; 2587.525;  220.350;    0.000
338.871; 2601.525;  258.350;    0.000
338.928; 2583.525;  223.350;    0.000
338.986; 2593.525;  200.350;    0.000
339.044; 2750.525;  206.350;    0.000
339.101; 2633.525;  250.350;    0.000
339.159; 2612.525;  245.350;    0.000
339.216; 2551.525;  227.350;    0.000
339.274; 2648.525;  260.350;    0.000
339.332; 2557.525;  223.350;    0.000
339.389; 2688.525;  233.350;    0.000
339.447; 2572.525;  206.350;    0.000
339.504; 2537.525;  229.350;    0.000
339.562; 2644.525;  194.350;    0.000
339.619; 2634.525;  245.350;    0.000
339.677; 2648.525;  238.350;    0.000
339.734; 2584.525;  197.350;    0.000
339.792; 2474.525;  210.350;    0.000
339.849; 2556.525;  201.350;    0.000
339.907; 2547.525;  252.350;    0.000
339.964; 2630.525;  191.350;    0.000
340.022; 2536.525;  246.350;    0.000
340.079; 2471.525;  213.350;    0.000
340.137; 2528.525;  240.350;    0.000
340.194; 2545.525;  208.350;    0.000
340.252; 2501.525;  215.350;    0.000
340.309; 2544.525;  203.350;    0.000
340.366; 2517.525;  194.350;    0.000
340.424; 2662.525;  226.350;    0.000
340.481; 2594.525;  234.350;    0.000
340.538; 2506.525;  205.350;    0.000
340.596; 2526.525;  197.350;    0.000
340.653; 2512.525;  233.350;    0.000
340.711; 2591.525;  273.350;    0.000
340.768; 2551.525;  237.350;    0.000
340.825; 2575.525;  224.350;    0.000
340.883; 2593.525;  240.350;    0.000
340.940; 2550.525;  216.350;    0.000
340.997; 2567.525;  228.350;    0.000
341.054; 2587.525;  200.350;    0.000
341.112; 2543.525;  220.350;    0.000
341.169; 2660.525;  226.350;    0.000
341.226; 2663.525;  206.350;    0.000
341.284; 2527.525;  204.350;    0.000
341.341; 2595.525;  214.350;    0.000
341.398; 2549.525;  160.350;    0.000
341.455; 2538.525;  209.350;    0.000
341.512; 2529.525;  233.350;    0.000
341.570; 2635.525;  240.350;    0.000
341.627; 2567.525;  209.350;    0.000
341.684; 2532.525;  178.350;    0.000
341.741; 2601.525;  254.350;    0.000
341.798; 2620.525;  232.350;    0.000
341.856; 2515.525;  196.350;    0.000
341.913; 2621.525;  244.350;    0.000
341.970; 2446.525;  203.350;    0.000
342.027; 2566.525;  235.350;    0.000
342.084; 2668.525;  214.350;    0.000
342.141; 2577.525;  194.350;    0.000
342.198; 2542.525;  194.350;    0.000
342.255; 2587.525;  219.350;    0.000
342.313; 2577.525;  195.350;    0.000
342.370; 2546.525;  207.350;    0.000
342.427; 2588.525;  217.350;    0.000
342.484; 2519.525;  213.350;    0.000
342.541; 2475.525;  215.350;    0.000
342.598; 2604.525;  247.350;    0.000
342.655; 2565.525;  205.350;    0.000
342.712; 2550.525;  226.350;    0.000
342.769; 2545.525;  212.350;    0.000
342.826; 2565.525;  203.350;    0.000
342.883; 2530.525;  207.350;    0.000
342.940; 2466.525;  204.350;    0.000
342.997; 2601.525;  237.350;    0.000
343.054; 2596.525;  210.350;    0.000
343.111; 2548.525;  209.350;    0.000
343.168; 2563.525;  201.350;    0.000
343.225; 2681.525;  208.350;    0.000
343.282; 2594.525;  216.350;    0.000
343.339; 2722.525;  237.350;    0.000
343.395; 2680.525;  218.350;    0.000
343.452; 2643.525;  234.350;    0.000
343.509; 2660.525;  214.350;    0.000
343.566; 2743.525;  222.350;    0.000
343.623; 2771.525;  226.350;    0.000
343.680; 2656.525;  245.350;    0.000
343.737; 2765.525;  209.350;    0.000
343.794; 2766.525;  227.350;    0.000
343.850; 2787.525;  197.350;    0.000
343.907; 2853.525;  211.350;    0.000
343.964; 2762.525;  190.350;    0.000
344.021; 2906.525;  252.350;    0.000
344.078; 2843.525;  261.350;    0.000
344.134; 2847.525;  206.350;    0.000
344.191; 2820.525;  231.350;    0.000
344.248; 2827.525;  225.350;    0.000
344.305; 2713.525;  210.350;    0.000
344.361; 2825.525;  194.350;    0.000
344.418; 2777.525;  219.350;    0.000
344.475; 2842.525;  245.350;    0.000
344.532; 2793.525;  238.350;    0.000
344.588; 2814.525;  235.350;    0.000
344.645; 2734.525;  229.350;    0.000
344.702; 2782.525;  145.350;    0.000
344.758; 2905.525;  240.350;    0.000
344.815; 2808.525;  215.350;    0.000
344.872; 2719.525;  203.350;    0.000
344.928; 2783.525;  208.350;    0.000
344.985; 2717.525;  216.350;    0.000
345.042; 2798.525;  234.350;    0.000
345.098; 2612.525;  183.350;    0.000
345.155; 2803.525;  241.350;    0.000
345.212; 2759.525;  222.350;    0.000
345.268; 2622.525;  234.350;    0.000
345.325; 2689.525;  181.350;    0.000
345.381; 2678.525;  251.350;    0.000
345.438; 2809.525;  256.350;    0.000
345.495; 2727.525;  247.350;    0.000
345.551; 2793.525;  231.350;    0.000
345.608; 2726.525;  206.350;    0.000
345.664; 2753.525;  201.350;    0.000
345.721; 2724.525;  216.350;    0.000
345.777; 2795.525;  195.350;    0.000
345.834; 2584.525;  195.350;    0.000
345.890; 2723.525;  227.350;    0.000
345.947; 2660.525;  240.350;    0.000
346.003; 2692.525;  248.350;    0.000
346.060; 2733.525;  213.350;    0.000
346.116; 2798.525;  225.350;    0.000
346.173; 2757.525;  199.350;    0.000
346.229; 2794.525;  264.350;    0.000
346.285; 2698.525;  246.350;    0.000
346.342; 2744.525;  240.350;    0.000
346.398; 2713.525;  222.350;    0.000
346.455; 2770.525;  231.350;    0.000
346.511; 2813.525;  214.350;    0.000
346.567; 2753.525;  231.350;    0.000
346.624; 2790.525;  222.350;    0.000
346.680; 2808.525;  197.350;    0.000
346.737; 2813.525;  225.350;    0.000
346.793; 2696.525;  255.350;    0.000
346.849; 2836.525;  245.350;    0.000
346.906; 2773.525;  221.350;    0.000
346.962; 2750.525;  260.350;    0.000
347.018; 2682.525;  238.350;    0.000
347.074; 2806.525;  257.350;    0.000
347.131; 2740.525;  200.350;    0.000
347.187; 2792.525;  232.350;    0.000
347.243; 2795.525;  240.350;    0.000
347.300; 2765.525;  249.350;    0.000
347.356; 2741.525;  250.350;    0.000
347.412; 2834.525;  252.350;    0.000
347.468; 2788.525;  254.350;    0.000
347.524; 2747.525;  280.350;    0.000
347.581; 2810.525;  228.350;    0.000
347.637; 2832.525;  261.350;    0.000
347.693; 2775.525;  238.350;    0.000
347.749; 2798.525;  261.350;    0.000
347.805; 2791.525;  238.350;    0.000
347.862; 2763.525;  246.350;    0.000
347.918; 2850.525;  256.350;    0.000
347.974; 2903.525;  277.350;    0.000
348.030; 2753.525;  242.350;    0.000
348.086; 2783.525;  223.350;    0.000
348.142; 2819.525;  215.350;    0.000
348.198; 2881.525;  272.350;    0.000
348.254; 2901.525;  292.350;    0.000
348.311; 2824.525;  235.350;    0.000
348.367; 2821.525;  263.350;    0.000
348.423; 2809.525;  193.350;    0.000
348.479; 2722.525;  266.350;    0.000
348.535; 2774.525;  238.350;    0.000
348.591; 2842.525;  237.350;    0.000
348.647; 2798.525;  239.350;    0.000
348.703; 2806.525;  240.350;    0.000
348.759; 2749.525;  253.350;    0.000
348.815; 2859.525;  255.350;    0.000
348.871; 2815.525;  256.350;    0.000
348.927; 2731.525;  261.350;    0.000
348.983; 2895.525;  258.350;    0.000
349.039; 2836.525;  204.350;    0.000
349.095; 2883.525;  215.350;    0.000
349.151; 2743.525;  230.350;    0.000
349.207; 2839.525;  216.350;    0.000
349.263; 2857.525;  235.350;    0.000
349.319; 2794.525;  244.350;    0.000
349.374; 2815.525;  213.350;    0.000
349.430; 2827.525;  241.350;    0.000
349.486; 2801.525;  248.350;    0.000
349.542; 2892.525;  259.350;    0.000
349.598; 2927.525;  208.350;    0.000
349.654; 2935.525;  242.350;    0.000
349.710; 2857.525;  246.350;    0.000
349.766; 2884.525;  226.350;    0.000
349.821; 2788.525;  227.350;    0.000
349.877; 2883.525;  226.350;    0.000
349.933; 2899.525;  249.350;    0.000
349.989; 2940.525;  263.350;    0.000
350.045; 2770.525;  267.350;    0.000
350.100; 2866.525;  219.350;    0.000
350.156; 2805.525;  207.350;    0.000
350.212; 2787.525;  230.350;    0.000
350.268; 2856.525;  223.350;    0.000
350.323; 2787.525;  217.350;    0.000
350.379; 2735.525;  227.350;    0.000
350.435; 2848.525;  219.350;    0.000
350.491; 2873.525;  195.350;    0.000
350.546; 2866.525;  229.350;    0.000
350.602; 2847.525;  222.350;    0.000
350.658; 2825.525;  225.350;    0.000
350.713; 2904.525;  231.350;    0.000
350.769; 2756.525;  193.350;    0.000
350.825; 2839.525;  182.350;    0.000
350.880; 2785.525;  193.350;    0.000
350.936; 2898.525;  222.350;    0.000
350.992; 2736.525;  217.350;    0.000
351.047; 2880.525;  226.350;    0.000
351.103; 2809.525;  187.350;    0.000
351.158; 2900.525;  212.350;    0.000
351.214; 2779.525;  207.350;    0.000
351.270; 2798.525;  194.350;    0.000
351.325; 2818.525;  213.350;    0.000
351.381; 2822.525;  223.350;    0.000
351.436; 2886.525;  222.350;    0.000
351.492; 2889.525;  219.350;    0.000
351.547; 2917.525;  205.350;    0.000
351.603; 2923.525;  218.350;    0.000
351.658; 2859.525;  199.350;    0.000
351.714; 2849.525;  201.350;    0.000
351.769; 2862.525;  209.350;    0.000
351.825; 2976.525;  226.350;    0.000
351.880; 2907.525;  189.350;    0.000
351.936; 2957.525;  201.350;    0.000
351.991; 2948.525;  220.350;    0.000
352.047; 2921.525;  232.350;    0.000
352.102; 2894.525;  185.350;    0.000
352.158; 2857.525;  228.350;    0.000
352.213; 2832.525;  204.350;    0.000
352.268; 2850.525;  220.350;    0.000
352.324; 2816.525;  206.350;    0.000
352.379; 2811.525;  182.350;    0.000
352.434; 2936.525;  214.350;    0.000
352.490; 2904.525;  250.350;    0.000
352.545; 2941.525;  290.350;    0.000
352.601; 2870.525;  247.350;    0.000
352.656; 2939.525;  203.350;    0.000
352.711; 2704.525;  197.350;    0.000
352.767; 2916.525;  169.350;    0.000
352.822; 2750.525;  191.350;    0.000
352.877; 2921.525;  235.350;    0.000
352.932; 2835.525;  231.350;    0.000
352.988; 2842.525;  224.350;    0.000
353.043; 2876.525;  226.350;    0.000
353.098; 2889.525;  227.350;    0.000
353.153; 2900.525;  239.350;    0.000
353.209; 2903.525;  217.350;    0.000
353.264; 2877.525;  198.350;    0.000
353.319; 2848.525;  247.350;    0.000
353.374; 2962.525;  199.350;    0.000
353.430; 2910.525;  247.350;    0.000
353.485; 3047.525;  242.350;    0.000
353.540; 2890.525;  237.350;    0.000
353.595; 2876.525;  233.350;    0.000
353.650; 2893.525;  221.350;    0.000
353.705; 2907.525;  259.350;    0.000
353.761; 2845.525;  223.350;    0.000
353.816; 2797.525;  234.350;    0.000
353.871; 3008.525;  226.350;    0.000
353.926; 2902.525;  232.350;    0.000
353.981; 2965.525;  245.350;    0.000
354.036; 2934.525;  247.350;    0.000
354.091; 2918.525;  233.350;    0.000
354.146; 2928.525;  253.350;    0.000
354.201; 2815.525;  236.350;    0.000
354.256; 2942.525;  210.350;    0.000
354.311; 2929.525;  279.350;    0.000
354.367; 2825.525;  208.350;    0.000
354.422; 2844.525;  228.350;    0.000
354.477; 2863.525;  202.350;    0.000
354.532; 2907.525;  215.350;    0.000
354.587; 2902.525;  249.350;    0.000
354.642; 2876.525;  206.350;    0.000
354.697; 2864.525;  226.350;    0.000
354.751; 2971.525;  241.350;    0.000
354.806; 2845.525;  249.350;    0.000
354.861; 2885.525;  216.350;    0.000
354.916; 2922.525;  249.350;    0.000
354.971; 2934.525;  217.350;    0.000
355.026; 2915.525;  236.350;    0.000
355.081; 2944.525;  242.350;    0.000
355.136; 2884.525;  216.350;    0.000
355.191; 2927.525;  216.350;    0.000
355.246; 2881.525;  258.350;    0.000
355.301; 2927.525;  250.350;    0.000
355.355; 3026.525;  251.350;    0.000
355.410; 2902.525;  216.350;    0.000
355.465; 2891.525;  224.350;    0.000
355.520; 2942.525;  221.350;    0.000
355.575; 3009.525;  255.350;    0.000
355.630; 2933.525;  225.350;    0.000
355.684; 2985.525;  210.350;    0.000
355.739; 2909.525;  232.350;    0.000
355.794; 3033.525;  202.350;    0.000
355.849; 2996.525;  211.350;    0.000
355.904; 2984.525;  226.350;    0.000
355.958; 2954.525;  191.350;    0.000
356.013; 2846.525;  208.350;    0.000
356.068; 2902.525;  229.350;    0.000
356.123; 2894.525;  243.350;    0.000
356.177; 2948.525;  227.350;    0.000
356.232; 2913.525;  243.350;    0.000
356.287; 2889.525;  216.350;    0.000
356.341; 2909.525;  242.350;    0.000
356.396; 2771.525;  175.350;    0.000
356.451; 2870.525;  271.350;    0.000
356.505; 2900.525;  225.350;    0.000
356.560; 2886.525;  260.350;    0.000
356.615; 2936.525;  213.350;    0.000
356.669; 2999.525;  213.350;    0.000
356.724; 2987.525;  221.350;    0.000
356.778; 2992.525;  232.350;    0.000
356.833; 2837.525;  178.350;    0.000
356.888; 2984.525;  236.350;    0.000
356.942; 2923.525;  224.350;    0.000
356.997; 2983.525;  228.350;    0.000
357.051; 3002.525;  226.350;    0.000
357.106; 2934.525;  185.350;    0.000
357.160; 2908.525;  202.350;    0.000
357.215; 2853.525;  232.350;    0.000
357.269; 2909.525;  224.350;    0.000
357.324; 2927.525;  219.350;    0.000
357.378; 2889.525;  196.350;    0.000
357.433; 2912.525;  241.350;    0.000
357.487; 2904.525;  244.350;    0.000
357.542; 2990.525;  210.350;    0.000
357.596; 2981.525;  231.350;    0.000
357.651; 2984.525;  248.350;    0.000
357.705; 2970.525;  232.350;    0.000
357.760; 3078.525;  224.350;    0.000
357.814; 2965.525;  221.350;    0.000
357.868; 2936.525;  207.350;    0.000
357.923; 2914.525;  234.350;    0.000
357.977; 2879.525;  218.350;    0.000
358.032; 3021.525;  244.350;    0.000
358.086; 2904.525;  246.350;    0.000
358.140; 2872.525;  235.350;    0.000
358.195; 2893.525;  237.350;    0.000
358.249; 2869.525;  233.350;    0.000
358.303; 2954.525;  254.350;    0.000
358.358; 2936.525;  217.350;    0.000
358.412; 2988.525;  245.350;    0.000
358.466; 2916.525;  230.350;    0.000
358.521; 2864.525;  214.350;    0.000
358.575; 2975.525;  243.350;    0.000
358.629; 2890.525;  230.350;    0.000
358.683; 2896.525;  232.350;    0.000
358.738; 2908.525;  249.350;    0.000
358.792; 2906.525;  249.350;    0.000
358.846; 2959.525;  271.350;    0.000
358.900; 2923.525;  265.350;    0.000
358.954; 2992.525;  236.350;    0.000
359.009; 2838.525;  254.350;    0.000
359.063; 2913.525;  216.350;    0.000
359.117; 2935.525;  245.350;    0.000
359.171; 2957.525;  252.350;    0.000
359.225; 2954.525;  240.350;    0.000
359.280; 2873.525;  239.350;    0.000
359.334; 2988.525;  234.350;    0.000
359.388; 2991.525;  258.350;    0.000
359.442; 2902.525;  220.350;    0.000
359.496; 2837.525;  206.350;    0.000
359.550; 2990.525;  279.350;    0.000
359.604; 2978.525;  263.350;    0.000
359.658; 2881.525;  251.350;    0.000
359.712; 2967.525;  244.350;    0.000
359.766; 3032.525;  217.350;    0.000
359.820; 2937.525;  235.350;    0.000
359.875; 2955.525;  249.350;    0.000
359.929; 2928.525;  269.350;    0.000
359.983; 2931.525;  240.350;    0.000
360.037; 2964.525;  252.350;    0.000
360.091; 2888.525;  271.350;    0.000
360.145; 2893.525;  222.350;    0.000
360.199; 2910.525;  302.350;    0.000
360.253; 2969.525;  234.350;    0.000
360.306; 2964.525;  258.350;    0.000
360.360; 2892.525;  249.350;    0.000
360.414; 2896.525;  231.350;    0.000
360.468; 2961.525;  261.350;    0.000
360.522; 2990.525;  277.350;    0.000
360.576; 2954.525;  273.350;    0.000
360.630; 3004.525;  264.350;    0.000
360.684; 2874.525;  223.350;    0.000
360.738; 2978.525;  266.350;    0.000
360.792; 2935.525;  252.350;    0.000
360.846; 2935.525;  234.350;    0.000
360.899; 3010.525;  296.350;    0.000
360.953; 2877.525;  273.350;    0.000
361.007; 2979.525;  251.350;    0.000
361.061; 2951.525;  250.350;    0.000
361.115; 3003.525;  267.350;    0.000
361.168; 2977.525;  308.350;    0.000
361.222; 2956.525;  246.350;    0.000
361.276; 3043.525;  261.350;    0.000
361.330; 2841.525;  233.350;    0.000
361.384; 2877.525;  269.350;    0.000
361.437; 2934.525;  270.350;    0.000
361.491; 2966.525;  263.350;    0.000
361.545; 2977.525;  288.350;    0.000
361.599; 2974.525;  270.350;    0.000
361.652; 3010.525;  256.350;    0.000
361.706; 3001.525;  263.350;    0.000
361.760; 2949.525;  237.350;    0.000
361.813; 2890.525;  278.350;    0.000
361.867; 2955.525;  317.350;    0.000
361.921; 2931.525;  260.350;    0.000
361.974; 2912.525;  239.350;    0.000
362.028; 2990.525;  266.350;    0.000
362.082; 2903.525;  269.350;    0.000
362.135; 2957.525;  262.350;    0.000
362.189; 2899.525;  258.350;    0.000
362.242; 3026.525;  273.350;    0.000
362.296; 2973.525;  261.350;    0.000
362.350; 2953.525;  272.350;    0.000
362.403; 2964.525;  291.350;    0.000
362.457; 2955.525;  253.350;    0.000
362.510; 2991.525;  266.350;    0.000
362.564; 2870.525;  260.350;    0.000
362.617; 2890.525;  280.350;    0.000
362.671; 2940.525;  281.350;    0.000
362.724; 2903.525;  234.350;    0.000
362.778; 2979.525;  311.350;    0.000
362.831; 2959.525;  276.350;    0.000
362.885; 2955.525;  288.350;    0.000
362.938; 2736.525;  284.350;    0.000
362.992;  327.525;  245.350;    0.000
363.045;  301.525;  277.350;    0.000
363.099;  285.525;  246.350;    0.000
363.152;  289.525;  290.350;    0.000
363.205;  326.525;  256.350;    0.000
363.259;  259.525;  238.350;    0.000
363.312;  326.525;  290.350;    0.000
363.366;  282.525;  287.350;    0.000
363.419;  314.525;  279.350;    0.000
363.472;  299.525;  304.350;    0.000
363.526;  313.525;  305.350;    0.000
363.579;  277.525;  281.350;    0.000
363.632;  301.525;  279.350;    0.000
363.686;  281.525;  277.350;    0.000
363.739;  261.525;  268.350;    0.000
363.792;  262.525;  274.350;    0.000

