
Integration time [ms]:   0.300
Averaging Nr. [scans]: 1
Smoothing Nr. [pixels]: 0
Data measured with spectrometer [name]: UV1
Wave   ;Sample   ;Dark     ;Reference
[nm]   ;[counts] ;[counts] ;[counts] 

236.381;  120.075;  160.350;    0.000
236.451;  177.075;  198.350;    0.000
236.520;  161.075;  179.350;    0.000
236.590;  177.075;  205.350;    0.000
236.660;  194.075;  199.350;    0.000
236.730;  211.075;  178.350;    0.000
236.799;  217.075;  201.350;    0.000
236.869;  221.075;  197.350;    0.000
236.939;  193.075;  180.350;    0.000
237.009;  166.075;  165.350;    0.000
237.078;  176.075;  191.350;    0.000
237.148;  165.075;  146.350;    0.000
237.218;  155.075;  142.350;    0.000
237.287;  195.075;  190.350;    0.000
237.357;  186.075;  182.350;    0.000
237.427;  175.075;  139.350;    0.000
237.496;  813.075;  221.350;    0.000
237.566;  808.075;  183.350;    0.000
237.636;  834.075;  157.350;    0.000
237.705;  840.075;  189.350;    0.000
237.775;  782.075;  169.350;    0.000
237.845;  855.075;  156.350;    0.000
237.914;  833.075;  185.350;    0.000
237.984;  820.075;  194.350;    0.000
238.054;  779.075;  138.350;    0.000
238.123;  760.075;  166.350;    0.000
238.193;  786.075;  174.350;    0.000
238.263;  835.075;  158.350;    0.000
238.332;  829.075;  167.350;    0.000
238.402;  818.075;  173.350;    0.000
238.471;  751.075;  153.350;    0.000
238.541;  802.075;  167.350;    0.000
238.611;  824.075;  165.350;    0.000
238.680;  785.075;  157.350;    0.000
238.750;  780.075;  152.350;    0.000
238.819;  770.075;  190.350;    0.000
238.889;  794.075;  151.350;    0.000
238.958;  797.075;  166.350;    0.000
239.028;  863.075;  180.350;    0.000
239.097;  787.075;  170.350;    0.000
239.167;  828.075;  177.350;    0.000
239.237;  776.075;  195.350;    0.000
239.306;  759.075;  145.350;    0.000
239.376;  864.075;  158.350;    0.000
239.445;  808.075;  187.350;    0.000
239.515;  747.075;  160.350;    0.000
239.584;  781.075;  173.350;    0.000
239.654;  764.075;  184.350;    0.000
239.723;  783.075;  195.350;    0.000
239.793;  769.075;  183.350;    0.000
239.862;  772.075;  190.350;    0.000
239.932;  741.075;  168.350;    0.000
240.001;  761.075;  164.350;    0.000
240.070;  806.075;  183.350;    0.000
240.140;  811.075;  175.350;    0.000
240.209;  767.075;  135.350;    0.000
240.279;  715.075;  176.350;    0.000
240.348;  755.075;  184.350;    0.000
240.418;  774.075;  157.350;    0.000
240.487;  748.075;  189.350;    0.000
240.556;  736.075;  157.350;    0.000
240.626;  820.075;  174.350;    0.000
240.695;  748.075;  180.350;    0.000
240.765;  726.075;  152.350;    0.000
240.834;  713.075;  136.350;    0.000
240.903;  749.075;  196.350;    0.000
240.973;  765.075;  183.350;    0.000
241.042;  773.075;  150.350;    0.000
241.112;  820.075;  168.350;    0.000
241.181;  729.075;  152.350;    0.000
241.250;  753.075;  132.350;    0.000
241.320;  725.075;  209.350;    0.000
241.389;  761.075;  169.350;    0.000
241.458;  807.075;  204.350;    0.000
241.528;  733.075;  176.350;    0.000
241.597;  799.075;  170.350;    0.000
241.666;  747.075;  168.350;    0.000
241.736;  787.075;  172.350;    0.000
241.805;  736.075;  160.350;    0.000
241.874;  761.075;  176.350;    0.000
241.943;  736.075;  165.350;    0.000
242.013;  750.075;  206.350;    0.000
242.082;  754.075;  162.350;    0.000
242.151;  767.075;  180.350;    0.000
242.221;  749.075;  154.350;    0.000
242.290;  687.075;  122.350;    0.000
242.359;  696.075;  121.350;    0.000
242.428;  760.075;  187.350;    0.000
242.498;  686.075;  140.350;    0.000
242.567;  753.075;  173.350;    0.000
242.636;  784.075;  155.350;    0.000
242.705;  761.075;  108.350;    0.000
242.774;  793.075;  145.350;    0.000
242.844;  704.075;  162.350;    0.000
242.913;  753.075;  178.350;    0.000
242.982;  719.075;  163.350;    0.000
243.051;  741.075;  138.350;    0.000
243.120;  723.075;  172.350;    0.000
243.190;  709.075;  155.350;    0.000
243.259;  791.075;  159.350;    0.000
243.328;  730.075;  173.350;    0.000
243.397;  699.075;  175.350;    0.000
243.466;  706.075;  170.350;    0.000
243.535;  719.075;  161.350;    0.000
243.605;  730.075;  149.350;    0.000
243.674;  734.075;  162.350;    0.000
243.743;  730.075;  175.350;    0.000
243.812;  740.075;  159.350;    0.000
243.881;  730.075;  158.350;    0.000
243.950;  728.075;  154.350;    0.000
244.019;  776.075;  185.350;    0.000
244.088;  744.075;  175.350;    0.000
244.158;  717.075;  167.350;    0.000
244.227;  746.075;  159.350;    0.000
244.296;  705.075;  143.350;    0.000
244.365;  773.075;  182.350;    0.000
244.434;  661.075;  117.350;    0.000
244.503;  719.075;  109.350;    0.000
244.572;  708.075;  147.350;    0.000
244.641;  699.075;  129.350;    0.000
244.710;  723.075;  159.350;    0.000
244.779;  759.075;  166.350;    0.000
244.848;  664.075;  122.350;    0.000
244.917;  727.075;  167.350;    0.000
244.986;  740.075;  158.350;    0.000
245.055;  688.075;  175.350;    0.000
245.124;  720.075;  153.350;    0.000
245.193;  689.075;  155.350;    0.000
245.262;  684.075;  137.350;    0.000
245.331;  719.075;  145.350;    0.000
245.400;  653.075;  107.350;    0.000
245.469;  711.075;  162.350;    0.000
245.538;  685.075;  165.350;    0.000
245.607;  703.075;  178.350;    0.000
245.676;  676.075;  166.350;    0.000
245.745;  743.075;  169.350;    0.000
245.814;  728.075;  155.350;    0.000
245.883;  721.075;  186.350;    0.000
245.952;  642.075;  165.350;    0.000
246.021;  691.075;  169.350;    0.000
246.090;  612.075;  170.350;    0.000
246.159;  679.075;  155.350;    0.000
246.227;  601.075;  161.350;    0.000
246.296;  678.075;  142.350;    0.000
246.365;  670.075;  160.350;    0.000
246.434;  689.075;  199.350;    0.000
246.503;  594.075;  155.350;    0.000
246.572;  693.075;  206.350;    0.000
246.641;  670.075;  177.350;    0.000
246.710;  692.075;  178.350;    0.000
246.779;  669.075;  193.350;    0.000
246.847;  670.075;  147.350;    0.000
246.916;  665.075;  131.350;    0.000
246.985;  634.075;  168.350;    0.000
247.054;  631.075;  143.350;    0.000
247.123;  623.075;  130.350;    0.000
247.192;  650.075;  175.350;    0.000
247.260;  667.075;  171.350;    0.000
247.329;  634.075;  162.350;    0.000
247.398;  616.075;  163.350;    0.000
247.467;  620.075;  155.350;    0.000
247.536;  622.075;  149.350;    0.000
247.604;  640.075;  191.350;    0.000
247.673;  624.075;  193.350;    0.000
247.742;  623.075;  159.350;    0.000
247.811;  635.075;  167.350;    0.000
247.879;  612.075;  176.350;    0.000
247.948;  629.075;  157.350;    0.000
248.017;  605.075;  150.350;    0.000
248.086;  662.075;  153.350;    0.000
248.154;  662.075;  157.350;    0.000
248.223;  631.075;  198.350;    0.000
248.292;  657.075;  188.350;    0.000
248.361;  689.075;  157.350;    0.000
248.429;  636.075;  138.350;    0.000
248.498;  638.075;  166.350;    0.000
248.567;  672.075;  179.350;    0.000
248.635;  679.075;  210.350;    0.000
248.704;  665.075;  168.350;    0.000
248.773;  629.075;  147.350;    0.000
248.841;  608.075;  155.350;    0.000
248.910;  623.075;  183.350;    0.000
248.979;  670.075;  171.350;    0.000
249.047;  621.075;  152.350;    0.000
249.116;  657.075;  155.350;    0.000
249.185;  645.075;  217.350;    0.000
249.253;  600.075;  149.350;    0.000
249.322;  662.075;  167.350;    0.000
249.390;  629.075;  182.350;    0.000
249.459;  587.075;  173.350;    0.000
249.528;  655.075;  162.350;    0.000
249.596;  643.075;  162.350;    0.000
249.665;  606.075;  163.350;    0.000
249.733;  595.075;  147.350;    0.000
249.802;  602.075;  170.350;    0.000
249.871;  582.075;  179.350;    0.000
249.939;  646.075;  179.350;    0.000
250.008;  610.075;  201.350;    0.000
250.076;  616.075;  189.350;    0.000
250.145;  582.075;  171.350;    0.000
250.213;  654.075;  161.350;    0.000
250.282;  620.075;  171.350;    0.000
250.350;  582.075;  138.350;    0.000
250.419;  631.075;  172.350;    0.000
250.487;  622.075;  207.350;    0.000
250.556;  632.075;  160.350;    0.000
250.624;  655.075;  187.350;    0.000
250.693;  574.075;  141.350;    0.000
250.761;  620.075;  182.350;    0.000
250.830;  622.075;  203.350;    0.000
250.898;  585.075;  160.350;    0.000
250.967;  586.075;  143.350;    0.000
251.035;  588.075;  142.350;    0.000
251.104;  583.075;  159.350;    0.000
251.172;  560.075;  189.350;    0.000
251.241;  533.075;  134.350;    0.000
251.309;  584.075;  179.350;    0.000
251.378;  597.075;  203.350;    0.000
251.446;  556.075;  151.350;    0.000
251.514;  585.075;  176.350;    0.000
251.583;  635.075;  173.350;    0.000
251.651;  585.075;  163.350;    0.000
251.720;  549.075;  151.350;    0.000
251.788;  597.075;  205.350;    0.000
251.856;  537.075;  126.350;    0.000
251.925;  532.075;  118.350;    0.000
251.993;  611.075;  139.350;    0.000
252.062;  643.075;  161.350;    0.000
252.130;  549.075;  180.350;    0.000
252.198;  557.075;  141.350;    0.000
252.267;  585.075;  145.350;    0.000
252.335;  592.075;  159.350;    0.000
252.403;  562.075;  158.350;    0.000
252.472;  555.075;  142.350;    0.000
252.540;  527.075;  162.350;    0.000
252.608;  603.075;  180.350;    0.000
252.677;  559.075;  137.350;    0.000
252.745;  564.075;  183.350;    0.000
252.813;  562.075;  151.350;    0.000
252.881;  536.075;  109.350;    0.000
252.950;  552.075;  174.350;    0.000
253.018;  516.075;  136.350;    0.000
253.086;  535.075;  149.350;    0.000
253.155;  504.075;  127.350;    0.000
253.223;  505.075;  156.350;    0.000
253.291;  487.075;  163.350;    0.000
253.359;  469.075;  174.350;    0.000
253.428;  568.075;  174.350;    0.000
253.496;  535.075;  161.350;    0.000
253.564;  479.075;  128.350;    0.000
253.632;  456.075;  153.350;    0.000
253.700;  491.075;  185.350;    0.000
253.769;  467.075;  163.350;    0.000
253.837;  504.075;  176.350;    0.000
253.905;  502.075;  164.350;    0.000
253.973;  503.075;  156.350;    0.000
254.041;  518.075;  154.350;    0.000
254.110;  448.075;  165.350;    0.000
254.178;  445.075;  148.350;    0.000
254.246;  506.075;  138.350;    0.000
254.314;  504.075;  164.350;    0.000
254.382;  450.075;  167.350;    0.000
254.450;  449.075;  134.350;    0.000
254.518;  491.075;  192.350;    0.000
254.587;  518.075;  139.350;    0.000
254.655;  521.075;  162.350;    0.000
254.723;  456.075;  131.350;    0.000
254.791;  497.075;  181.350;    0.000
254.859;  516.075;  146.350;    0.000
254.927;  504.075;  189.350;    0.000
254.995;  497.075;  141.350;    0.000
255.063;  499.075;  181.350;    0.000
255.131;  517.075;  156.350;    0.000
255.199;  461.075;  175.350;    0.000
255.267;  477.075;  120.350;    0.000
255.336;  545.075;  186.350;    0.000
255.404;  464.075;  134.350;    0.000
255.472;  501.075;  172.350;    0.000
255.540;  527.075;  157.350;    0.000
255.608;  491.075;  186.350;    0.000
255.676;  483.075;  155.350;    0.000
255.744;  545.075;  143.350;    0.000
255.812;  517.075;  134.350;    0.000
255.880;  518.075;  188.350;    0.000
255.948;  486.075;  163.350;    0.000
256.016;  562.075;  175.350;    0.000
256.084;  557.075;  191.350;    0.000
256.152;  553.075;  187.350;    0.000
256.220;  526.075;  152.350;    0.000
256.288;  550.075;  141.350;    0.000
256.356;  572.075;  139.350;    0.000
256.424;  489.075;  121.350;    0.000
256.491;  533.075;  139.350;    0.000
256.559;  538.075;  144.350;    0.000
256.627;  528.075;  158.350;    0.000
256.695;  557.075;  121.350;    0.000
256.763;  527.075;  150.350;    0.000
256.831;  577.075;  181.350;    0.000
256.899;  572.075;  146.350;    0.000
256.967;  525.075;   71.350;    0.000
257.035;  595.075;  164.350;    0.000
257.103;  650.075;  191.350;    0.000
257.171;  543.075;  140.350;    0.000
257.238;  547.075;  165.350;    0.000
257.306;  603.075;  127.350;    0.000
257.374;  620.075;  120.350;    0.000
257.442;  630.075;  139.350;    0.000
257.510;  598.075;  158.350;    0.000
257.578;  574.075;  164.350;    0.000
257.646;  670.075;  151.350;    0.000
257.713;  609.075;  136.350;    0.000
257.781;  618.075;  137.350;    0.000
257.849;  644.075;  151.350;    0.000
257.917;  614.075;  154.350;    0.000
257.985;  642.075;  113.350;    0.000
258.052;  659.075;  140.350;    0.000
258.120;  632.075;  176.350;    0.000
258.188;  745.075;  157.350;    0.000
258.256;  648.075;  153.350;    0.000
258.324;  728.075;  184.350;    0.000
258.391;  728.075;  144.350;    0.000
258.459;  695.075;  162.350;    0.000
258.527;  739.075;  154.350;    0.000
258.595;  711.075;  122.350;    0.000
258.662;  719.075;  164.350;    0.000
258.730;  749.075;  114.350;    0.000
258.798;  792.075;  131.350;    0.000
258.865;  814.075;  171.350;    0.000
258.933;  836.075;  145.350;    0.000
259.001;  768.075;  150.350;    0.000
259.069;  799.075;  123.350;    0.000
259.136;  845.075;  139.350;    0.000
259.204;  846.075;  165.350;    0.000
259.272;  817.075;  114.350;    0.000
259.339;  815.075;  179.350;    0.000
259.407;  826.075;  153.350;    0.000
259.475;  817.075;  143.350;    0.000
259.542;  898.075;  136.350;    0.000
259.610;  831.075;  133.350;    0.000
259.677;  902.075;  159.350;    0.000
259.745;  886.075;  130.350;    0.000
259.813;  897.075;  175.350;    0.000
259.880;  980.075;  158.350;    0.000
259.948;  946.075;  124.350;    0.000
260.016;  906.075;  105.350;    0.000
260.083;  966.075;  169.350;    0.000
260.151;  985.075;  133.350;    0.000
260.218;  975.075;  143.350;    0.000
260.286;  986.075;  134.350;    0.000
260.353;  956.075;  160.350;    0.000
260.421;  952.075;  128.350;    0.000
260.489;  993.075;  150.350;    0.000
260.556; 1032.075;  179.350;    0.000
260.624;  968.075;  113.350;    0.000
260.691;  963.075;  128.350;    0.000
260.759; 1027.075;  146.350;    0.000
260.826;  975.075;  111.350;    0.000
260.894; 1021.075;  115.350;    0.000
260.961;  993.075;  138.350;    0.000
261.029; 1104.075;  152.350;    0.000
261.096; 1144.075;  175.350;    0.000
261.164; 1046.075;  131.350;    0.000
261.231; 1069.075;  141.350;    0.000
261.299; 1107.075;  125.350;    0.000
261.366; 1139.075;  142.350;    0.000
261.434; 1137.075;  133.350;    0.000
261.501; 1090.075;  137.350;    0.000
261.568; 1139.075;  184.350;    0.000
261.636; 1122.075;  138.350;    0.000
261.703; 1120.075;  161.350;    0.000
261.771; 1165.075;  160.350;    0.000
261.838; 1220.075;  178.350;    0.000
261.906; 1214.075;  128.350;    0.000
261.973; 1266.075;  139.350;    0.000
262.040; 1193.075;  148.350;    0.000
262.108; 1161.075;  130.350;    0.000
262.175; 1143.075;  117.350;    0.000
262.243; 1270.075;  174.350;    0.000
262.310; 1182.075;  145.350;    0.000
262.377; 1255.075;  108.350;    0.000
262.445; 1283.075;  147.350;    0.000
262.512; 1318.075;  124.350;    0.000
262.579; 1272.075;  127.350;    0.000
262.647; 1314.075;  166.350;    0.000
262.714; 1328.075;  150.350;    0.000
262.781; 1286.075;  121.350;    0.000
262.849; 1312.075;  126.350;    0.000
262.916; 1397.075;  119.350;    0.000
262.983; 1372.075;  155.350;    0.000
263.051; 1369.075;  137.350;    0.000
263.118; 1354.075;  160.350;    0.000
263.185; 1347.075;  151.350;    0.000
263.252; 1379.075;  167.350;    0.000
263.320; 1399.075;  123.350;    0.000
263.387; 1407.075;  134.350;    0.000
263.454; 1402.075;  144.350;    0.000
263.522; 1436.075;  153.350;    0.000
263.589; 1442.075;  161.350;    0.000
263.656; 1464.075;  117.350;    0.000
263.723; 1470.075;  101.350;    0.000
263.790; 1450.075;  128.350;    0.000
263.858; 1489.075;  142.350;    0.000
263.925; 1484.075;  182.350;    0.000
263.992; 1425.075;  146.350;    0.000
264.059; 1582.075;  132.350;    0.000
264.126; 1500.075;  154.350;    0.000
264.194; 1595.075;  153.350;    0.000
264.261; 1547.075;  157.350;    0.000
264.328; 1523.075;  171.350;    0.000
264.395; 1544.075;  166.350;    0.000
264.462; 1535.075;  165.350;    0.000
264.529; 1560.075;  124.350;    0.000
264.597; 1598.075;  120.350;    0.000
264.664; 1554.075;  159.350;    0.000
264.731; 1607.075;  145.350;    0.000
264.798; 1524.075;  100.350;    0.000
264.865; 1613.075;  166.350;    0.000
264.932; 1612.075;  132.350;    0.000
264.999; 1610.075;  137.350;    0.000
265.066; 1604.075;  124.350;    0.000
265.133; 1571.075;  162.350;    0.000
265.201; 1691.075;  163.350;    0.000
265.268; 1781.075;  174.350;    0.000
265.335; 1668.075;  132.350;    0.000
265.402; 1635.075;  116.350;    0.000
265.469; 1762.075;  121.350;    0.000
265.536; 1702.075;  157.350;    0.000
265.603; 1673.075;  151.350;    0.000
265.670; 1631.075;  164.350;    0.000
265.737; 1740.075;  142.350;    0.000
265.804; 1754.075;  146.350;    0.000
265.871; 1754.075;  168.350;    0.000
265.938; 1757.075;  131.350;    0.000
266.005; 1786.075;  208.350;    0.000
266.072; 1719.075;  125.350;    0.000
266.139; 1756.075;  161.350;    0.000
266.206; 1770.075;  134.350;    0.000
266.273; 1743.075;  155.350;    0.000
266.340; 1734.075;  122.350;    0.000
266.407; 1826.075;  134.350;    0.000
266.474; 1767.075;  126.350;    0.000
266.541; 1764.075;  153.350;    0.000
266.608; 1778.075;  129.350;    0.000
266.675; 1868.075;  185.350;    0.000
266.742; 1768.075;  153.350;    0.000
266.808; 1758.075;  169.350;    0.000
266.875; 1821.075;  156.350;    0.000
266.942; 1786.075;  172.350;    0.000
267.009; 1819.075;  150.350;    0.000
267.076; 1851.075;  184.350;    0.000
267.143; 1920.075;  170.350;    0.000
267.210; 1843.075;  132.350;    0.000
267.277; 1850.075;  146.350;    0.000
267.344; 1852.075;  159.350;    0.000
267.410; 1832.075;  174.350;    0.000
267.477; 1893.075;  169.350;    0.000
267.544; 1912.075;  130.350;    0.000
267.611; 1900.075;  169.350;    0.000
267.678; 1893.075;  197.350;    0.000
267.745; 1893.075;  185.350;    0.000
267.811; 1903.075;  160.350;    0.000
267.878; 1881.075;  143.350;    0.000
267.945; 1825.075;  126.350;    0.000
268.012; 1915.075;  172.350;    0.000
268.079; 1885.075;  156.350;    0.000
268.145; 1958.075;  128.350;    0.000
268.212; 1977.075;  107.350;    0.000
268.279; 1861.075;  135.350;    0.000
268.346; 1868.075;  166.350;    0.000
268.412; 1867.075;  150.350;    0.000
268.479; 1884.075;  176.350;    0.000
268.546; 1887.075;  119.350;    0.000
268.613; 1915.075;  201.350;    0.000
268.679; 1905.075;  141.350;    0.000
268.746; 1900.075;  177.350;    0.000
268.813; 1905.075;  134.350;    0.000
268.879; 1958.075;  141.350;    0.000
268.946; 1926.075;  172.350;    0.000
269.013; 1885.075;  150.350;    0.000
269.079; 1901.075;  124.350;    0.000
269.146; 1857.075;  135.350;    0.000
269.213; 1916.075;  200.350;    0.000
269.280; 1926.075;  142.350;    0.000
269.346; 1917.075;  153.350;    0.000
269.413; 1853.075;  140.350;    0.000
269.479; 1881.075;  171.350;    0.000
269.546; 1881.075;  156.350;    0.000
269.613; 1886.075;  145.350;    0.000
269.679; 1935.075;  168.350;    0.000
269.746; 1845.075;  136.350;    0.000
269.813; 1851.075;  153.350;    0.000
269.879; 1915.075;  162.350;    0.000
269.946; 1868.075;  156.350;    0.000
270.012; 1946.075;  178.350;    0.000
270.079; 1877.075;  132.350;    0.000
270.145; 1984.075;  146.350;    0.000
270.212; 1958.075;  145.350;    0.000
270.279; 1835.075;  184.350;    0.000
270.345; 1834.075;  143.350;    0.000
270.412; 1915.075;  158.350;    0.000
270.478; 1833.075;  143.350;    0.000
270.545; 1790.075;  150.350;    0.000
270.611; 1954.075;  156.350;    0.000
270.678; 1832.075;  121.350;    0.000
270.744; 1926.075;  161.350;    0.000
270.811; 1877.075;  173.350;    0.000
270.877; 1868.075;  115.350;    0.000
270.944; 1770.075;  114.350;    0.000
271.010; 1817.075;  122.350;    0.000
271.077; 1850.075;  142.350;    0.000
271.143; 1895.075;  152.350;    0.000
271.210; 1893.075;  135.350;    0.000
271.276; 1824.075;  107.350;    0.000
271.342; 1881.075;  173.350;    0.000
271.409; 1940.075;  171.350;    0.000
271.475; 1752.075;  136.350;    0.000
271.542; 1779.075;  121.350;    0.000
271.608; 1837.075;  133.350;    0.000
271.675; 1793.075;  136.350;    0.000
271.741; 1887.075;  151.350;    0.000
271.807; 1827.075;  130.350;    0.000
271.874; 1872.075;  168.350;    0.000
271.940; 1899.075;  156.350;    0.000
272.007; 1849.075;  122.350;    0.000
272.073; 1844.075;  121.350;    0.000
272.139; 1836.075;  137.350;    0.000
272.206; 1893.075;  152.350;    0.000
272.272; 1918.075;  162.350;    0.000
272.338; 1861.075;  197.350;    0.000
272.405; 1789.075;  144.350;    0.000
272.471; 1845.075;  160.350;    0.000
272.537; 1835.075;  142.350;    0.000
272.604; 1780.075;  141.350;    0.000
272.670; 1857.075;  182.350;    0.000
272.736; 1871.075;  126.350;    0.000
272.802; 1811.075;  146.350;    0.000
272.869; 1900.075;  163.350;    0.000
272.935; 1809.075;  132.350;    0.000
273.001; 1799.075;  119.350;    0.000
273.068; 1808.075;  137.350;    0.000
273.134; 1844.075;  155.350;    0.000
273.200; 1809.075;  165.350;    0.000
273.266; 1787.075;  156.350;    0.000
273.333; 1900.075;  143.350;    0.000
273.399; 1749.075;  128.350;    0.000
273.465; 1947.075;  167.350;    0.000
273.531; 1825.075;  122.350;    0.000
273.597; 1894.075;  182.350;    0.000
273.664; 1837.075;  177.350;    0.000
273.730; 1835.075;  124.350;    0.000
273.796; 1876.075;  143.350;    0.000
273.862; 1833.075;  155.350;    0.000
273.928; 1874.075;  137.350;    0.000
273.995; 1919.075;  188.350;    0.000
274.061; 1880.075;  154.350;    0.000
274.127; 1857.075;  161.350;    0.000
274.193; 1881.075;   95.350;    0.000
274.259; 1978.075;  128.350;    0.000
274.325; 1868.075;  146.350;    0.000
274.391; 1855.075;  113.350;    0.000
274.457; 1909.075;  150.350;    0.000
274.524; 1981.075;  165.350;    0.000
274.590; 1844.075;  140.350;    0.000
274.656; 1931.075;  165.350;    0.000
274.722; 1918.075;  118.350;    0.000
274.788; 1937.075;  143.350;    0.000
274.854; 1985.075;  150.350;    0.000
274.920; 1905.075;   88.350;    0.000
274.986; 1940.075;  178.350;    0.000
275.052; 1874.075;  145.350;    0.000
275.118; 1939.075;  105.350;    0.000
275.184; 1927.075;  129.350;    0.000
275.250; 1935.075;  138.350;    0.000
275.316; 2009.075;  173.350;    0.000
275.382; 1912.075;  106.350;    0.000
275.448; 2074.075;  160.350;    0.000
275.514; 2016.075;  162.350;    0.000
275.580; 2062.075;  135.350;    0.000
275.646; 2019.075;  120.350;    0.000
275.712; 2051.075;  157.350;    0.000
275.778; 2056.075;  128.350;    0.000
275.844; 2083.075;  117.350;    0.000
275.910; 2150.075;  121.350;    0.000
275.976; 2172.075;  172.350;    0.000
276.042; 2146.075;  114.350;    0.000
276.108; 2235.075;  200.350;    0.000
276.174; 2110.075;  132.350;    0.000
276.240; 2180.075;  128.350;    0.000
276.306; 2315.075;  124.350;    0.000
276.372; 2190.075;  133.350;    0.000
276.437; 2300.075;  146.350;    0.000
276.503; 2246.075;  136.350;    0.000
276.569; 2371.075;  162.350;    0.000
276.635; 2330.075;  128.350;    0.000
276.701; 2416.075;  148.350;    0.000
276.767; 2367.075;  155.350;    0.000
276.833; 2438.075;  128.350;    0.000
276.899; 2428.075;  145.350;    0.000
276.964; 2476.075;  124.350;    0.000
277.030; 2583.075;  130.350;    0.000
277.096; 2620.075;  139.350;    0.000
277.162; 2582.075;  164.350;    0.000
277.228; 2631.075;  108.350;    0.000
277.293; 2741.075;  138.350;    0.000
277.359; 2816.075;  123.350;    0.000
277.425; 2885.075;  183.350;    0.000
277.491; 3128.075;  144.350;    0.000
277.557; 3552.075;  130.350;    0.000
277.622; 4659.075;  151.350;    0.000
277.688; 4551.075;  169.350;    0.000
277.754; 4645.075;  199.350;    0.000
277.820; 4949.075;  170.350;    0.000
277.885; 5921.075;  173.350;    0.000
277.951; 7016.075;  187.350;    0.000
278.017; 6208.075;  152.350;    0.000
278.083; 5503.075;  137.350;    0.000
278.148; 5319.075;  147.350;    0.000
278.214; 5377.075;  162.350;    0.000
278.280; 5597.075;  171.350;    0.000
278.345; 5041.075;  174.350;    0.000
278.411; 4614.075;  152.350;    0.000
278.477; 4680.075;  173.350;    0.000
278.542; 4921.075;  161.350;    0.000
278.608; 5283.075;  155.350;    0.000
278.674; 5669.075;  169.350;    0.000
278.739; 6384.075;  142.350;    0.000
278.805; 7003.075;  164.350;    0.000
278.871; 8019.075;  160.350;    0.000
278.936; 9840.075;  121.350;    0.000
279.002;14545.075;  166.350;    0.000
279.067;19487.074;  199.350;    0.000
279.133;18930.074;  150.350;    0.000
279.199;17384.074;  154.350;    0.000
279.264;18211.074;  154.350;    0.000
279.330;21447.074;  159.350;    0.000
279.395;28444.074;  143.350;    0.000
279.461;38044.074;  173.350;    0.000
279.527;42871.074;  163.350;    0.000
279.592;39418.074;  167.350;    0.000
279.658;32804.074;  189.350;    0.000
279.723;31323.074;  153.350;    0.000
279.789;32103.074;  174.350;    0.000
279.854;28410.074;  129.350;    0.000
279.920;23224.074;  165.350;    0.000
279.985;21125.074;  152.350;    0.000
280.051;21392.074;  164.350;    0.000
280.116;25872.074;  187.350;    0.000
280.182;35208.074;  160.350;    0.000
280.247;40117.074;  124.350;    0.000
280.313;33667.074;  154.350;    0.000
280.378;23037.074;  152.350;    0.000
280.444;16727.074;  165.350;    0.000
280.509;13309.075;  164.350;    0.000
280.574;11039.075;  160.350;    0.000
280.640; 9600.075;  167.350;    0.000
280.705; 8517.075;  190.350;    0.000
280.771; 7804.075;  154.350;    0.000
280.836; 7325.075;  158.350;    0.000
280.902; 6818.075;  124.350;    0.000
280.967; 6513.075;  179.350;    0.000
281.032; 6271.075;  187.350;    0.000
281.098; 5749.075;  155.350;    0.000
281.163; 5465.075;  133.350;    0.000
281.229; 5340.075;  170.350;    0.000
281.294; 5099.075;  175.350;    0.000
281.359; 5050.075;  163.350;    0.000
281.425; 4847.075;  161.350;    0.000
281.490; 4595.075;  162.350;    0.000
281.555; 4533.075;  137.350;    0.000
281.621; 4480.075;  163.350;    0.000
281.686; 4208.075;  155.350;    0.000
281.751; 4290.075;  158.350;    0.000
281.816; 4064.075;  139.350;    0.000
281.882; 3991.075;  150.350;    0.000
281.947; 3867.075;  165.350;    0.000
282.012; 3763.075;  171.350;    0.000
282.078; 3794.075;  177.350;    0.000
282.143; 3797.075;  149.350;    0.000
282.208; 3726.075;  181.350;    0.000
282.273; 3664.075;  166.350;    0.000
282.339; 3586.075;  165.350;    0.000
282.404; 3644.075;  166.350;    0.000
282.469; 3435.075;  150.350;    0.000
282.534; 3542.075;  176.350;    0.000
282.600; 3485.075;  117.350;    0.000
282.665; 3482.075;  134.350;    0.000
282.730; 3287.075;  155.350;    0.000
282.795; 3386.075;  193.350;    0.000
282.860; 3386.075;  160.350;    0.000
282.926; 3361.075;  174.350;    0.000
282.991; 3342.075;  161.350;    0.000
283.056; 3278.075;  157.350;    0.000
283.121; 3322.075;  178.350;    0.000
283.186; 3182.075;  152.350;    0.000
283.251; 3157.075;  167.350;    0.000
283.316; 3330.075;  186.350;    0.000
283.382; 3164.075;  148.350;    0.000
283.447; 3346.075;  191.350;    0.000
283.512; 3100.075;  132.350;    0.000
283.577; 3259.075;  179.350;    0.000
283.642; 3160.075;  185.350;    0.000
283.707; 3231.075;  136.350;    0.000
283.772; 3146.075;  119.350;    0.000
283.837; 3111.075;  136.350;    0.000
283.902; 3162.075;  135.350;    0.000
283.967; 3233.075;  146.350;    0.000
284.032; 3276.075;  140.350;    0.000
284.097; 3148.075;  199.350;    0.000
284.163; 3184.075;  144.350;    0.000
284.228; 3322.075;  183.350;    0.000
284.293; 3153.075;  141.350;    0.000
284.358; 3331.075;  146.350;    0.000
284.423; 3305.075;  127.350;    0.000
284.488; 3425.075;  186.350;    0.000
284.553; 3522.075;  155.350;    0.000
284.618; 3441.075;  118.350;    0.000
284.683; 3574.075;  145.350;    0.000
284.748; 3789.075;  139.350;    0.000
284.812; 3919.075;  147.350;    0.000
284.877; 4314.075;  123.350;    0.000
284.942; 4851.075;  153.350;    0.000
285.007; 5806.075;  168.350;    0.000
285.072; 7303.075;  181.350;    0.000
285.137;10210.075;  147.350;    0.000
285.202;12836.075;  175.350;    0.000
285.267;11826.075;  182.350;    0.000
285.332; 8828.075;  136.350;    0.000
285.397; 6746.075;  138.350;    0.000
285.462; 5822.075;  151.350;    0.000
285.527; 5175.075;  159.350;    0.000
285.591; 4512.075;  177.350;    0.000
285.656; 4207.075;  144.350;    0.000
285.721; 3956.075;  125.350;    0.000
285.786; 3926.075;  169.350;    0.000
285.851; 3746.075;  175.350;    0.000
285.916; 3557.075;  164.350;    0.000
285.981; 3472.075;  134.350;    0.000
286.045; 3521.075;  154.350;    0.000
286.110; 3414.075;  136.350;    0.000
286.175; 3382.075;  155.350;    0.000
286.240; 3303.075;  138.350;    0.000
286.305; 3241.075;  213.350;    0.000
286.369; 3239.075;  221.350;    0.000
286.434; 3312.075;  172.350;    0.000
286.499; 3284.075;  161.350;    0.000
286.564; 3260.075;  189.350;    0.000
286.628; 3051.075;  144.350;    0.000
286.693; 3104.075;  176.350;    0.000
286.758; 3147.075;  168.350;    0.000
286.823; 3219.075;  142.350;    0.000
286.887; 3117.075;  134.350;    0.000
286.952; 3070.075;  180.350;    0.000
287.017; 3127.075;  204.350;    0.000
287.082; 3084.075;  120.350;    0.000
287.146; 3078.075;  173.350;    0.000
287.211; 3055.075;  167.350;    0.000
287.276; 3000.075;  164.350;    0.000
287.340; 3104.075;  138.350;    0.000
287.405; 2955.075;  172.350;    0.000
287.470; 2978.075;  142.350;    0.000
287.534; 3074.075;  155.350;    0.000
287.599; 2915.075;  166.350;    0.000
287.663; 3031.075;  171.350;    0.000
287.728; 2942.075;  190.350;    0.000
287.793; 3056.075;  197.350;    0.000
287.857; 3010.075;  165.350;    0.000
287.922; 3032.075;  147.350;    0.000
287.987; 2954.075;  167.350;    0.000
288.051; 3066.075;  151.350;    0.000
288.116; 3001.075;  154.350;    0.000
288.180; 3114.075;  186.350;    0.000
288.245; 3081.075;  161.350;    0.000
288.309; 2936.075;  177.350;    0.000
288.374; 2960.075;  151.350;    0.000
288.439; 3005.075;  169.350;    0.000
288.503; 2988.075;  133.350;    0.000
288.568; 2905.075;  206.350;    0.000
288.632; 2941.075;  192.350;    0.000
288.697; 2965.075;  183.350;    0.000
288.761; 2955.075;  148.350;    0.000
288.826; 2845.075;  136.350;    0.000
288.890; 2855.075;  185.350;    0.000
288.955; 2859.075;  150.350;    0.000
289.019; 2929.075;  165.350;    0.000
289.084; 2940.075;  150.350;    0.000
289.148; 2921.075;  146.350;    0.000
289.212; 2986.075;  172.350;    0.000
289.277; 2944.075;  177.350;    0.000
289.341; 2855.075;  190.350;    0.000
289.406; 2903.075;  117.350;    0.000
289.470; 2941.075;  173.350;    0.000
289.535; 2916.075;  170.350;    0.000
289.599; 2933.075;  154.350;    0.000
289.663; 2898.075;  173.350;    0.000
289.728; 2968.075;  176.350;    0.000
289.792; 2955.075;  138.350;    0.000
289.857; 2877.075;  203.350;    0.000
289.921; 2989.075;  143.350;    0.000
289.985; 2904.075;  150.350;    0.000
290.050; 2833.075;  170.350;    0.000
290.114; 2884.075;  125.350;    0.000
290.178; 2807.075;  161.350;    0.000
290.243; 2921.075;  119.350;    0.000
290.307; 3007.075;  169.350;    0.000
290.371; 2893.075;  169.350;    0.000
290.436; 2957.075;  170.350;    0.000
290.500; 2870.075;  144.350;    0.000
290.564; 2979.075;  179.350;    0.000
290.629; 2898.075;  166.350;    0.000
290.693; 2889.075;  156.350;    0.000
290.757; 2959.075;  147.350;    0.000
290.821; 2952.075;  170.350;    0.000
290.886; 2980.075;  167.350;    0.000
290.950; 3010.075;  187.350;    0.000
291.014; 3055.075;  164.350;    0.000
291.078; 2906.075;  115.350;    0.000
291.143; 3097.075;  149.350;    0.000
291.207; 3003.075;  163.350;    0.000
291.271; 2970.075;  177.350;    0.000
291.335; 2968.075;  148.350;    0.000
291.399; 2982.075;  155.350;    0.000
291.464; 3109.075;  114.350;    0.000
291.528; 3220.075;  153.350;    0.000
291.592; 3198.075;  156.350;    0.000
291.656; 3169.075;  170.350;    0.000
291.720; 3118.075;  159.350;    0.000
291.784; 3067.075;  159.350;    0.000
291.849; 3049.075;  154.350;    0.000
291.913; 3104.075;  118.350;    0.000
291.977; 3075.075;  157.350;    0.000
292.041; 3022.075;  163.350;    0.000
292.105; 3082.075;  135.350;    0.000
292.169; 3057.075;  155.350;    0.000
292.233; 3011.075;  163.350;    0.000
292.297; 3088.075;  144.350;    0.000
292.361; 3260.075;  143.350;    0.000
292.425; 3042.075;  177.350;    0.000
292.490; 3203.075;  159.350;    0.000
292.554; 3306.075;  137.350;    0.000
292.618; 3389.075;  144.350;    0.000
292.682; 3493.075;  169.350;    0.000
292.746; 3800.075;  166.350;    0.000
292.810; 4420.075;  147.350;    0.000
292.874; 5162.075;  160.350;    0.000
292.938; 5329.075;  174.350;    0.000
293.002; 4821.075;  148.350;    0.000
293.066; 4681.075;  115.350;    0.000
293.130; 4371.075;  133.350;    0.000
293.194; 4200.075;  148.350;    0.000
293.258; 4061.075;  167.350;    0.000
293.322; 4143.075;  166.350;    0.000
293.386; 4205.075;  193.350;    0.000
293.450; 4238.075;  142.350;    0.000
293.514; 4643.075;  170.350;    0.000
293.577; 5643.075;  153.350;    0.000
293.641; 7116.075;  171.350;    0.000
293.705; 7499.075;  168.350;    0.000
293.769; 6744.075;  155.350;    0.000
293.833; 6156.075;  161.350;    0.000
293.897; 5658.075;  124.350;    0.000
293.961; 5059.075;  165.350;    0.000
294.025; 4826.075;  118.350;    0.000
294.089; 4583.075;  125.350;    0.000
294.152; 4203.075;  160.350;    0.000
294.216; 4144.075;  160.350;    0.000
294.280; 4058.075;  158.350;    0.000
294.344; 3800.075;  119.350;    0.000
294.408; 3744.075;  168.350;    0.000
294.472; 3602.075;  156.350;    0.000
294.536; 3599.075;  192.350;    0.000
294.599; 3572.075;  171.350;    0.000
294.663; 3441.075;  139.350;    0.000
294.727; 3497.075;  136.350;    0.000
294.791; 3384.075;  118.350;    0.000
294.855; 3290.075;  118.350;    0.000
294.918; 3261.075;  127.350;    0.000
294.982; 3267.075;  167.350;    0.000
295.046; 3227.075;  178.350;    0.000
295.110; 3229.075;  157.350;    0.000
295.173; 3170.075;  101.350;    0.000
295.237; 3021.075;  145.350;    0.000
295.301; 3068.075;  135.350;    0.000
295.364; 3234.075;  185.350;    0.000
295.428; 3135.075;  112.350;    0.000
295.492; 3052.075;  142.350;    0.000
295.556; 2993.075;  170.350;    0.000
295.619; 3115.075;  193.350;    0.000
295.683; 2912.075;  144.350;    0.000
295.747; 3018.075;  152.350;    0.000
295.810; 3053.075;  139.350;    0.000
295.874; 2937.075;  157.350;    0.000
295.938; 3066.075;  128.350;    0.000
296.001; 2873.075;  164.350;    0.000
296.065; 2910.075;  184.350;    0.000
296.128; 2915.075;  127.350;    0.000
296.192; 3021.075;  166.350;    0.000
296.256; 2882.075;  154.350;    0.000
296.319; 2905.075;  128.350;    0.000
296.383; 2974.075;  146.350;    0.000
296.447; 2856.075;  155.350;    0.000
296.510; 2821.075;  177.350;    0.000
296.574; 2824.075;  169.350;    0.000
296.637; 2763.075;  140.350;    0.000
296.701; 2900.075;  181.350;    0.000
296.764; 2757.075;  131.350;    0.000
296.828; 2811.075;  194.350;    0.000
296.891; 2753.075;  146.350;    0.000
296.955; 2718.075;  160.350;    0.000
297.018; 2801.075;  174.350;    0.000
297.082; 2825.075;  153.350;    0.000
297.145; 2774.075;  133.350;    0.000
297.209; 2867.075;  149.350;    0.000
297.272; 2704.075;  150.350;    0.000
297.336; 2781.075;  119.350;    0.000
297.399; 2749.075;  160.350;    0.000
297.463; 2738.075;  158.350;    0.000
297.526; 2736.075;  160.350;    0.000
297.590; 2789.075;  173.350;    0.000
297.653; 2757.075;  121.350;    0.000
297.717; 2731.075;  168.350;    0.000
297.780; 2694.075;  131.350;    0.000
297.843; 2671.075;  154.350;    0.000
297.907; 2705.075;  126.350;    0.000
297.970; 2643.075;  180.350;    0.000
298.034; 2686.075;  140.350;    0.000
298.097; 2796.075;  207.350;    0.000
298.160; 2724.075;  177.350;    0.000
298.224; 2549.075;  165.350;    0.000
298.287; 2708.075;  160.350;    0.000
298.350; 2694.075;  176.350;    0.000
298.414; 2727.075;  155.350;    0.000
298.477; 2553.075;  132.350;    0.000
298.540; 2581.075;  162.350;    0.000
298.604; 2643.075;  180.350;    0.000
298.667; 2688.075;  208.350;    0.000
298.730; 2638.075;  177.350;    0.000
298.794; 2627.075;  126.350;    0.000
298.857; 2575.075;  171.350;    0.000
298.920; 2612.075;  124.350;    0.000
298.984; 2497.075;  146.350;    0.000
299.047; 2618.075;  140.350;    0.000
299.110; 2578.075;  159.350;    0.000
299.173; 2538.075;  177.350;    0.000
299.237; 2543.075;  196.350;    0.000
299.300; 2571.075;  121.350;    0.000
299.363; 2608.075;  172.350;    0.000
299.426; 2452.075;  117.350;    0.000
299.489; 2412.075;  138.350;    0.000
299.553; 2398.075;  198.350;    0.000
299.616; 2558.075;  158.350;    0.000
299.679; 2525.075;  148.350;    0.000
299.742; 2479.075;  138.350;    0.000
299.805; 2511.075;  157.350;    0.000
299.868; 2576.075;  183.350;    0.000
299.932; 2458.075;  137.350;    0.000
299.995; 2493.075;  152.350;    0.000
300.058; 2500.075;  171.350;    0.000
300.121; 2390.075;  172.350;    0.000
300.184; 2513.075;  161.350;    0.000
300.247; 2410.075;  156.350;    0.000
300.310; 2559.075;  154.350;    0.000
300.374; 2491.075;  147.350;    0.000
300.437; 2336.075;  144.350;    0.000
300.500; 2419.075;  152.350;    0.000
300.563; 2478.075;  160.350;    0.000
300.626; 2452.075;  167.350;    0.000
300.689; 2388.075;  193.350;    0.000
300.752; 2387.075;  134.350;    0.000
300.815; 2310.075;  194.350;    0.000
300.878; 2330.075;  156.350;    0.000
300.941; 2423.075;  177.350;    0.000
301.004; 2355.075;  160.350;    0.000
301.067; 2408.075;  153.350;    0.000
301.130; 2468.075;  167.350;    0.000
301.193; 2436.075;  156.350;    0.000
301.256; 2352.075;  176.350;    0.000
301.319; 2332.075;  172.350;    0.000
301.382; 2339.075;  150.350;    0.000
301.445; 2557.075;  183.350;    0.000
301.508; 2393.075;  118.350;    0.000
301.571; 2341.075;  142.350;    0.000
301.634; 2383.075;  164.350;    0.000
301.697; 2408.075;  169.350;    0.000
301.760; 2455.075;  197.350;    0.000
301.823; 2399.075;  155.350;    0.000
301.885; 2389.075;  165.350;    0.000
301.948; 2380.075;  168.350;    0.000
302.011; 2353.075;  172.350;    0.000
302.074; 2370.075;  182.350;    0.000
302.137; 2312.075;  161.350;    0.000
302.200; 2363.075;  174.350;    0.000
302.263; 2415.075;  158.350;    0.000
302.326; 2417.075;  168.350;    0.000
302.388; 2388.075;  165.350;    0.000
302.451; 2343.075;  158.350;    0.000
302.514; 2338.075;  181.350;    0.000
302.577; 2394.075;  147.350;    0.000
302.640; 2361.075;  178.350;    0.000
302.703; 2373.075;  164.350;    0.000
302.765; 2342.075;  149.350;    0.000
302.828; 2416.075;  192.350;    0.000
302.891; 2360.075;  201.350;    0.000
302.954; 2347.075;  135.350;    0.000
303.016; 2411.075;  180.350;    0.000
303.079; 2336.075;  192.350;    0.000
303.142; 2423.075;  176.350;    0.000
303.205; 2273.075;  176.350;    0.000
303.267; 2396.075;  163.350;    0.000
303.330; 2274.075;  162.350;    0.000
303.393; 2443.075;  164.350;    0.000
303.456; 2382.075;  180.350;    0.000
303.518; 2325.075;  162.350;    0.000
303.581; 2291.075;  137.350;    0.000
303.644; 2224.075;  135.350;    0.000
303.706; 2384.075;  170.350;    0.000
303.769; 2330.075;  216.350;    0.000
303.832; 2337.075;  143.350;    0.000
303.894; 2342.075;  162.350;    0.000
303.957; 2327.075;  149.350;    0.000
304.020; 2343.075;  111.350;    0.000
304.082; 2350.075;  158.350;    0.000
304.145; 2361.075;  149.350;    0.000
304.207; 2252.075;  169.350;    0.000
304.270; 2288.075;  170.350;    0.000
304.333; 2308.075;  185.350;    0.000
304.395; 2434.075;  179.350;    0.000
304.458; 2365.075;  174.350;    0.000
304.520; 2409.075;  160.350;    0.000
304.583; 2291.075;  175.350;    0.000
304.646; 2381.075;  160.350;    0.000
304.708; 2332.075;  173.350;    0.000
304.771; 2407.075;  115.350;    0.000
304.833; 2303.075;  172.350;    0.000
304.896; 2442.075;  187.350;    0.000
304.958; 2389.075;  142.350;    0.000
305.021; 2363.075;  164.350;    0.000
305.083; 2232.075;  139.350;    0.000
305.146; 2376.075;  162.350;    0.000
305.208; 2364.075;  135.350;    0.000
305.271; 2327.075;  159.350;    0.000
305.333; 2356.075;  210.350;    0.000
305.396; 2439.075;  151.350;    0.000
305.458; 2393.075;  195.350;    0.000
305.520; 2427.075;  179.350;    0.000
305.583; 2430.075;  157.350;    0.000
305.645; 2439.075;  187.350;    0.000
305.708; 2456.075;  159.350;    0.000
305.770; 2423.075;  189.350;    0.000
305.833; 2468.075;  147.350;    0.000
305.895; 2440.075;  154.350;    0.000
305.957; 2372.075;  143.350;    0.000
306.020; 2345.075;  133.350;    0.000
306.082; 2328.075;  146.350;    0.000
306.144; 2409.075;  171.350;    0.000
306.207; 2351.075;  151.350;    0.000
306.269; 2427.075;  169.350;    0.000
306.331; 2319.075;  162.350;    0.000
306.394; 2369.075;  171.350;    0.000
306.456; 2359.075;  155.350;    0.000
306.518; 2404.075;  183.350;    0.000
306.581; 2334.075;  180.350;    0.000
306.643; 2370.075;  199.350;    0.000
306.705; 2445.075;  163.350;    0.000
306.768; 2378.075;  183.350;    0.000
306.830; 2407.075;  183.350;    0.000
306.892; 2506.075;  190.350;    0.000
306.954; 2412.075;  161.350;    0.000
307.017; 2499.075;  151.350;    0.000
307.079; 2430.075;  147.350;    0.000
307.141; 2480.075;  179.350;    0.000
307.203; 2550.075;  143.350;    0.000
307.266; 2529.075;  142.350;    0.000
307.328; 2534.075;  161.350;    0.000
307.390; 2492.075;  189.350;    0.000
307.452; 2493.075;  155.350;    0.000
307.514; 2536.075;  211.350;    0.000
307.577; 2527.075;  201.350;    0.000
307.639; 2470.075;  192.350;    0.000
307.701; 2587.075;  162.350;    0.000
307.763; 2519.075;  155.350;    0.000
307.825; 2529.075;  193.350;    0.000
307.887; 2570.075;  214.350;    0.000
307.949; 2550.075;  208.350;    0.000
308.012; 2560.075;  175.350;    0.000
308.074; 2500.075;  155.350;    0.000
308.136; 2605.075;  172.350;    0.000
308.198; 2576.075;  171.350;    0.000
308.260; 2610.075;  182.350;    0.000
308.322; 2563.075;  177.350;    0.000
308.384; 2565.075;  207.350;    0.000
308.446; 2589.075;  170.350;    0.000
308.508; 2529.075;  177.350;    0.000
308.570; 2688.075;  195.350;    0.000
308.632; 2602.075;  190.350;    0.000
308.694; 2635.075;  161.350;    0.000
308.756; 2555.075;  173.350;    0.000
308.818; 2613.075;  190.350;    0.000
308.880; 2727.075;  197.350;    0.000
308.942; 2726.075;  223.350;    0.000
309.004; 2706.075;  176.350;    0.000
309.066; 2766.075;  182.350;    0.000
309.128; 2853.075;  185.350;    0.000
309.190; 2778.075;  166.350;    0.000
309.252; 2852.075;  191.350;    0.000
309.314; 2852.075;  208.350;    0.000
309.376; 2828.075;  205.350;    0.000
309.438; 2839.075;  166.350;    0.000
309.500; 2814.075;  195.350;    0.000
309.562; 2773.075;  163.350;    0.000
309.624; 2811.075;  162.350;    0.000
309.686; 2835.075;  194.350;    0.000
309.747; 2860.075;  179.350;    0.000
309.809; 2822.075;  211.350;    0.000
309.871; 2699.075;  191.350;    0.000
309.933; 2740.075;  151.350;    0.000
309.995; 2710.075;  179.350;    0.000
310.057; 2723.075;  175.350;    0.000
310.119; 2794.075;  161.350;    0.000
310.180; 2674.075;  167.350;    0.000
310.242; 2605.075;  171.350;    0.000
310.304; 2780.075;  209.350;    0.000
310.366; 2762.075;  229.350;    0.000
310.428; 2636.075;  132.350;    0.000
310.489; 2666.075;  165.350;    0.000
310.551; 2577.075;  193.350;    0.000
310.613; 2667.075;  182.350;    0.000
310.675; 2676.075;  186.350;    0.000
310.737; 2659.075;  192.350;    0.000
310.798; 2606.075;  194.350;    0.000
310.860; 2623.075;  220.350;    0.000
310.922; 2568.075;  161.350;    0.000
310.983; 2605.075;  203.350;    0.000
311.045; 2628.075;  198.350;    0.000
311.107; 2572.075;  179.350;    0.000
311.169; 2620.075;  154.350;    0.000
311.230; 2537.075;  134.350;    0.000
311.292; 2709.075;  215.350;    0.000
311.354; 2693.075;  171.350;    0.000
311.415; 2553.075;  195.350;    0.000
311.477; 2651.075;  185.350;    0.000
311.539; 2653.075;  183.350;    0.000
311.600; 2623.075;  183.350;    0.000
311.662; 2679.075;  207.350;    0.000
311.724; 2609.075;  193.350;    0.000
311.785; 2704.075;  180.350;    0.000
311.847; 2551.075;  155.350;    0.000
311.908; 2646.075;  179.350;    0.000
311.970; 2654.075;  193.350;    0.000
312.032; 2667.075;  188.350;    0.000
312.093; 2635.075;  166.350;    0.000
312.155; 2636.075;  147.350;    0.000
312.216; 2638.075;  177.350;    0.000
312.278; 2598.075;  162.350;    0.000
312.339; 2586.075;  158.350;    0.000
312.401; 2630.075;  181.350;    0.000
312.462; 2625.075;  153.350;    0.000
312.524; 2648.075;  186.350;    0.000
312.585; 2708.075;  191.350;    0.000
312.647; 2648.075;  131.350;    0.000
312.708; 2776.075;  170.350;    0.000
312.770; 2753.075;  194.350;    0.000
312.831; 2691.075;  161.350;    0.000
312.893; 2697.075;  179.350;    0.000
312.954; 2763.075;  183.350;    0.000
313.016; 2677.075;  189.350;    0.000
313.077; 2705.075;  169.350;    0.000
313.139; 2730.075;  148.350;    0.000
313.200; 2685.075;  155.350;    0.000
313.261; 2718.075;  213.350;    0.000
313.323; 2671.075;  162.350;    0.000
313.384; 2649.075;  160.350;    0.000
313.446; 2644.075;  202.350;    0.000
313.507; 2707.075;  149.350;    0.000
313.568; 2596.075;  194.350;    0.000
313.630; 2664.075;  163.350;    0.000
313.691; 2695.075;  158.350;    0.000
313.752; 2681.075;  179.350;    0.000
313.814; 2722.075;  180.350;    0.000
313.875; 2615.075;  191.350;    0.000
313.936; 2683.075;  169.350;    0.000
313.998; 2664.075;  165.350;    0.000
314.059; 2637.075;  211.350;    0.000
314.120; 2732.075;  190.350;    0.000
314.182; 2658.075;  185.350;    0.000
314.243; 2668.075;  186.350;    0.000
314.304; 2743.075;  178.350;    0.000
314.365; 2707.075;  187.350;    0.000
314.427; 2629.075;  145.350;    0.000
314.488; 2640.075;  184.350;    0.000
314.549; 2753.075;  181.350;    0.000
314.610; 2598.075;  151.350;    0.000
314.672; 2692.075;  153.350;    0.000
314.733; 2685.075;  148.350;    0.000
314.794; 2683.075;  156.350;    0.000
314.855; 2669.075;  196.350;    0.000
314.917; 2756.075;  157.350;    0.000
314.978; 2709.075;  174.350;    0.000
315.039; 2713.075;  168.350;    0.000
315.100; 2676.075;  154.350;    0.000
315.161; 2699.075;  176.350;    0.000
315.222; 2669.075;  198.350;    0.000
315.283; 2707.075;  169.350;    0.000
315.345; 2735.075;  162.350;    0.000
315.406; 2655.075;  199.350;    0.000
315.467; 2654.075;  180.350;    0.000
315.528; 2615.075;  179.350;    0.000
315.589; 2652.075;  166.350;    0.000
315.650; 2638.075;  179.350;    0.000
315.711; 2616.075;  177.350;    0.000
315.772; 2636.075;  180.350;    0.000
315.833; 2662.075;  157.350;    0.000
315.894; 2611.075;  133.350;    0.000
315.955; 2598.075;  205.350;    0.000
316.016; 2677.075;  190.350;    0.000
316.078; 2621.075;  174.350;    0.000
316.139; 2680.075;  208.350;    0.000
316.200; 2612.075;  166.350;    0.000
316.261; 2684.075;  186.350;    0.000
316.322; 2567.075;  185.350;    0.000
316.383; 2673.075;  179.350;    0.000
316.444; 2597.075;  172.350;    0.000
316.504; 2667.075;  181.350;    0.000
316.565; 2633.075;  197.350;    0.000
316.626; 2658.075;  196.350;    0.000
316.687; 2585.075;  173.350;    0.000
316.748; 2707.075;  178.350;    0.000
316.809; 2696.075;  178.350;    0.000
316.870; 2649.075;  134.350;    0.000
316.931; 2678.075;  166.350;    0.000
316.992; 2689.075;  200.350;    0.000
317.053; 2594.075;  169.350;    0.000
317.114; 2625.075;  185.350;    0.000
317.175; 2689.075;  213.350;    0.000
317.235; 2578.075;  199.350;    0.000
317.296; 2587.075;  190.350;    0.000
317.357; 2690.075;  152.350;    0.000
317.418; 2603.075;  192.350;    0.000
317.479; 2679.075;  170.350;    0.000
317.540; 2624.075;  179.350;    0.000
317.601; 2612.075;  155.350;    0.000
317.661; 2734.075;  154.350;    0.000
317.722; 2704.075;  190.350;    0.000
317.783; 2560.075;  149.350;    0.000
317.844; 2645.075;  207.350;    0.000
317.904; 2725.075;  153.350;    0.000
317.965; 2594.075;  179.350;    0.000
318.026; 2595.075;  235.350;    0.000
318.087; 2683.075;  184.350;    0.000
318.148; 2627.075;  201.350;    0.000
318.208; 2605.075;  220.350;    0.000
318.269; 2612.075;  175.350;    0.000
318.330; 2544.075;  185.350;    0.000
318.390; 2526.075;  180.350;    0.000
318.451; 2618.075;  164.350;    0.000
318.512; 2489.075;  150.350;    0.000
318.572; 2681.075;  205.350;    0.000
318.633; 2667.075;  224.350;    0.000
318.694; 2670.075;  202.350;    0.000
318.754; 2576.075;  196.350;    0.000
318.815; 2693.075;  187.350;    0.000
318.876; 2591.075;  200.350;    0.000
318.936; 2710.075;  232.350;    0.000
318.997; 2720.075;  211.350;    0.000
319.058; 2649.075;  194.350;    0.000
319.118; 2589.075;  197.350;    0.000
319.179; 2698.075;  162.350;    0.000
319.239; 2620.075;  188.350;    0.000
319.300; 2663.075;  205.350;    0.000
319.361; 2663.075;  179.350;    0.000
319.421; 2587.075;  182.350;    0.000
319.482; 2568.075;  189.350;    0.000
319.542; 2607.075;  180.350;    0.000
319.603; 2550.075;  204.350;    0.000
319.663; 2618.075;  195.350;    0.000
319.724; 2606.075;  135.350;    0.000
319.784; 2547.075;  184.350;    0.000
319.845; 2664.075;  160.350;    0.000
319.905; 2582.075;  206.350;    0.000
319.966; 2604.075;  203.350;    0.000
320.026; 2566.075;  203.350;    0.000
320.087; 2556.075;  206.350;    0.000
320.147; 2563.075;  180.350;    0.000
320.208; 2556.075;  189.350;    0.000
320.268; 2579.075;  179.350;    0.000
320.329; 2540.075;  215.350;    0.000
320.389; 2563.075;  193.350;    0.000
320.449; 2606.075;  210.350;    0.000
320.510; 2607.075;  206.350;    0.000
320.570; 2560.075;  221.350;    0.000
320.631; 2623.075;  203.350;    0.000
320.691; 2580.075;  190.350;    0.000
320.751; 2626.075;  205.350;    0.000
320.812; 2586.075;  191.350;    0.000
320.872; 2577.075;  216.350;    0.000
320.932; 2632.075;  209.350;    0.000
320.993; 2639.075;  189.350;    0.000
321.053; 2616.075;  228.350;    0.000
321.113; 2624.075;  163.350;    0.000
321.174; 2651.075;  204.350;    0.000
321.234; 2681.075;  214.350;    0.000
321.294; 2522.075;  184.350;    0.000
321.355; 2535.075;  216.350;    0.000
321.415; 2575.075;  187.350;    0.000
321.475; 2582.075;  216.350;    0.000
321.535; 2587.075;  189.350;    0.000
321.596; 2610.075;  186.350;    0.000
321.656; 2558.075;  204.350;    0.000
321.716; 2594.075;  183.350;    0.000
321.776; 2564.075;  194.350;    0.000
321.837; 2554.075;  190.350;    0.000
321.897; 2554.075;  219.350;    0.000
321.957; 2620.075;  222.350;    0.000
322.017; 2554.075;  183.350;    0.000
322.077; 2655.075;  239.350;    0.000
322.138; 2612.075;  219.350;    0.000
322.198; 2616.075;  185.350;    0.000
322.258; 2563.075;  231.350;    0.000
322.318; 2516.075;  197.350;    0.000
322.378; 2588.075;  179.350;    0.000
322.438; 2601.075;  217.350;    0.000
322.499; 2577.075;  238.350;    0.000
322.559; 2512.075;  197.350;    0.000
322.619; 2551.075;  204.350;    0.000
322.679; 2453.075;  199.350;    0.000
322.739; 2531.075;  194.350;    0.000
322.799; 2553.075;  203.350;    0.000
322.859; 2557.075;  234.350;    0.000
322.919; 2624.075;  194.350;    0.000
322.979; 2573.075;  219.350;    0.000
323.039; 2616.075;  193.350;    0.000
323.099; 2567.075;  207.350;    0.000
323.159; 2481.075;  213.350;    0.000
323.219; 2437.075;  171.350;    0.000
323.279; 2565.075;  215.350;    0.000
323.339; 2521.075;  170.350;    0.000
323.399; 2596.075;  195.350;    0.000
323.459; 2477.075;  234.350;    0.000
323.519; 2607.075;  201.350;    0.000
323.579; 2505.075;  167.350;    0.000
323.639; 2589.075;  209.350;    0.000
323.699; 2601.075;  217.350;    0.000
323.759; 2559.075;  213.350;    0.000
323.819; 2524.075;  216.350;    0.000
323.879; 2629.075;  193.350;    0.000
323.939; 2583.075;  182.350;    0.000
323.999; 2637.075;  206.350;    0.000
324.059; 2602.075;  196.350;    0.000
324.119; 2575.075;  240.350;    0.000
324.178; 2633.075;  186.350;    0.000
324.238; 2570.075;  179.350;    0.000
324.298; 2621.075;  195.350;    0.000
324.358; 2616.075;  208.350;    0.000
324.418; 2606.075;  190.350;    0.000
324.478; 2557.075;  197.350;    0.000
324.538; 2512.075;  157.350;    0.000
324.597; 2543.075;  219.350;    0.000
324.657; 2549.075;  176.350;    0.000
324.717; 2516.075;  179.350;    0.000
324.777; 2473.075;  190.350;    0.000
324.837; 2583.075;  172.350;    0.000
324.896; 2576.075;  199.350;    0.000
324.956; 2553.075;  216.350;    0.000
325.016; 2471.075;  191.350;    0.000
325.076; 2519.075;  185.350;    0.000
325.135; 2596.075;  174.350;    0.000
325.195; 2597.075;  175.350;    0.000
325.255; 2589.075;  144.350;    0.000
325.315; 2592.075;  201.350;    0.000
325.374; 2494.075;  198.350;    0.000
325.434; 2485.075;  181.350;    0.000
325.494; 2529.075;  183.350;    0.000
325.553; 2589.075;  172.350;    0.000
325.613; 2539.075;  200.350;    0.000
325.673; 2480.075;  177.350;    0.000
325.732; 2561.075;  174.350;    0.000
325.792; 2545.075;  181.350;    0.000
325.852; 2549.075;  214.350;    0.000
325.911; 2576.075;  230.350;    0.000
325.971; 2585.075;  198.350;    0.000
326.031; 2513.075;  201.350;    0.000
326.090; 2571.075;  214.350;    0.000
326.150; 2531.075;  163.350;    0.000
326.209; 2541.075;  207.350;    0.000
326.269; 2517.075;  201.350;    0.000
326.328; 2589.075;  208.350;    0.000
326.388; 2474.075;  169.350;    0.000
326.448; 2640.075;  229.350;    0.000
326.507; 2491.075;  243.350;    0.000
326.567; 2495.075;  162.350;    0.000
326.626; 2541.075;  200.350;    0.000
326.686; 2454.075;  166.350;    0.000
326.745; 2517.075;  178.350;    0.000
326.805; 2496.075;  185.350;    0.000
326.864; 2562.075;  209.350;    0.000
326.924; 2543.075;  234.350;    0.000
326.983; 2460.075;  197.350;    0.000
327.043; 2457.075;  217.350;    0.000
327.102; 2539.075;  174.350;    0.000
327.161; 2468.075;  172.350;    0.000
327.221; 2540.075;  183.350;    0.000
327.280; 2477.075;  200.350;    0.000
327.340; 2453.075;  200.350;    0.000
327.399; 2458.075;  219.350;    0.000
327.459; 2543.075;  246.350;    0.000
327.518; 2537.075;  217.350;    0.000
327.577; 2507.075;  212.350;    0.000
327.637; 2467.075;  188.350;    0.000
327.696; 2446.075;  201.350;    0.000
327.755; 2508.075;  199.350;    0.000
327.815; 2455.075;  224.350;    0.000
327.874; 2504.075;  236.350;    0.000
327.933; 2492.075;  182.350;    0.000
327.993; 2488.075;  206.350;    0.000
328.052; 2515.075;  191.350;    0.000
328.111; 2560.075;  222.350;    0.000
328.171; 2505.075;  200.350;    0.000
328.230; 2487.075;  203.350;    0.000
328.289; 2553.075;  219.350;    0.000
328.349; 2494.075;  231.350;    0.000
328.408; 2505.075;  223.350;    0.000
328.467; 2573.075;  226.350;    0.000
328.526; 2488.075;  197.350;    0.000
328.586; 2499.075;  221.350;    0.000
328.645; 2500.075;  199.350;    0.000
328.704; 2519.075;  227.350;    0.000
328.763; 2543.075;  201.350;    0.000
328.822; 2453.075;  230.350;    0.000
328.882; 2580.075;  244.350;    0.000
328.941; 2449.075;  221.350;    0.000
329.000; 2582.075;  207.350;    0.000
329.059; 2450.075;  208.350;    0.000
329.118; 2529.075;  203.350;    0.000
329.177; 2503.075;  198.350;    0.000
329.237; 2529.075;  218.350;    0.000
329.296; 2562.075;  213.350;    0.000
329.355; 2590.075;  208.350;    0.000
329.414; 2617.075;  231.350;    0.000
329.473; 2596.075;  221.350;    0.000
329.532; 2641.075;  243.350;    0.000
329.591; 2568.075;  210.350;    0.000
329.650; 2654.075;  232.350;    0.000
329.709; 2671.075;  211.350;    0.000
329.768; 2665.075;  194.350;    0.000
329.827; 2747.075;  237.350;    0.000
329.886; 2871.075;  213.350;    0.000
329.945; 2860.075;  190.350;    0.000
330.004; 2974.075;  233.350;    0.000
330.063; 3017.075;  191.350;    0.000
330.122; 3616.075;  234.350;    0.000
330.181; 3794.075;  220.350;    0.000
330.240; 3867.075;  191.350;    0.000
330.299; 3506.075;  210.350;    0.000
330.358; 3115.075;  191.350;    0.000
330.417; 2881.075;  225.350;    0.000
330.476; 2744.075;  226.350;    0.000
330.535; 2726.075;  217.350;    0.000
330.594; 2686.075;  205.350;    0.000
330.653; 2668.075;  193.350;    0.000
330.712; 2529.075;  206.350;    0.000
330.771; 2543.075;  175.350;    0.000
330.830; 2558.075;  204.350;    0.000
330.889; 2544.075;  198.350;    0.000
330.948; 2603.075;  198.350;    0.000
331.006; 2515.075;  207.350;    0.000
331.065; 2464.075;  203.350;    0.000
331.124; 2408.075;  210.350;    0.000
331.183; 2449.075;  165.350;    0.000
331.242; 2468.075;  195.350;    0.000
331.301; 2432.075;  191.350;    0.000
331.359; 2451.075;  205.350;    0.000
331.418; 2477.075;  183.350;    0.000
331.477; 2401.075;  198.350;    0.000
331.536; 2447.075;  211.350;    0.000
331.595; 2347.075;  191.350;    0.000
331.653; 2392.075;  232.350;    0.000
331.712; 2351.075;  225.350;    0.000
331.771; 2407.075;  199.350;    0.000
331.830; 2384.075;  189.350;    0.000
331.888; 2438.075;  219.350;    0.000
331.947; 2349.075;  188.350;    0.000
332.006; 2406.075;  180.350;    0.000
332.065; 2372.075;  177.350;    0.000
332.123; 2359.075;  214.350;    0.000
332.182; 2368.075;  223.350;    0.000
332.241; 2337.075;  202.350;    0.000
332.299; 2368.075;  180.350;    0.000
332.358; 2397.075;  206.350;    0.000
332.417; 2410.075;  195.350;    0.000
332.475; 2447.075;  221.350;    0.000
332.534; 2409.075;  207.350;    0.000
332.592; 2429.075;  190.350;    0.000
332.651; 2407.075;  203.350;    0.000
332.710; 2456.075;  219.350;    0.000
332.768; 2384.075;  210.350;    0.000
332.827; 2361.075;  173.350;    0.000
332.885; 2527.075;  239.350;    0.000
332.944; 2356.075;  145.350;    0.000
333.003; 2449.075;  197.350;    0.000
333.061; 2365.075;  179.350;    0.000
333.120; 2529.075;  198.350;    0.000
333.178; 2540.075;  185.350;    0.000
333.237; 2519.075;  204.350;    0.000
333.295; 2567.075;  266.350;    0.000
333.354; 2491.075;  181.350;    0.000
333.412; 2523.075;  189.350;    0.000
333.471; 2535.075;  216.350;    0.000
333.529; 2484.075;  220.350;    0.000
333.588; 2594.075;  193.350;    0.000
333.646; 2584.075;  186.350;    0.000
333.705; 2614.075;  210.350;    0.000
333.763; 2686.075;  222.350;    0.000
333.822; 2509.075;  222.350;    0.000
333.880; 2498.075;  202.350;    0.000
333.938; 2481.075;  205.350;    0.000
333.997; 2528.075;  199.350;    0.000
334.055; 2556.075;  199.350;    0.000
334.114; 2603.075;  237.350;    0.000
334.172; 2414.075;  155.350;    0.000
334.230; 2425.075;  208.350;    0.000
334.289; 2377.075;  191.350;    0.000
334.347; 2435.075;  211.350;    0.000
334.405; 2452.075;  212.350;    0.000
334.464; 2484.075;  179.350;    0.000
334.522; 2535.075;  160.350;    0.000
334.580; 2455.075;  195.350;    0.000
334.639; 2442.075;  191.350;    0.000
334.697; 2453.075;  194.350;    0.000
334.755; 2481.075;  185.350;    0.000
334.814; 2462.075;  214.350;    0.000
334.872; 2448.075;  179.350;    0.000
334.930; 2446.075;  169.350;    0.000
334.988; 2463.075;  201.350;    0.000
335.047; 2465.075;  188.350;    0.000
335.105; 2440.075;  175.350;    0.000
335.163; 2569.075;  191.350;    0.000
335.221; 2502.075;  196.350;    0.000
335.280; 2548.075;  182.350;    0.000
335.338; 2571.075;  202.350;    0.000
335.396; 2491.075;  219.350;    0.000
335.454; 2479.075;  187.350;    0.000
335.512; 2440.075;  236.350;    0.000
335.570; 2431.075;  209.350;    0.000
335.629; 2436.075;  247.350;    0.000
335.687; 2600.075;  219.350;    0.000
335.745; 2504.075;  203.350;    0.000
335.803; 2665.075;  220.350;    0.000
335.861; 2618.075;  208.350;    0.000
335.919; 2607.075;  223.350;    0.000
335.977; 2475.075;  201.350;    0.000
336.035; 2515.075;  193.350;    0.000
336.094; 2433.075;  178.350;    0.000
336.152; 2536.075;  182.350;    0.000
336.210; 2522.075;  199.350;    0.000
336.268; 2524.075;  216.350;    0.000
336.326; 2628.075;  216.350;    0.000
336.384; 2531.075;  201.350;    0.000
336.442; 2571.075;  197.350;    0.000
336.500; 2446.075;  203.350;    0.000
336.558; 2457.075;  198.350;    0.000
336.616; 2491.075;  210.350;    0.000
336.674; 2464.075;  192.350;    0.000
336.732; 2438.075;  182.350;    0.000
336.790; 2462.075;  189.350;    0.000
336.848; 2545.075;  233.350;    0.000
336.906; 2470.075;  235.350;    0.000
336.964; 2433.075;  208.350;    0.000
337.022; 2518.075;  249.350;    0.000
337.080; 2552.075;  204.350;    0.000
337.138; 2415.075;  176.350;    0.000
337.195; 2554.075;  207.350;    0.000
337.253; 2467.075;  214.350;    0.000
337.311; 2496.075;  210.350;    0.000
337.369; 2431.075;  222.350;    0.000
337.427; 2522.075;  236.350;    0.000
337.485; 2444.075;  241.350;    0.000
337.543; 2416.075;  217.350;    0.000
337.601; 2413.075;  221.350;    0.000
337.658; 2392.075;  205.350;    0.000
337.716; 2422.075;  210.350;    0.000
337.774; 2455.075;  196.350;    0.000
337.832; 2447.075;  200.350;    0.000
337.890; 2293.075;  192.350;    0.000
337.947; 2439.075;  192.350;    0.000
338.005; 2370.075;  211.350;    0.000
338.063; 2408.075;  176.350;    0.000
338.121; 2420.075;  222.350;    0.000
338.178; 2349.075;  198.350;    0.000
338.236; 2390.075;  210.350;    0.000
338.294; 2402.075;  211.350;    0.000
338.352; 2439.075;  212.350;    0.000
338.409; 2335.075;  199.350;    0.000
338.467; 2365.075;  205.350;    0.000
338.525; 2382.075;  217.350;    0.000
338.583; 2314.075;  197.350;    0.000
338.640; 2344.075;  226.350;    0.000
338.698; 2320.075;  201.350;    0.000
338.756; 2325.075;  192.350;    0.000
338.813; 2426.075;  220.350;    0.000
338.871; 2486.075;  258.350;    0.000
338.928; 2489.075;  223.350;    0.000
338.986; 2487.075;  200.350;    0.000
339.044; 2455.075;  206.350;    0.000
339.101; 2406.075;  250.350;    0.000
339.159; 2342.075;  245.350;    0.000
339.216; 2317.075;  227.350;    0.000
339.274; 2384.075;  260.350;    0.000
339.332; 2396.075;  223.350;    0.000
339.389; 2414.075;  233.350;    0.000
339.447; 2326.075;  206.350;    0.000
339.504; 2403.075;  229.350;    0.000
339.562; 2323.075;  194.350;    0.000
339.619; 2407.075;  245.350;    0.000
339.677; 2412.075;  238.350;    0.000
339.734; 2374.075;  197.350;    0.000
339.792; 2408.075;  210.350;    0.000
339.849; 2336.075;  201.350;    0.000
339.907; 2404.075;  252.350;    0.000
339.964; 2363.075;  191.350;    0.000
340.022; 2378.075;  246.350;    0.000
340.079; 2343.075;  213.350;    0.000
340.137; 2339.075;  240.350;    0.000
340.194; 2421.075;  208.350;    0.000
340.252; 2324.075;  215.350;    0.000
340.309; 2284.075;  203.350;    0.000
340.366; 2422.075;  194.350;    0.000
340.424; 2424.075;  226.350;    0.000
340.481; 2407.075;  234.350;    0.000
340.538; 2411.075;  205.350;    0.000
340.596; 2295.075;  197.350;    0.000
340.653; 2298.075;  233.350;    0.000
340.711; 2379.075;  273.350;    0.000
340.768; 2486.075;  237.350;    0.000
340.825; 2452.075;  224.350;    0.000
340.883; 2352.075;  240.350;    0.000
340.940; 2414.075;  216.350;    0.000
340.997; 2416.075;  228.350;    0.000
341.054; 2306.075;  200.350;    0.000
341.112; 2405.075;  220.350;    0.000
341.169; 2475.075;  226.350;    0.000
341.226; 2430.075;  206.350;    0.000
341.284; 2443.075;  204.350;    0.000
341.341; 2414.075;  214.350;    0.000
341.398; 2457.075;  160.350;    0.000
341.455; 2402.075;  209.350;    0.000
341.512; 2518.075;  233.350;    0.000
341.570; 2402.075;  240.350;    0.000
341.627; 2450.075;  209.350;    0.000
341.684; 2389.075;  178.350;    0.000
341.741; 2450.075;  254.350;    0.000
341.798; 2436.075;  232.350;    0.000
341.856; 2410.075;  196.350;    0.000
341.913; 2436.075;  244.350;    0.000
341.970; 2457.075;  203.350;    0.000
342.027; 2460.075;  235.350;    0.000
342.084; 2443.075;  214.350;    0.000
342.141; 2426.075;  194.350;    0.000
342.198; 2429.075;  194.350;    0.000
342.255; 2453.075;  219.350;    0.000
342.313; 2335.075;  195.350;    0.000
342.370; 2326.075;  207.350;    0.000
342.427; 2410.075;  217.350;    0.000
342.484; 2337.075;  213.350;    0.000
342.541; 2311.075;  215.350;    0.000
342.598; 2376.075;  247.350;    0.000
342.655; 2350.075;  205.350;    0.000
342.712; 2400.075;  226.350;    0.000
342.769; 2385.075;  212.350;    0.000
342.826; 2390.075;  203.350;    0.000
342.883; 2277.075;  207.350;    0.000
342.940; 2370.075;  204.350;    0.000
342.997; 2369.075;  237.350;    0.000
343.054; 2327.075;  210.350;    0.000
343.111; 2362.075;  209.350;    0.000
343.168; 2395.075;  201.350;    0.000
343.225; 2504.075;  208.350;    0.000
343.282; 2471.075;  216.350;    0.000
343.339; 2442.075;  237.350;    0.000
343.395; 2478.075;  218.350;    0.000
343.452; 2480.075;  234.350;    0.000
343.509; 2539.075;  214.350;    0.000
343.566; 2516.075;  222.350;    0.000
343.623; 2506.075;  226.350;    0.000
343.680; 2562.075;  245.350;    0.000
343.737; 2503.075;  209.350;    0.000
343.794; 2592.075;  227.350;    0.000
343.850; 2503.075;  197.350;    0.000
343.907; 2594.075;  211.350;    0.000
343.964; 2562.075;  190.350;    0.000
344.021; 2552.075;  252.350;    0.000
344.078; 2565.075;  261.350;    0.000
344.134; 2548.075;  206.350;    0.000
344.191; 2550.075;  231.350;    0.000
344.248; 2578.075;  225.350;    0.000
344.305; 2575.075;  210.350;    0.000
344.361; 2537.075;  194.350;    0.000
344.418; 2631.075;  219.350;    0.000
344.475; 2510.075;  245.350;    0.000
344.532; 2456.075;  238.350;    0.000
344.588; 2532.075;  235.350;    0.000
344.645; 2471.075;  229.350;    0.000
344.702; 2578.075;  145.350;    0.000
344.758; 2564.075;  240.350;    0.000
344.815; 2527.075;  215.350;    0.000
344.872; 2543.075;  203.350;    0.000
344.928; 2532.075;  208.350;    0.000
344.985; 2530.075;  216.350;    0.000
345.042; 2539.075;  234.350;    0.000
345.098; 2528.075;  183.350;    0.000
345.155; 2488.075;  241.350;    0.000
345.212; 2443.075;  222.350;    0.000
345.268; 2518.075;  234.350;    0.000
345.325; 2406.075;  181.350;    0.000
345.381; 2499.075;  251.350;    0.000
345.438; 2531.075;  256.350;    0.000
345.495; 2566.075;  247.350;    0.000
345.551; 2538.075;  231.350;    0.000
345.608; 2454.075;  206.350;    0.000
345.664; 2564.075;  201.350;    0.000
345.721; 2532.075;  216.350;    0.000
345.777; 2452.075;  195.350;    0.000
345.834; 2478.075;  195.350;    0.000
345.890; 2444.075;  227.350;    0.000
345.947; 2515.075;  240.350;    0.000
346.003; 2501.075;  248.350;    0.000
346.060; 2521.075;  213.350;    0.000
346.116; 2536.075;  225.350;    0.000
346.173; 2569.075;  199.350;    0.000
346.229; 2460.075;  264.350;    0.000
346.285; 2557.075;  246.350;    0.000
346.342; 2433.075;  240.350;    0.000
346.398; 2547.075;  222.350;    0.000
346.455; 2565.075;  231.350;    0.000
346.511; 2591.075;  214.350;    0.000
346.567; 2507.075;  231.350;    0.000
346.624; 2617.075;  222.350;    0.000
346.680; 2564.075;  197.350;    0.000
346.737; 2589.075;  225.350;    0.000
346.793; 2552.075;  255.350;    0.000
346.849; 2584.075;  245.350;    0.000
346.906; 2535.075;  221.350;    0.000
346.962; 2711.075;  260.350;    0.000
347.018; 2655.075;  238.350;    0.000
347.074; 2647.075;  257.350;    0.000
347.131; 2629.075;  200.350;    0.000
347.187; 2574.075;  232.350;    0.000
347.243; 2582.075;  240.350;    0.000
347.300; 2680.075;  249.350;    0.000
347.356; 2630.075;  250.350;    0.000
347.412; 2561.075;  252.350;    0.000
347.468; 2572.075;  254.350;    0.000
347.524; 2568.075;  280.350;    0.000
347.581; 2601.075;  228.350;    0.000
347.637; 2614.075;  261.350;    0.000
347.693; 2533.075;  238.350;    0.000
347.749; 2587.075;  261.350;    0.000
347.805; 2557.075;  238.350;    0.000
347.862; 2541.075;  246.350;    0.000
347.918; 2550.075;  256.350;    0.000
347.974; 2575.075;  277.350;    0.000
348.030; 2580.075;  242.350;    0.000
348.086; 2529.075;  223.350;    0.000
348.142; 2631.075;  215.350;    0.000
348.198; 2554.075;  272.350;    0.000
348.254; 2510.075;  292.350;    0.000
348.311; 2677.075;  235.350;    0.000
348.367; 2627.075;  263.350;    0.000
348.423; 2464.075;  193.350;    0.000
348.479; 2504.075;  266.350;    0.000
348.535; 2680.075;  238.350;    0.000
348.591; 2561.075;  237.350;    0.000
348.647; 2578.075;  239.350;    0.000
348.703; 2541.075;  240.350;    0.000
348.759; 2463.075;  253.350;    0.000
348.815; 2625.075;  255.350;    0.000
348.871; 2651.075;  256.350;    0.000
348.927; 2604.075;  261.350;    0.000
348.983; 2523.075;  258.350;    0.000
349.039; 2626.075;  204.350;    0.000
349.095; 2577.075;  215.350;    0.000
349.151; 2680.075;  230.350;    0.000
349.207; 2579.075;  216.350;    0.000
349.263; 2552.075;  235.350;    0.000
349.319; 2570.075;  244.350;    0.000
349.374; 2657.075;  213.350;    0.000
349.430; 2643.075;  241.350;    0.000
349.486; 2666.075;  248.350;    0.000
349.542; 2651.075;  259.350;    0.000
349.598; 2652.075;  208.350;    0.000
349.654; 2655.075;  242.350;    0.000
349.710; 2624.075;  246.350;    0.000
349.766; 2674.075;  226.350;    0.000
349.821; 2644.075;  227.350;    0.000
349.877; 2627.075;  226.350;    0.000
349.933; 2588.075;  249.350;    0.000
349.989; 2667.075;  263.350;    0.000
350.045; 2586.075;  267.350;    0.000
350.100; 2651.075;  219.350;    0.000
350.156; 2594.075;  207.350;    0.000
350.212; 2535.075;  230.350;    0.000
350.268; 2608.075;  223.350;    0.000
350.323; 2520.075;  217.350;    0.000
350.379; 2586.075;  227.350;    0.000
350.435; 2628.075;  219.350;    0.000
350.491; 2640.075;  195.350;    0.000
350.546; 2647.075;  229.350;    0.000
350.602; 2615.075;  222.350;    0.000
350.658; 2586.075;  225.350;    0.000
350.713; 2565.075;  231.350;    0.000
350.769; 2631.075;  193.350;    0.000
350.825; 2634.075;  182.350;    0.000
350.880; 2560.075;  193.350;    0.000
350.936; 2622.075;  222.350;    0.000
350.992; 2619.075;  217.350;    0.000
351.047; 2654.075;  226.350;    0.000
351.103; 2710.075;  187.350;    0.000
351.158; 2667.075;  212.350;    0.000
351.214; 2710.075;  207.350;    0.000
351.270; 2608.075;  194.350;    0.000
351.325; 2570.075;  213.350;    0.000
351.381; 2652.075;  223.350;    0.000
351.436; 2680.075;  222.350;    0.000
351.492; 2642.075;  219.350;    0.000
351.547; 2723.075;  205.350;    0.000
351.603; 2684.075;  218.350;    0.000
351.658; 2645.075;  199.350;    0.000
351.714; 2673.075;  201.350;    0.000
351.769; 2632.075;  209.350;    0.000
351.825; 2634.075;  226.350;    0.000
351.880; 2687.075;  189.350;    0.000
351.936; 2699.075;  201.350;    0.000
351.991; 2597.075;  220.350;    0.000
352.047; 2725.075;  232.350;    0.000
352.102; 2616.075;  185.350;    0.000
352.158; 2696.075;  228.350;    0.000
352.213; 2632.075;  204.350;    0.000
352.268; 2627.075;  220.350;    0.000
352.324; 2621.075;  206.350;    0.000
352.379; 2697.075;  182.350;    0.000
352.434; 2697.075;  214.350;    0.000
352.490; 2603.075;  250.350;    0.000
352.545; 2708.075;  290.350;    0.000
352.601; 2687.075;  247.350;    0.000
352.656; 2653.075;  203.350;    0.000
352.711; 2617.075;  197.350;    0.000
352.767; 2622.075;  169.350;    0.000
352.822; 2597.075;  191.350;    0.000
352.877; 2634.075;  235.350;    0.000
352.932; 2599.075;  231.350;    0.000
352.988; 2617.075;  224.350;    0.000
353.043; 2706.075;  226.350;    0.000
353.098; 2779.075;  227.350;    0.000
353.153; 2650.075;  239.350;    0.000
353.209; 2646.075;  217.350;    0.000
353.264; 2643.075;  198.350;    0.000
353.319; 2630.075;  247.350;    0.000
353.374; 2612.075;  199.350;    0.000
353.430; 2724.075;  247.350;    0.000
353.485; 2666.075;  242.350;    0.000
353.540; 2676.075;  237.350;    0.000
353.595; 2584.075;  233.350;    0.000
353.650; 2635.075;  221.350;    0.000
353.705; 2619.075;  259.350;    0.000
353.761; 2496.075;  223.350;    0.000
353.816; 2543.075;  234.350;    0.000
353.871; 2607.075;  226.350;    0.000
353.926; 2640.075;  232.350;    0.000
353.981; 2636.075;  245.350;    0.000
354.036; 2617.075;  247.350;    0.000
354.091; 2662.075;  233.350;    0.000
354.146; 2596.075;  253.350;    0.000
354.201; 2541.075;  236.350;    0.000
354.256; 2665.075;  210.350;    0.000
354.311; 2729.075;  279.350;    0.000
354.367; 2730.075;  208.350;    0.000
354.422; 2705.075;  228.350;    0.000
354.477; 2621.075;  202.350;    0.000
354.532; 2713.075;  215.350;    0.000
354.587; 2671.075;  249.350;    0.000
354.642; 2602.075;  206.350;    0.000
354.697; 2605.075;  226.350;    0.000
354.751; 2769.075;  241.350;    0.000
354.806; 2601.075;  249.350;    0.000
354.861; 2620.075;  216.350;    0.000
354.916; 2630.075;  249.350;    0.000
354.971; 2637.075;  217.350;    0.000
355.026; 2601.075;  236.350;    0.000
355.081; 2649.075;  242.350;    0.000
355.136; 2533.075;  216.350;    0.000
355.191; 2614.075;  216.350;    0.000
355.246; 2607.075;  258.350;    0.000
355.301; 2707.075;  250.350;    0.000
355.355; 2621.075;  251.350;    0.000
355.410; 2661.075;  216.350;    0.000
355.465; 2630.075;  224.350;    0.000
355.520; 2672.075;  221.350;    0.000
355.575; 2702.075;  255.350;    0.000
355.630; 2749.075;  225.350;    0.000
355.684; 2749.075;  210.350;    0.000
355.739; 2722.075;  232.350;    0.000
355.794; 2715.075;  202.350;    0.000
355.849; 2634.075;  211.350;    0.000
355.904; 2681.075;  226.350;    0.000
355.958; 2711.075;  191.350;    0.000
356.013; 2634.075;  208.350;    0.000
356.068; 2780.075;  229.350;    0.000
356.123; 2634.075;  243.350;    0.000
356.177; 2657.075;  227.350;    0.000
356.232; 2644.075;  243.350;    0.000
356.287; 2714.075;  216.350;    0.000
356.341; 2621.075;  242.350;    0.000
356.396; 2614.075;  175.350;    0.000
356.451; 2635.075;  271.350;    0.000
356.505; 2635.075;  225.350;    0.000
356.560; 2686.075;  260.350;    0.000
356.615; 2675.075;  213.350;    0.000
356.669; 2656.075;  213.350;    0.000
356.724; 2708.075;  221.350;    0.000
356.778; 2714.075;  232.350;    0.000
356.833; 2698.075;  178.350;    0.000
356.888; 2712.075;  236.350;    0.000
356.942; 2749.075;  224.350;    0.000
356.997; 2651.075;  228.350;    0.000
357.051; 2566.075;  226.350;    0.000
357.106; 2582.075;  185.350;    0.000
357.160; 2617.075;  202.350;    0.000
357.215; 2573.075;  232.350;    0.000
357.269; 2712.075;  224.350;    0.000
357.324; 2556.075;  219.350;    0.000
357.378; 2690.075;  196.350;    0.000
357.433; 2657.075;  241.350;    0.000
357.487; 2629.075;  244.350;    0.000
357.542; 2669.075;  210.350;    0.000
357.596; 2643.075;  231.350;    0.000
357.651; 2624.075;  248.350;    0.000
357.705; 2707.075;  232.350;    0.000
357.760; 2709.075;  224.350;    0.000
357.814; 2693.075;  221.350;    0.000
357.868; 2678.075;  207.350;    0.000
357.923; 2587.075;  234.350;    0.000
357.977; 2680.075;  218.350;    0.000
358.032; 2607.075;  244.350;    0.000
358.086; 2693.075;  246.350;    0.000
358.140; 2654.075;  235.350;    0.000
358.195; 2616.075;  237.350;    0.000
358.249; 2651.075;  233.350;    0.000
358.303; 2694.075;  254.350;    0.000
358.358; 2587.075;  217.350;    0.000
358.412; 2686.075;  245.350;    0.000
358.466; 2679.075;  230.350;    0.000
358.521; 2612.075;  214.350;    0.000
358.575; 2638.075;  243.350;    0.000
358.629; 2580.075;  230.350;    0.000
358.683; 2684.075;  232.350;    0.000
358.738; 2666.075;  249.350;    0.000
358.792; 2631.075;  249.350;    0.000
358.846; 2652.075;  271.350;    0.000
358.900; 2755.075;  265.350;    0.000
358.954; 2675.075;  236.350;    0.000
359.009; 2672.075;  254.350;    0.000
359.063; 2660.075;  216.350;    0.000
359.117; 2679.075;  245.350;    0.000
359.171; 2724.075;  252.350;    0.000
359.225; 2680.075;  240.350;    0.000
359.280; 2699.075;  239.350;    0.000
359.334; 2715.075;  234.350;    0.000
359.388; 2654.075;  258.350;    0.000
359.442; 2711.075;  220.350;    0.000
359.496; 2609.075;  206.350;    0.000
359.550; 2642.075;  279.350;    0.000
359.604; 2560.075;  263.350;    0.000
359.658; 2664.075;  251.350;    0.000
359.712; 2674.075;  244.350;    0.000
359.766; 2593.075;  217.350;    0.000
359.820; 2622.075;  235.350;    0.000
359.875; 2625.075;  249.350;    0.000
359.929; 2621.075;  269.350;    0.000
359.983; 2662.075;  240.350;    0.000
360.037; 2701.075;  252.350;    0.000
360.091; 2596.075;  271.350;    0.000
360.145; 2597.075;  222.350;    0.000
360.199; 2593.075;  302.350;    0.000
360.253; 2614.075;  234.350;    0.000
360.306; 2505.075;  258.350;    0.000
360.360; 2613.075;  249.350;    0.000
360.414; 2613.075;  231.350;    0.000
360.468; 2637.075;  261.350;    0.000
360.522; 2690.075;  277.350;    0.000
360.576; 2567.075;  273.350;    0.000
360.630; 2621.075;  264.350;    0.000
360.684; 2543.075;  223.350;    0.000
360.738; 2709.075;  266.350;    0.000
360.792; 2634.075;  252.350;    0.000
360.846; 2604.075;  234.350;    0.000
360.899; 2685.075;  296.350;    0.000
360.953; 2584.075;  273.350;    0.000
361.007; 2579.075;  251.350;    0.000
361.061; 2590.075;  250.350;    0.000
361.115; 2705.075;  267.350;    0.000
361.168; 2645.075;  308.350;    0.000
361.222; 2649.075;  246.350;    0.000
361.276; 2600.075;  261.350;    0.000
361.330; 2618.075;  233.350;    0.000
361.384; 2693.075;  269.350;    0.000
361.437; 2691.075;  270.350;    0.000
361.491; 2653.075;  263.350;    0.000
361.545; 2569.075;  288.350;    0.000
361.599; 2610.075;  270.350;    0.000
361.652; 2669.075;  256.350;    0.000
361.706; 2634.075;  263.350;    0.000
361.760; 2599.075;  237.350;    0.000
361.813; 2597.075;  278.350;    0.000
361.867; 2640.075;  317.350;    0.000
361.921; 2531.075;  260.350;    0.000
361.974; 2614.075;  239.350;    0.000
362.028; 2606.075;  266.350;    0.000
362.082; 2621.075;  269.350;    0.000
362.135; 2575.075;  262.350;    0.000
362.189; 2562.075;  258.350;    0.000
362.242; 2658.075;  273.350;    0.000
362.296; 2696.075;  261.350;    0.000
362.350; 2567.075;  272.350;    0.000
362.403; 2682.075;  291.350;    0.000
362.457; 2572.075;  253.350;    0.000
362.510; 2662.075;  266.350;    0.000
362.564; 2597.075;  260.350;    0.000
362.617; 2542.075;  280.350;    0.000
362.671; 2614.075;  281.350;    0.000
362.724; 2613.075;  234.350;    0.000
362.778; 2560.075;  311.350;    0.000
362.831; 2657.075;  276.350;    0.000
362.885; 2538.075;  288.350;    0.000
362.938; 2500.075;  284.350;    0.000
362.992;  353.075;  245.350;    0.000
363.045;  303.075;  277.350;    0.000
363.099;  273.075;  246.350;    0.000
363.152;  294.075;  290.350;    0.000
363.205;  275.075;  256.350;    0.000
363.259;  255.075;  238.350;    0.000
363.312;  288.075;  290.350;    0.000
363.366;  289.075;  287.350;    0.000
363.419;  306.075;  279.350;    0.000
363.472;  286.075;  304.350;    0.000
363.526;  308.075;  305.350;    0.000
363.579;  269.075;  281.350;    0.000
363.632;  293.075;  279.350;    0.000
363.686;  276.075;  277.350;    0.000
363.739;  266.075;  268.350;    0.000
363.792;  259.075;  274.350;    0.000

