
Integration time [ms]:   0.300
Averaging Nr. [scans]: 1
Smoothing Nr. [pixels]: 0
Data measured with spectrometer [name]: UV2
Wave   ;Sample   ;Dark     ;Reference
[nm]   ;[counts] ;[counts] ;[counts] 

353.533;  217.850;  178.050;    0.000
353.597;  205.850;  251.050;    0.000
353.660;  214.850;  213.050;    0.000
353.723;  198.850;  185.050;    0.000
353.786;  156.850;  191.050;    0.000
353.850;  229.850;  238.050;    0.000
353.913;  141.850;  181.050;    0.000
353.976;  200.850;  190.050;    0.000
354.039;  180.850;  184.050;    0.000
354.102;  221.850;  231.050;    0.000
354.166;  223.850;  188.050;    0.000
354.229;  211.850;  224.050;    0.000
354.292;  175.850;  186.050;    0.000
354.355;  207.850;  175.050;    0.000
354.418;  187.850;  191.050;    0.000
354.481;  198.850;  181.050;    0.000
354.545;  556.850;  193.050;    0.000
354.608;  542.850;  210.050;    0.000
354.671;  520.850;  183.050;    0.000
354.734;  588.850;  189.050;    0.000
354.797;  618.850;  168.050;    0.000
354.860;  619.850;  178.050;    0.000
354.923;  562.850;  236.050;    0.000
354.986;  571.850;  181.050;    0.000
355.050;  585.850;  168.050;    0.000
355.113;  634.850;  201.050;    0.000
355.176;  656.850;  206.050;    0.000
355.239;  646.850;  213.050;    0.000
355.302;  618.850;  198.050;    0.000
355.365;  665.850;  199.050;    0.000
355.428;  696.850;  200.050;    0.000
355.491;  673.850;  232.050;    0.000
355.554;  638.850;  184.050;    0.000
355.617;  650.850;  214.050;    0.000
355.680;  655.850;  191.050;    0.000
355.743;  689.850;  161.050;    0.000
355.806;  681.850;  153.050;    0.000
355.869;  756.850;  221.050;    0.000
355.932;  666.850;  152.050;    0.000
355.995;  688.850;  195.050;    0.000
356.058;  723.850;  172.050;    0.000
356.121;  709.850;  186.050;    0.000
356.184;  713.850;  196.050;    0.000
356.247;  754.850;  183.050;    0.000
356.310;  667.850;  159.050;    0.000
356.373;  756.850;  183.050;    0.000
356.436;  683.850;  176.050;    0.000
356.498;  717.850;  191.050;    0.000
356.561;  722.850;  145.050;    0.000
356.624;  742.850;  187.050;    0.000
356.687;  725.850;  181.050;    0.000
356.750;  752.850;  227.050;    0.000
356.813;  751.850;  147.050;    0.000
356.876;  774.850;  184.050;    0.000
356.939;  698.850;  141.050;    0.000
357.001;  763.850;  188.050;    0.000
357.064;  751.850;  173.050;    0.000
357.127;  738.850;  159.050;    0.000
357.190;  814.850;  185.050;    0.000
357.253;  750.850;  180.050;    0.000
357.316;  782.850;  199.050;    0.000
357.378;  748.850;  196.050;    0.000
357.441;  758.850;  175.050;    0.000
357.504;  726.850;  164.050;    0.000
357.567;  720.850;  145.050;    0.000
357.629;  776.850;  205.050;    0.000
357.692;  703.850;  175.050;    0.000
357.755;  760.850;  205.050;    0.000
357.818;  724.850;  141.050;    0.000
357.880;  755.850;  170.050;    0.000
357.943;  719.850;  152.050;    0.000
358.006;  792.850;  145.050;    0.000
358.069;  745.850;  164.050;    0.000
358.131;  807.850;  148.050;    0.000
358.194;  724.850;  122.050;    0.000
358.257;  762.850;  147.050;    0.000
358.319;  799.850;  156.050;    0.000
358.382;  773.850;  193.050;    0.000
358.445;  764.850;  155.050;    0.000
358.507;  825.850;  160.050;    0.000
358.570;  796.850;  159.050;    0.000
358.633;  780.850;  163.050;    0.000
358.695;  789.850;  174.050;    0.000
358.758;  807.850;  127.050;    0.000
358.821;  753.850;  165.050;    0.000
358.883;  829.850;  145.050;    0.000
358.946;  809.850;  127.050;    0.000
359.008;  831.850;  180.050;    0.000
359.071;  820.850;  173.050;    0.000
359.134;  785.850;  150.050;    0.000
359.196;  797.850;  158.050;    0.000
359.259;  829.850;  159.050;    0.000
359.321;  786.850;  159.050;    0.000
359.384;  813.850;  182.050;    0.000
359.446;  791.850;  140.050;    0.000
359.509;  813.850;  146.050;    0.000
359.571;  817.850;  133.050;    0.000
359.634;  822.850;   93.050;    0.000
359.696;  765.850;  142.050;    0.000
359.759;  828.850;  161.050;    0.000
359.821;  759.850;  110.050;    0.000
359.884;  751.850;  114.050;    0.000
359.946;  880.850;  180.050;    0.000
360.009;  845.850;  158.050;    0.000
360.071;  789.850;  116.050;    0.000
360.134;  834.850;  170.050;    0.000
360.196;  816.850;  128.050;    0.000
360.259;  825.850;  157.050;    0.000
360.321;  811.850;  122.050;    0.000
360.384;  811.850;  119.050;    0.000
360.446;  848.850;  122.050;    0.000
360.508;  849.850;  195.050;    0.000
360.571;  883.850;  128.050;    0.000
360.633;  820.850;  172.050;    0.000
360.696;  838.850;  115.050;    0.000
360.758;  849.850;  162.050;    0.000
360.820;  839.850;  149.050;    0.000
360.883;  830.850;  151.050;    0.000
360.945;  833.850;  149.050;    0.000
361.007;  876.850;  135.050;    0.000
361.070;  809.850;  162.050;    0.000
361.132;  896.850;  198.050;    0.000
361.194;  816.850;  141.050;    0.000
361.257;  883.850;  154.050;    0.000
361.319;  837.850;  147.050;    0.000
361.381;  851.850;  154.050;    0.000
361.443;  863.850;  144.050;    0.000
361.506;  859.850;  164.050;    0.000
361.568;  776.850;  148.050;    0.000
361.630;  897.850;  127.050;    0.000
361.693;  828.850;  158.050;    0.000
361.755;  818.850;  161.050;    0.000
361.817;  888.850;  173.050;    0.000
361.879;  883.850;  159.050;    0.000
361.941;  853.850;  153.050;    0.000
362.004;  853.850;  148.050;    0.000
362.066;  862.850;  150.050;    0.000
362.128;  879.850;  132.050;    0.000
362.190;  846.850;  207.050;    0.000
362.252;  893.850;  142.050;    0.000
362.315;  877.850;  153.050;    0.000
362.377;  874.850;  164.050;    0.000
362.439;  894.850;  155.050;    0.000
362.501;  908.850;  157.050;    0.000
362.563;  937.850;  188.050;    0.000
362.625;  875.850;  194.050;    0.000
362.688;  896.850;  159.050;    0.000
362.750;  986.850;  205.050;    0.000
362.812;  929.850;  148.050;    0.000
362.874;  867.850;  173.050;    0.000
362.936;  918.850;  152.050;    0.000
362.998;  847.850;  145.050;    0.000
363.060;  946.850;  184.050;    0.000
363.122;  903.850;  147.050;    0.000
363.184;  896.850;  136.050;    0.000
363.246;  890.850;  171.050;    0.000
363.308;  950.850;  154.050;    0.000
363.370;  936.850;  175.050;    0.000
363.432;  948.850;  139.050;    0.000
363.494;  923.850;  163.050;    0.000
363.556;  858.850;  117.050;    0.000
363.618;  906.850;  126.050;    0.000
363.680;  939.850;  147.050;    0.000
363.742;  925.850;  161.050;    0.000
363.804;  882.850;  159.050;    0.000
363.866;  944.850;  170.050;    0.000
363.928;  878.850;  122.050;    0.000
363.990;  932.850;  167.050;    0.000
364.052;  929.850;  180.050;    0.000
364.114;  894.850;  119.050;    0.000
364.176; 1031.850;  184.050;    0.000
364.238;  914.850;  180.050;    0.000
364.300;  957.850;  159.050;    0.000
364.362;  859.850;  163.050;    0.000
364.424;  912.850;  139.050;    0.000
364.486;  924.850;  189.050;    0.000
364.548;  934.850;  167.050;    0.000
364.609;  925.850;  165.050;    0.000
364.671;  884.850;  171.050;    0.000
364.733;  925.850;  165.050;    0.000
364.795;  891.850;  122.050;    0.000
364.857;  868.850;  147.050;    0.000
364.919;  963.850;  104.050;    0.000
364.981;  975.850;  143.050;    0.000
365.042;  921.850;  166.050;    0.000
365.104;  954.850;  162.050;    0.000
365.166;  913.850;  155.050;    0.000
365.228;  978.850;  179.050;    0.000
365.290;  910.850;  133.050;    0.000
365.351;  955.850;  142.050;    0.000
365.413;  952.850;  144.050;    0.000
365.475;  981.850;  139.050;    0.000
365.537;  962.850;  181.050;    0.000
365.598;  966.850;  166.050;    0.000
365.660;  886.850;  130.050;    0.000
365.722;  961.850;  177.050;    0.000
365.784;  911.850;  149.050;    0.000
365.845;  944.850;  156.050;    0.000
365.907;  952.850;  122.050;    0.000
365.969;  900.850;  140.050;    0.000
366.030;  941.850;  156.050;    0.000
366.092;  966.850;  140.050;    0.000
366.154;  939.850;  169.050;    0.000
366.215;  937.850;  170.050;    0.000
366.277;  943.850;  143.050;    0.000
366.339;  989.850;  139.050;    0.000
366.400;  948.850;  139.050;    0.000
366.462;  952.850;  140.050;    0.000
366.524;  939.850;  150.050;    0.000
366.585;  894.850;  163.050;    0.000
366.647;  953.850;  193.050;    0.000
366.708;  931.850;  135.050;    0.000
366.770;  991.850;  165.050;    0.000
366.832;  950.850;  168.050;    0.000
366.893;  932.850;  157.050;    0.000
366.955; 1007.850;  132.050;    0.000
367.016;  946.850;  127.050;    0.000
367.078;  958.850;  146.050;    0.000
367.139;  984.850;  129.050;    0.000
367.201;  971.850;  148.050;    0.000
367.262;  996.850;  165.050;    0.000
367.324;  966.850;  171.050;    0.000
367.385;  920.850;  118.050;    0.000
367.447; 1007.850;  144.050;    0.000
367.508;  946.850;  135.050;    0.000
367.570; 1021.850;  160.050;    0.000
367.631;  876.850;  157.050;    0.000
367.693;  983.850;  168.050;    0.000
367.754; 1000.850;  139.050;    0.000
367.816; 1014.850;  141.050;    0.000
367.877;  967.850;  195.050;    0.000
367.939; 1071.850;  166.050;    0.000
368.000; 1008.850;  127.050;    0.000
368.062;  985.850;  143.050;    0.000
368.123;  988.850;  156.050;    0.000
368.184; 1010.850;  179.050;    0.000
368.246;  990.850;  168.050;    0.000
368.307;  961.850;  203.050;    0.000
368.369;  953.850;  149.050;    0.000
368.430;  975.850;  121.050;    0.000
368.491; 1018.850;  131.050;    0.000
368.553; 1000.850;  161.050;    0.000
368.614;  971.850;  157.050;    0.000
368.675;  951.850;  152.050;    0.000
368.737;  946.850;  168.050;    0.000
368.798;  970.850;  147.050;    0.000
368.859;  985.850;  174.050;    0.000
368.921;  968.850;  168.050;    0.000
368.982;  974.850;  151.050;    0.000
369.043;  976.850;  169.050;    0.000
369.104;  904.850;  149.050;    0.000
369.166; 1019.850;  178.050;    0.000
369.227;  973.850;  149.050;    0.000
369.288; 1002.850;  131.050;    0.000
369.349; 1015.850;  128.050;    0.000
369.411; 1091.850;  198.050;    0.000
369.472; 1042.850;  156.050;    0.000
369.533; 1023.850;  142.050;    0.000
369.594;  998.850;  125.050;    0.000
369.656; 1016.850;  153.050;    0.000
369.717; 1002.850;  124.050;    0.000
369.778; 1020.850;  163.050;    0.000
369.839; 1026.850;  130.050;    0.000
369.900; 1004.850;  170.050;    0.000
369.961;  993.850;  142.050;    0.000
370.023; 1012.850;  197.050;    0.000
370.084; 1023.850;  151.050;    0.000
370.145; 1048.850;  128.050;    0.000
370.206; 1051.850;  152.050;    0.000
370.267; 1047.850;  154.050;    0.000
370.328; 1085.850;  154.050;    0.000
370.389;  992.850;  173.050;    0.000
370.451;  957.850;  191.050;    0.000
370.512; 1084.850;  155.050;    0.000
370.573; 1048.850;  134.050;    0.000
370.634; 1067.850;  160.050;    0.000
370.695; 1053.850;  124.050;    0.000
370.756; 1055.850;  169.050;    0.000
370.817; 1053.850;  169.050;    0.000
370.878; 1053.850;  200.050;    0.000
370.939; 1004.850;  157.050;    0.000
371.000; 1079.850;  131.050;    0.000
371.061; 1024.850;  136.050;    0.000
371.122; 1039.850;  176.050;    0.000
371.183; 1043.850;   81.050;    0.000
371.244; 1043.850;  156.050;    0.000
371.305; 1040.850;  131.050;    0.000
371.366; 1055.850;  161.050;    0.000
371.427; 1050.850;  127.050;    0.000
371.488; 1064.850;  184.050;    0.000
371.549; 1042.850;  159.050;    0.000
371.610; 1057.850;  147.050;    0.000
371.671; 1012.850;  132.050;    0.000
371.732; 1058.850;  163.050;    0.000
371.793; 1119.850;  179.050;    0.000
371.853; 1024.850;  179.050;    0.000
371.914; 1057.850;  149.050;    0.000
371.975; 1091.850;  117.050;    0.000
372.036; 1068.850;  141.050;    0.000
372.097; 1058.850;  101.050;    0.000
372.158; 1063.850;  115.050;    0.000
372.219; 1117.850;  174.050;    0.000
372.280; 1046.850;  134.050;    0.000
372.340; 1055.850;  180.050;    0.000
372.401; 1108.850;  166.050;    0.000
372.462; 1130.850;  171.050;    0.000
372.523; 1045.850;  132.050;    0.000
372.584; 1034.850;  182.050;    0.000
372.645; 1042.850;  149.050;    0.000
372.705; 1117.850;  182.050;    0.000
372.766; 1092.850;  145.050;    0.000
372.827; 1045.850;  161.050;    0.000
372.888; 1100.850;  156.050;    0.000
372.948; 1118.850;  158.050;    0.000
373.009; 1085.850;  178.050;    0.000
373.070; 1129.850;  166.050;    0.000
373.131; 1019.850;  154.050;    0.000
373.191; 1089.850;  193.050;    0.000
373.252; 1058.850;  148.050;    0.000
373.313; 1117.850;  152.050;    0.000
373.373; 1093.850;  156.050;    0.000
373.434; 1114.850;  166.050;    0.000
373.495; 1061.850;  152.050;    0.000
373.555; 1040.850;  145.050;    0.000
373.616; 1069.850;  141.050;    0.000
373.677; 1093.850;  169.050;    0.000
373.737; 1084.850;  166.050;    0.000
373.798; 1061.850;  151.050;    0.000
373.859; 1099.850;  170.050;    0.000
373.919; 1119.850;  206.050;    0.000
373.980; 1165.850;  140.050;    0.000
374.041; 1077.850;  148.050;    0.000
374.101; 1143.850;  165.050;    0.000
374.162; 1170.850;  166.050;    0.000
374.222; 1100.850;  156.050;    0.000
374.283; 1163.850;  161.050;    0.000
374.343; 1181.850;  185.050;    0.000
374.404; 1192.850;  148.050;    0.000
374.465; 1152.850;  162.050;    0.000
374.525; 1117.850;  177.050;    0.000
374.586; 1106.850;  164.050;    0.000
374.646; 1163.850;  180.050;    0.000
374.707; 1257.850;  203.050;    0.000
374.767; 1165.850;  148.050;    0.000
374.828; 1137.850;  142.050;    0.000
374.888; 1184.850;  187.050;    0.000
374.949; 1162.850;  137.050;    0.000
375.009; 1165.850;  155.050;    0.000
375.070; 1181.850;  165.050;    0.000
375.130; 1221.850;  168.050;    0.000
375.190; 1175.850;  157.050;    0.000
375.251; 1202.850;  206.050;    0.000
375.311; 1157.850;  141.050;    0.000
375.372; 1199.850;  144.050;    0.000
375.432; 1193.850;  153.050;    0.000
375.493; 1226.850;  168.050;    0.000
375.553; 1244.850;  146.050;    0.000
375.613; 1153.850;  142.050;    0.000
375.674; 1162.850;  153.050;    0.000
375.734; 1177.850;  166.050;    0.000
375.794; 1118.850;  145.050;    0.000
375.855; 1125.850;  162.050;    0.000
375.915; 1155.850;  162.050;    0.000
375.975; 1202.850;  144.050;    0.000
376.036; 1105.850;  128.050;    0.000
376.096; 1186.850;  122.050;    0.000
376.156; 1131.850;  140.050;    0.000
376.217; 1188.850;  158.050;    0.000
376.277; 1210.850;  163.050;    0.000
376.337; 1217.850;  139.050;    0.000
376.398; 1196.850;  176.050;    0.000
376.458; 1198.850;  143.050;    0.000
376.518; 1135.850;  136.050;    0.000
376.578; 1090.850;  177.050;    0.000
376.639; 1129.850;  163.050;    0.000
376.699; 1117.850;  183.050;    0.000
376.759; 1182.850;  169.050;    0.000
376.819; 1154.850;  147.050;    0.000
376.880; 1206.850;  188.050;    0.000
376.940; 1201.850;  185.050;    0.000
377.000; 1241.850;  131.050;    0.000
377.060; 1148.850;  182.050;    0.000
377.120; 1138.850;  165.050;    0.000
377.180; 1178.850;  169.050;    0.000
377.241; 1199.850;  146.050;    0.000
377.301; 1165.850;  183.050;    0.000
377.361; 1185.850;  124.050;    0.000
377.421; 1240.850;  186.050;    0.000
377.481; 1152.850;  178.050;    0.000
377.541; 1212.850;  140.050;    0.000
377.601; 1217.850;  175.050;    0.000
377.661; 1195.850;  169.050;    0.000
377.722; 1197.850;  144.050;    0.000
377.782; 1221.850;  182.050;    0.000
377.842; 1243.850;  161.050;    0.000
377.902; 1207.850;  151.050;    0.000
377.962; 1210.850;  134.050;    0.000
378.022; 1251.850;  153.050;    0.000
378.082; 1201.850;  178.050;    0.000
378.142; 1178.850;  118.050;    0.000
378.202; 1182.850;  153.050;    0.000
378.262; 1266.850;  166.050;    0.000
378.322; 1254.850;  174.050;    0.000
378.382; 1203.850;  148.050;    0.000
378.442; 1266.850;  190.050;    0.000
378.502; 1258.850;  136.050;    0.000
378.562; 1210.850;  130.050;    0.000
378.622; 1338.850;  188.050;    0.000
378.682; 1242.850;  163.050;    0.000
378.742; 1230.850;  150.050;    0.000
378.802; 1212.850;  127.050;    0.000
378.862; 1300.850;  186.050;    0.000
378.921; 1372.850;  203.050;    0.000
378.981; 1274.850;  177.050;    0.000
379.041; 1300.850;  134.050;    0.000
379.101; 1321.850;  167.050;    0.000
379.161; 1301.850;  130.050;    0.000
379.221; 1243.850;  169.050;    0.000
379.281; 1302.850;  162.050;    0.000
379.341; 1273.850;  134.050;    0.000
379.401; 1267.850;  151.050;    0.000
379.460; 1321.850;  190.050;    0.000
379.520; 1344.850;  158.050;    0.000
379.580; 1310.850;  162.050;    0.000
379.640; 1345.850;  146.050;    0.000
379.700; 1268.850;  167.050;    0.000
379.759; 1369.850;  194.050;    0.000
379.819; 1313.850;  176.050;    0.000
379.879; 1316.850;  140.050;    0.000
379.939; 1385.850;  184.050;    0.000
379.999; 1313.850;  165.050;    0.000
380.058; 1421.850;  194.050;    0.000
380.118; 1375.850;  137.050;    0.000
380.178; 1403.850;  139.050;    0.000
380.237; 1367.850;  139.050;    0.000
380.297; 1371.850;  160.050;    0.000
380.357; 1441.850;  194.050;    0.000
380.417; 1368.850;  174.050;    0.000
380.476; 1346.850;  153.050;    0.000
380.536; 1374.850;  169.050;    0.000
380.596; 1370.850;  159.050;    0.000
380.655; 1437.850;  178.050;    0.000
380.715; 1413.850;  196.050;    0.000
380.775; 1422.850;  202.050;    0.000
380.834; 1452.850;  186.050;    0.000
380.894; 1424.850;  167.050;    0.000
380.954; 1341.850;  150.050;    0.000
381.013; 1437.850;  187.050;    0.000
381.073; 1390.850;  114.050;    0.000
381.132; 1461.850;  176.050;    0.000
381.192; 1481.850;  197.050;    0.000
381.252; 1453.850;  172.050;    0.000
381.311; 1485.850;  155.050;    0.000
381.371; 1448.850;  172.050;    0.000
381.430; 1467.850;  143.050;    0.000
381.490; 1455.850;  136.050;    0.000
381.549; 1447.850;  131.050;    0.000
381.609; 1485.850;  203.050;    0.000
381.668; 1503.850;  135.050;    0.000
381.728; 1474.850;  163.050;    0.000
381.787; 1528.850;  195.050;    0.000
381.847; 1590.850;  185.050;    0.000
381.906; 1567.850;  187.050;    0.000
381.966; 1518.850;  153.050;    0.000
382.025; 1634.850;  175.050;    0.000
382.085; 1645.850;  195.050;    0.000
382.144; 1656.850;  210.050;    0.000
382.204; 1616.850;  201.050;    0.000
382.263; 1642.850;  178.050;    0.000
382.323; 1644.850;  151.050;    0.000
382.382; 1723.850;  147.050;    0.000
382.441; 1749.850;  144.050;    0.000
382.501; 1777.850;  156.050;    0.000
382.560; 1874.850;  160.050;    0.000
382.619; 1877.850;  173.050;    0.000
382.679; 1928.850;  167.050;    0.000
382.738; 2043.850;  189.050;    0.000
382.798; 2135.850;  181.050;    0.000
382.857; 2246.850;  161.050;    0.000
382.916; 2395.850;  162.050;    0.000
382.976; 2445.850;  169.050;    0.000
383.035; 2436.850;  174.050;    0.000
383.094; 2480.850;  178.050;    0.000
383.154; 2664.850;  188.050;    0.000
383.213; 2928.850;  162.050;    0.000
383.272; 2855.850;  144.050;    0.000
383.331; 2461.850;  144.050;    0.000
383.391; 2327.850;  198.050;    0.000
383.450; 2355.850;  185.050;    0.000
383.509; 2287.850;  132.050;    0.000
383.568; 2358.850;  171.050;    0.000
383.628; 2517.850;  171.050;    0.000
383.687; 2626.850;  172.050;    0.000
383.746; 2874.850;  144.050;    0.000
383.805; 3136.850;  177.050;    0.000
383.864; 3164.850;  145.050;    0.000
383.924; 2685.850;  203.050;    0.000
383.983; 2236.850;  153.050;    0.000
384.042; 2104.850;  171.050;    0.000
384.101; 2107.850;  186.050;    0.000
384.160; 2003.850;  132.050;    0.000
384.219; 1881.850;  157.050;    0.000
384.279; 1863.850;  166.050;    0.000
384.338; 1771.850;  141.050;    0.000
384.397; 1774.850;  142.050;    0.000
384.456; 1700.850;  155.050;    0.000
384.515; 1749.850;  158.050;    0.000
384.574; 1782.850;  208.050;    0.000
384.633; 1668.850;  158.050;    0.000
384.692; 1626.850;  162.050;    0.000
384.751; 1717.850;  179.050;    0.000
384.810; 1755.850;  150.050;    0.000
384.869; 1644.850;  147.050;    0.000
384.929; 1591.850;  132.050;    0.000
384.988; 1664.850;  166.050;    0.000
385.047; 1569.850;  161.050;    0.000
385.106; 1672.850;  180.050;    0.000
385.165; 1647.850;  123.050;    0.000
385.224; 1602.850;  153.050;    0.000
385.283; 1565.850;  158.050;    0.000
385.342; 1621.850;  184.050;    0.000
385.401; 1615.850;  191.050;    0.000
385.459; 1634.850;  143.050;    0.000
385.518; 1576.850;  152.050;    0.000
385.577; 1609.850;  134.050;    0.000
385.636; 1617.850;  187.050;    0.000
385.695; 1634.850;  141.050;    0.000
385.754; 1570.850;  143.050;    0.000
385.813; 1631.850;  145.050;    0.000
385.872; 1553.850;  116.050;    0.000
385.931; 1605.850;  147.050;    0.000
385.990; 1514.850;  170.050;    0.000
386.049; 1634.850;  189.050;    0.000
386.107; 1558.850;  122.050;    0.000
386.166; 1559.850;  155.050;    0.000
386.225; 1563.850;  173.050;    0.000
386.284; 1630.850;  138.050;    0.000
386.343; 1580.850;  216.050;    0.000
386.402; 1634.850;  162.050;    0.000
386.460; 1554.850;  131.050;    0.000
386.519; 1546.850;  122.050;    0.000
386.578; 1564.850;  140.050;    0.000
386.637; 1619.850;  169.050;    0.000
386.696; 1532.850;  176.050;    0.000
386.754; 1506.850;  127.050;    0.000
386.813; 1560.850;  138.050;    0.000
386.872; 1547.850;  135.050;    0.000
386.931; 1598.850;  170.050;    0.000
386.989; 1623.850;  167.050;    0.000
387.048; 1582.850;  131.050;    0.000
387.107; 1595.850;  176.050;    0.000
387.165; 1502.850;  139.050;    0.000
387.224; 1562.850;  150.050;    0.000
387.283; 1540.850;  169.050;    0.000
387.342; 1590.850;  191.050;    0.000
387.400; 1602.850;  131.050;    0.000
387.459; 1536.850;  139.050;    0.000
387.517; 1564.850;  214.050;    0.000
387.576; 1621.850;  146.050;    0.000
387.635; 1550.850;  161.050;    0.000
387.693; 1536.850;  197.050;    0.000
387.752; 1581.850;  159.050;    0.000
387.811; 1599.850;  144.050;    0.000
387.869; 1479.850;  172.050;    0.000
387.928; 1528.850;  160.050;    0.000
387.986; 1571.850;  192.050;    0.000
388.045; 1563.850;  121.050;    0.000
388.103; 1474.850;  129.050;    0.000
388.162; 1538.850;  169.050;    0.000
388.221; 1473.850;  171.050;    0.000
388.279; 1522.850;  135.050;    0.000
388.338; 1552.850;  222.050;    0.000
388.396; 1472.850;  168.050;    0.000
388.455; 1576.850;  178.050;    0.000
388.513; 1477.850;  151.050;    0.000
388.572; 1598.850;  147.050;    0.000
388.630; 1549.850;  158.050;    0.000
388.689; 1529.850;  163.050;    0.000
388.747; 1501.850;  180.050;    0.000
388.806; 1507.850;  119.050;    0.000
388.864; 1494.850;  159.050;    0.000
388.922; 1495.850;  152.050;    0.000
388.981; 1521.850;  125.050;    0.000
389.039; 1525.850;  151.050;    0.000
389.098; 1572.850;  151.050;    0.000
389.156; 1538.850;  175.050;    0.000
389.214; 1528.850;  133.050;    0.000
389.273; 1513.850;  142.050;    0.000
389.331; 1493.850;  179.050;    0.000
389.390; 1567.850;  179.050;    0.000
389.448; 1512.850;  159.050;    0.000
389.506; 1491.850;  140.050;    0.000
389.565; 1557.850;  160.050;    0.000
389.623; 1571.850;  181.050;    0.000
389.681; 1552.850;  181.050;    0.000
389.740; 1535.850;  187.050;    0.000
389.798; 1548.850;  163.050;    0.000
389.856; 1515.850;  185.050;    0.000
389.914; 1564.850;  170.050;    0.000
389.973; 1497.850;  150.050;    0.000
390.031; 1562.850;  149.050;    0.000
390.089; 1555.850;  191.050;    0.000
390.147; 1558.850;  126.050;    0.000
390.206; 1523.850;  174.050;    0.000
390.264; 1559.850;  164.050;    0.000
390.322; 1566.850;  150.050;    0.000
390.380; 1486.850;  137.050;    0.000
390.439; 1434.850;  176.050;    0.000
390.497; 1592.850;  188.050;    0.000
390.555; 1528.850;  143.050;    0.000
390.613; 1586.850;  174.050;    0.000
390.671; 1546.850;  208.050;    0.000
390.729; 1508.850;  135.050;    0.000
390.788; 1511.850;  169.050;    0.000
390.846; 1511.850;  173.050;    0.000
390.904; 1566.850;  176.050;    0.000
390.962; 1554.850;  179.050;    0.000
391.020; 1547.850;  201.050;    0.000
391.078; 1590.850;  192.050;    0.000
391.136; 1554.850;  170.050;    0.000
391.194; 1582.850;  163.050;    0.000
391.253; 1640.850;  203.050;    0.000
391.311; 1536.850;  170.050;    0.000
391.369; 1526.850;  191.050;    0.000
391.427; 1594.850;  226.050;    0.000
391.485; 1596.850;  181.050;    0.000
391.543; 1557.850;  177.050;    0.000
391.601; 1593.850;  150.050;    0.000
391.659; 1588.850;  201.050;    0.000
391.717; 1644.850;  166.050;    0.000
391.775; 1527.850;  200.050;    0.000
391.833; 1555.850;  180.050;    0.000
391.891; 1573.850;  172.050;    0.000
391.949; 1599.850;  174.050;    0.000
392.007; 1621.850;  194.050;    0.000
392.065; 1584.850;  161.050;    0.000
392.123; 1556.850;  159.050;    0.000
392.180; 1607.850;  193.050;    0.000
392.238; 1544.850;  188.050;    0.000
392.296; 1573.850;  206.050;    0.000
392.354; 1589.850;  170.050;    0.000
392.412; 1633.850;  207.050;    0.000
392.470; 1644.850;  168.050;    0.000
392.528; 1543.850;  185.050;    0.000
392.586; 1595.850;  154.050;    0.000
392.644; 1641.850;  190.050;    0.000
392.701; 1667.850;  195.050;    0.000
392.759; 1629.850;  229.050;    0.000
392.817; 1598.850;  176.050;    0.000
392.875; 1642.850;  198.050;    0.000
392.933; 1617.850;  174.050;    0.000
392.991; 1624.850;  237.050;    0.000
393.048; 1715.850;  212.050;    0.000
393.106; 1638.850;  191.050;    0.000
393.164; 1636.850;  136.050;    0.000
393.222; 1569.850;  164.050;    0.000
393.279; 1627.850;  208.050;    0.000
393.337; 1616.850;  203.050;    0.000
393.395; 1598.850;  191.050;    0.000
393.453; 1655.850;  153.050;    0.000
393.510; 1641.850;  171.050;    0.000
393.568; 1644.850;  203.050;    0.000
393.626; 1595.850;  169.050;    0.000
393.684; 1608.850;  201.050;    0.000
393.741; 1620.850;  172.050;    0.000
393.799; 1627.850;  149.050;    0.000
393.857; 1659.850;  151.050;    0.000
393.914; 1604.850;  192.050;    0.000
393.972; 1665.850;  176.050;    0.000
394.030; 1667.850;  165.050;    0.000
394.087; 1706.850;  192.050;    0.000
394.145; 1636.850;  183.050;    0.000
394.202; 1689.850;  161.050;    0.000
394.260; 1631.850;  135.050;    0.000
394.318; 1668.850;  188.050;    0.000
394.375; 1602.850;  163.050;    0.000
394.433; 1641.850;  151.050;    0.000
394.490; 1647.850;  190.050;    0.000
394.548; 1676.850;  157.050;    0.000
394.605; 1737.850;  205.050;    0.000
394.663; 1670.850;  173.050;    0.000
394.720; 1637.850;  171.050;    0.000
394.778; 1672.850;  190.050;    0.000
394.836; 1671.850;  134.050;    0.000
394.893; 1705.850;  142.050;    0.000
394.951; 1684.850;  192.050;    0.000
395.008; 1693.850;  149.050;    0.000
395.065; 1753.850;  194.050;    0.000
395.123; 1678.850;  160.050;    0.000
395.180; 1661.850;  178.050;    0.000
395.238; 1731.850;  191.050;    0.000
395.295; 1661.850;  160.050;    0.000
395.353; 1671.850;  162.050;    0.000
395.410; 1716.850;  165.050;    0.000
395.468; 1727.850;  190.050;    0.000
395.525; 1688.850;  173.050;    0.000
395.582; 1801.850;  161.050;    0.000
395.640; 1782.850;  200.050;    0.000
395.697; 1667.850;  198.050;    0.000
395.754; 1754.850;  136.050;    0.000
395.812; 1707.850;  172.050;    0.000
395.869; 1761.850;  172.050;    0.000
395.927; 1704.850;  145.050;    0.000
395.984; 1712.850;  220.050;    0.000
396.041; 1776.850;  137.050;    0.000
396.098; 1692.850;  161.050;    0.000
396.156; 1753.850;  159.050;    0.000
396.213; 1753.850;  200.050;    0.000
396.270; 1727.850;  209.050;    0.000
396.328; 1705.850;  162.050;    0.000
396.385; 1679.850;  186.050;    0.000
396.442; 1789.850;  177.050;    0.000
396.499; 1759.850;  183.050;    0.000
396.557; 1750.850;  182.050;    0.000
396.614; 1691.850;  186.050;    0.000
396.671; 1658.850;  144.050;    0.000
396.728; 1739.850;  176.050;    0.000
396.785; 1770.850;  169.050;    0.000
396.843; 1704.850;  134.050;    0.000
396.900; 1760.850;  184.050;    0.000
396.957; 1754.850;  197.050;    0.000
397.014; 1782.850;  187.050;    0.000
397.071; 1816.850;  186.050;    0.000
397.128; 1827.850;  200.050;    0.000
397.186; 1759.850;  175.050;    0.000
397.243; 1826.850;  154.050;    0.000
397.300; 1832.850;  191.050;    0.000
397.357; 1761.850;  238.050;    0.000
397.414; 1808.850;  161.050;    0.000
397.471; 1844.850;  135.050;    0.000
397.528; 1794.850;  158.050;    0.000
397.585; 1817.850;  159.050;    0.000
397.642; 1815.850;  180.050;    0.000
397.699; 1843.850;  170.050;    0.000
397.756; 1811.850;  175.050;    0.000
397.814; 1812.850;  182.050;    0.000
397.871; 1835.850;  173.050;    0.000
397.928; 1824.850;  173.050;    0.000
397.985; 1840.850;  176.050;    0.000
398.042; 1820.850;  189.050;    0.000
398.099; 1787.850;  160.050;    0.000
398.156; 1794.850;  218.050;    0.000
398.212; 1873.850;  194.050;    0.000
398.269; 1851.850;  199.050;    0.000
398.326; 1933.850;  188.050;    0.000
398.383; 1764.850;  187.050;    0.000
398.440; 1816.850;  174.050;    0.000
398.497; 1947.850;  214.050;    0.000
398.554; 1930.850;  181.050;    0.000
398.611; 1947.850;  195.050;    0.000
398.668; 1915.850;  145.050;    0.000
398.725; 1897.850;  178.050;    0.000
398.782; 1946.850;  210.050;    0.000
398.839; 1972.850;  216.050;    0.000
398.895; 1914.850;  189.050;    0.000
398.952; 1956.850;  206.050;    0.000
399.009; 2027.850;  142.050;    0.000
399.066; 1942.850;  192.050;    0.000
399.123; 1977.850;  181.050;    0.000
399.180; 2034.850;  200.050;    0.000
399.236; 2017.850;  156.050;    0.000
399.293; 1966.850;  194.050;    0.000
399.350; 1982.850;  167.050;    0.000
399.407; 2087.850;  192.050;    0.000
399.463; 2132.850;  161.050;    0.000
399.520; 2165.850;  149.050;    0.000
399.577; 2226.850;  156.050;    0.000
399.634; 2156.850;  195.050;    0.000
399.690; 2098.850;  163.050;    0.000
399.747; 2099.850;  192.050;    0.000
399.804; 2055.850;  212.050;    0.000
399.861; 2114.850;  203.050;    0.000
399.917; 2141.850;  221.050;    0.000
399.974; 2114.850;  221.050;    0.000
400.031; 2080.850;  195.050;    0.000
400.087; 2086.850;  159.050;    0.000
400.144; 2074.850;  201.050;    0.000
400.201; 2107.850;  206.050;    0.000
400.257; 2034.850;  168.050;    0.000
400.314; 2033.850;  183.050;    0.000
400.370; 2080.850;  209.050;    0.000
400.427; 2008.850;  192.050;    0.000
400.484; 1966.850;  150.050;    0.000
400.540; 2078.850;  213.050;    0.000
400.597; 2029.850;  161.050;    0.000
400.653; 1895.850;  170.050;    0.000
400.710; 2003.850;  173.050;    0.000
400.766; 2058.850;  204.050;    0.000
400.823; 1992.850;  194.050;    0.000
400.879; 2017.850;  188.050;    0.000
400.936; 1994.850;  172.050;    0.000
400.993; 2040.850;  154.050;    0.000
401.049; 1922.850;  157.050;    0.000
401.105; 2049.850;  214.050;    0.000
401.162; 2119.850;  195.050;    0.000
401.218; 1968.850;  195.050;    0.000
401.275; 1959.850;  182.050;    0.000
401.331; 1978.850;  188.050;    0.000
401.388; 2033.850;  194.050;    0.000
401.444; 1962.850;  175.050;    0.000
401.501; 1957.850;  169.050;    0.000
401.557; 2034.850;  176.050;    0.000
401.614; 2006.850;  153.050;    0.000
401.670; 1959.850;  178.050;    0.000
401.726; 2066.850;  179.050;    0.000
401.783; 1975.850;  198.050;    0.000
401.839; 2004.850;  179.050;    0.000
401.895; 2008.850;  154.050;    0.000
401.952; 2008.850;  138.050;    0.000
402.008; 2002.850;  135.050;    0.000
402.064; 1946.850;  154.050;    0.000
402.121; 2055.850;  199.050;    0.000
402.177; 1989.850;  126.050;    0.000
402.233; 1981.850;  190.050;    0.000
402.290; 2022.850;  175.050;    0.000
402.346; 1978.850;  200.050;    0.000
402.402; 1886.850;  191.050;    0.000
402.458; 1987.850;  172.050;    0.000
402.515; 2063.850;  186.050;    0.000
402.571; 1996.850;  189.050;    0.000
402.627; 2068.850;  151.050;    0.000
402.683; 2060.850;  187.050;    0.000
402.740; 2046.850;  147.050;    0.000
402.796; 1986.850;  176.050;    0.000
402.852; 2037.850;  200.050;    0.000
402.908; 2075.850;  201.050;    0.000
402.964; 1985.850;  153.050;    0.000
403.021; 2016.850;  165.050;    0.000
403.077; 2038.850;  195.050;    0.000
403.133; 1999.850;  139.050;    0.000
403.189; 1974.850;  166.050;    0.000
403.245; 2147.850;  194.050;    0.000
403.301; 2091.850;  210.050;    0.000
403.357; 2078.850;  187.050;    0.000
403.414; 2118.850;  195.050;    0.000
403.470; 2082.850;  150.050;    0.000
403.526; 2088.850;  158.050;    0.000
403.582; 2114.850;  184.050;    0.000
403.638; 2154.850;  171.050;    0.000
403.694; 2196.850;  197.050;    0.000
403.750; 2032.850;  196.050;    0.000
403.806; 2091.850;  192.050;    0.000
403.862; 2086.850;  169.050;    0.000
403.918; 2062.850;  199.050;    0.000
403.974; 2103.850;  156.050;    0.000
404.030; 2055.850;  193.050;    0.000
404.086; 2044.850;  161.050;    0.000
404.142; 2084.850;  172.050;    0.000
404.198; 2126.850;  195.050;    0.000
404.254; 2112.850;  167.050;    0.000
404.310; 2132.850;  156.050;    0.000
404.366; 2135.850;  144.050;    0.000
404.422; 2131.850;  161.050;    0.000
404.478; 2116.850;  179.050;    0.000
404.534; 2157.850;  163.050;    0.000
404.590; 2117.850;  183.050;    0.000
404.646; 2144.850;  155.050;    0.000
404.701; 2032.850;  142.050;    0.000
404.757; 2119.850;  175.050;    0.000
404.813; 2065.850;  153.050;    0.000
404.869; 2061.850;  199.050;    0.000
404.925; 2061.850;  153.050;    0.000
404.981; 2131.850;  174.050;    0.000
405.037; 2104.850;  185.050;    0.000
405.092; 2131.850;  166.050;    0.000
405.148; 2079.850;  161.050;    0.000
405.204; 2017.850;  170.050;    0.000
405.260; 2132.850;  154.050;    0.000
405.316; 2159.850;  128.050;    0.000
405.371; 2098.850;  142.050;    0.000
405.427; 2044.850;  196.050;    0.000
405.483; 2125.850;  172.050;    0.000
405.539; 2129.850;  182.050;    0.000
405.594; 2172.850;  153.050;    0.000
405.650; 2142.850;  124.050;    0.000
405.706; 2081.850;  189.050;    0.000
405.761; 2123.850;  165.050;    0.000
405.817; 2203.850;  152.050;    0.000
405.873; 2193.850;  174.050;    0.000
405.928; 2164.850;  167.050;    0.000
405.984; 2215.850;  210.050;    0.000
406.040; 2200.850;  160.050;    0.000
406.095; 2176.850;  163.050;    0.000
406.151; 2227.850;  208.050;    0.000
406.207; 2211.850;  177.050;    0.000
406.262; 2212.850;  176.050;    0.000
406.318; 2179.850;  157.050;    0.000
406.374; 2189.850;  141.050;    0.000
406.429; 2244.850;  189.050;    0.000
406.485; 2298.850;  190.050;    0.000
406.540; 2281.850;  155.050;    0.000
406.596; 2234.850;  182.050;    0.000
406.651; 2261.850;  200.050;    0.000
406.707; 2267.850;  130.050;    0.000
406.763; 2250.850;  174.050;    0.000
406.818; 2201.850;  151.050;    0.000
406.874; 2206.850;  122.050;    0.000
406.929; 2385.850;  153.050;    0.000
406.985; 2346.850;  198.050;    0.000
407.040; 2316.850;  174.050;    0.000
407.095; 2305.850;  161.050;    0.000
407.151; 2418.850;  184.050;    0.000
407.206; 2309.850;  188.050;    0.000
407.262; 2420.850;  180.050;    0.000
407.317; 2401.850;  186.050;    0.000
407.373; 2473.850;  200.050;    0.000
407.428; 2354.850;  211.050;    0.000
407.484; 2433.850;  193.050;    0.000
407.539; 2345.850;  167.050;    0.000
407.594; 2403.850;  178.050;    0.000
407.650; 2485.850;  171.050;    0.000
407.705; 2436.850;  153.050;    0.000
407.760; 2461.850;  196.050;    0.000
407.816; 2467.850;  205.050;    0.000
407.871; 2450.850;  232.050;    0.000
407.926; 2435.850;  215.050;    0.000
407.982; 2369.850;  154.050;    0.000
408.037; 2421.850;  217.050;    0.000
408.092; 2408.850;  190.050;    0.000
408.148; 2406.850;  181.050;    0.000
408.203; 2410.850;  203.050;    0.000
408.258; 2411.850;  154.050;    0.000
408.314; 2409.850;  198.050;    0.000
408.369; 2429.850;  156.050;    0.000
408.424; 2372.850;  216.050;    0.000
408.479; 2388.850;  191.050;    0.000
408.534; 2410.850;  200.050;    0.000
408.590; 2301.850;  182.050;    0.000
408.645; 2327.850;  141.050;    0.000
408.700; 2373.850;  209.050;    0.000
408.755; 2345.850;  205.050;    0.000
408.810; 2316.850;  171.050;    0.000
408.866; 2369.850;  200.050;    0.000
408.921; 2344.850;  188.050;    0.000
408.976; 2331.850;  156.050;    0.000
409.031; 2255.850;  164.050;    0.000
409.086; 2391.850;  155.050;    0.000
409.141; 2343.850;  205.050;    0.000
409.196; 2415.850;  173.050;    0.000
409.252; 2314.850;  179.050;    0.000
409.307; 2362.850;  131.050;    0.000
409.362; 2306.850;  173.050;    0.000
409.417; 2406.850;  120.050;    0.000
409.472; 2378.850;  198.050;    0.000
409.527; 2394.850;  153.050;    0.000
409.582; 2362.850;  177.050;    0.000
409.637; 2306.850;  184.050;    0.000
409.692; 2332.850;  203.050;    0.000
409.747; 2354.850;  158.050;    0.000
409.802; 2392.850;  212.050;    0.000
409.857; 2310.850;  192.050;    0.000
409.912; 2362.850;  179.050;    0.000
409.967; 2373.850;  177.050;    0.000
410.022; 2318.850;  204.050;    0.000
410.077; 2297.850;  175.050;    0.000
410.132; 2304.850;  207.050;    0.000
410.187; 2298.850;  169.050;    0.000
410.242; 2335.850;  186.050;    0.000
410.297; 2350.850;  185.050;    0.000
410.351; 2377.850;  191.050;    0.000
410.406; 2421.850;  215.050;    0.000
410.461; 2260.850;  190.050;    0.000
410.516; 2328.850;  172.050;    0.000
410.571; 2360.850;  190.050;    0.000
410.626; 2353.850;  189.050;    0.000
410.681; 2341.850;  191.050;    0.000
410.736; 2369.850;  166.050;    0.000
410.790; 2317.850;  179.050;    0.000
410.845; 2277.850;  196.050;    0.000
410.900; 2375.850;  168.050;    0.000
410.955; 2353.850;  173.050;    0.000
411.010; 2335.850;  162.050;    0.000
411.064; 2295.850;  205.050;    0.000
411.119; 2385.850;  203.050;    0.000
411.174; 2316.850;  207.050;    0.000
411.229; 2317.850;  218.050;    0.000
411.283; 2398.850;  218.050;    0.000
411.338; 2356.850;  180.050;    0.000
411.393; 2361.850;  191.050;    0.000
411.447; 2419.850;  207.050;    0.000
411.502; 2479.850;  204.050;    0.000
411.557; 2382.850;  208.050;    0.000
411.612; 2335.850;  191.050;    0.000
411.666; 2339.850;  233.050;    0.000
411.721; 2356.850;  193.050;    0.000
411.776; 2316.850;  195.050;    0.000
411.830; 2332.850;  229.050;    0.000
411.885; 2352.850;  181.050;    0.000
411.939; 2408.850;  214.050;    0.000
411.994; 2385.850;  140.050;    0.000
412.049; 2301.850;  205.050;    0.000
412.103; 2331.850;  232.050;    0.000
412.158; 2465.850;  228.050;    0.000
412.212; 2323.850;  204.050;    0.000
412.267; 2413.850;  203.050;    0.000
412.322; 2413.850;  212.050;    0.000
412.376; 2418.850;  195.050;    0.000
412.431; 2363.850;  197.050;    0.000
412.485; 2398.850;  235.050;    0.000
412.540; 2313.850;  197.050;    0.000
412.594; 2369.850;  199.050;    0.000
412.649; 2356.850;  195.050;    0.000
412.703; 2386.850;  214.050;    0.000
412.758; 2498.850;  213.050;    0.000
412.812; 2321.850;  154.050;    0.000
412.866; 2305.850;  159.050;    0.000
412.921; 2367.850;  207.050;    0.000
412.975; 2390.850;  194.050;    0.000
413.030; 2354.850;  214.050;    0.000
413.084; 2337.850;  174.050;    0.000
413.139; 2393.850;  211.050;    0.000
413.193; 2304.850;  223.050;    0.000
413.247; 2408.850;  198.050;    0.000
413.302; 2302.850;  184.050;    0.000
413.356; 2345.850;  194.050;    0.000
413.410; 2283.850;  219.050;    0.000
413.465; 2375.850;  209.050;    0.000
413.519; 2265.850;  178.050;    0.000
413.573; 2368.850;  189.050;    0.000
413.628; 2371.850;  184.050;    0.000
413.682; 2362.850;  189.050;    0.000
413.736; 2370.850;  196.050;    0.000
413.791; 2255.850;  208.050;    0.000
413.845; 2287.850;  206.050;    0.000
413.899; 2370.850;  193.050;    0.000
413.953; 2370.850;  176.050;    0.000
414.008; 2320.850;  163.050;    0.000
414.062; 2306.850;  195.050;    0.000
414.116; 2388.850;  176.050;    0.000
414.170; 2342.850;  218.050;    0.000
414.225; 2334.850;  183.050;    0.000
414.279; 2291.850;  191.050;    0.000
414.333; 2406.850;  215.050;    0.000
414.387; 2431.850;  187.050;    0.000
414.441; 2384.850;  182.050;    0.000
414.496; 2394.850;  205.050;    0.000
414.550; 2304.850;  203.050;    0.000
414.604; 2298.850;  223.050;    0.000
414.658; 2280.850;  159.050;    0.000
414.712; 2313.850;  194.050;    0.000
414.766; 2398.850;  232.050;    0.000
414.820; 2321.850;  235.050;    0.000
414.874; 2382.850;  169.050;    0.000
414.928; 2411.850;  207.050;    0.000
414.982; 2369.850;  174.050;    0.000
415.037; 2380.850;  173.050;    0.000
415.091; 2349.850;  219.050;    0.000
415.145; 2420.850;  174.050;    0.000
415.199; 2302.850;  207.050;    0.000
415.253; 2377.850;  228.050;    0.000
415.307; 2323.850;  182.050;    0.000
415.361; 2403.850;  219.050;    0.000
415.415; 2329.850;  218.050;    0.000
415.469; 2370.850;  233.050;    0.000
415.523; 2353.850;  203.050;    0.000
415.577; 2372.850;  186.050;    0.000
415.631; 2402.850;  215.050;    0.000
415.684; 2425.850;  212.050;    0.000
415.738; 2334.850;  206.050;    0.000
415.792; 2319.850;  219.050;    0.000
415.846; 2399.850;  208.050;    0.000
415.900; 2352.850;  203.050;    0.000
415.954; 2333.850;  237.050;    0.000
416.008; 2356.850;  242.050;    0.000
416.062; 2274.850;  197.050;    0.000
416.116; 2308.850;  189.050;    0.000
416.169; 2313.850;  199.050;    0.000
416.223; 2291.850;  230.050;    0.000
416.277; 2355.850;  226.050;    0.000
416.331; 2280.850;  254.050;    0.000
416.385; 2367.850;  204.050;    0.000
416.439; 2313.850;  201.050;    0.000
416.492; 2502.850;  238.050;    0.000
416.546; 2264.850;  234.050;    0.000
416.600; 2389.850;  244.050;    0.000
416.654; 2336.850;  233.050;    0.000
416.707; 2427.850;  214.050;    0.000
416.761; 2280.850;  214.050;    0.000
416.815; 2337.850;  192.050;    0.000
416.869; 2329.850;  225.050;    0.000
416.922; 2375.850;  214.050;    0.000
416.976; 2344.850;  206.050;    0.000
417.030; 2319.850;  226.050;    0.000
417.083; 2335.850;  207.050;    0.000
417.137; 2387.850;  236.050;    0.000
417.191; 2354.850;  208.050;    0.000
417.244; 2339.850;  260.050;    0.000
417.298; 2260.850;  222.050;    0.000
417.352; 2260.850;  191.050;    0.000
417.405; 2440.850;  229.050;    0.000
417.459; 2370.850;  249.050;    0.000
417.512; 2436.850;  259.050;    0.000
417.566; 2301.850;  220.050;    0.000
417.620; 2331.850;  229.050;    0.000
417.673; 2223.850;  190.050;    0.000
417.727; 2338.850;  204.050;    0.000
417.780; 2377.850;  223.050;    0.000
417.834; 2307.850;  213.050;    0.000
417.887; 2278.850;  238.050;    0.000
417.941; 2296.850;  244.050;    0.000
417.994; 2340.850;  247.050;    0.000
418.048; 2323.850;  225.050;    0.000
418.101; 2298.850;  210.050;    0.000
418.155; 2336.850;  224.050;    0.000
418.208; 2487.850;  229.050;    0.000
418.262; 2397.850;  255.050;    0.000
418.315; 2390.850;  248.050;    0.000
418.369; 2388.850;  212.050;    0.000
418.422; 2393.850;  241.050;    0.000
418.476; 2430.850;  220.050;    0.000
418.529; 2427.850;  257.050;    0.000
418.582; 2362.850;  203.050;    0.000
418.636; 2307.850;  221.050;    0.000
418.689; 2337.850;  202.050;    0.000
418.743; 2280.850;  227.050;    0.000
418.796; 2404.850;  226.050;    0.000
418.849; 2290.850;  199.050;    0.000
418.903; 2342.850;  234.050;    0.000
418.956; 2363.850;  236.050;    0.000
419.009; 2361.850;  305.050;    0.000
419.063; 2369.850;  216.050;    0.000
419.116; 2292.850;  245.050;    0.000
419.169; 2346.850;  208.050;    0.000
419.222; 2368.850;  233.050;    0.000
419.276; 2339.850;  244.050;    0.000
419.329; 2341.850;  197.050;    0.000
419.382; 2293.850;  222.050;    0.000
419.435; 2326.850;  199.050;    0.000
419.489; 2307.850;  226.050;    0.000
419.542; 2378.850;  223.050;    0.000
419.595; 2345.850;  204.050;    0.000
419.648; 2293.850;  234.050;    0.000
419.701; 2322.850;  211.050;    0.000
419.755; 2234.850;  184.050;    0.000
419.808; 2348.850;  223.050;    0.000
419.861; 2239.850;  197.050;    0.000
419.914; 2311.850;  258.050;    0.000
419.967; 2306.850;  205.050;    0.000
420.020; 2350.850;  195.050;    0.000
420.073; 2303.850;  191.050;    0.000
420.127; 2290.850;  256.050;    0.000
420.180; 2234.850;  232.050;    0.000
420.233; 2350.850;  200.050;    0.000
420.286; 2286.850;  207.050;    0.000
420.339; 2250.850;  223.050;    0.000
420.392; 2236.850;  243.050;    0.000
420.445; 2274.850;  195.050;    0.000
420.498; 2278.850;  239.050;    0.000
420.551; 2216.850;  201.050;    0.000
420.604; 2348.850;  245.050;    0.000
420.657; 2283.850;  221.050;    0.000
420.710; 2194.850;  223.050;    0.000
420.763; 2226.850;  241.050;    0.000
420.816; 2251.850;  198.050;    0.000
420.869; 2237.850;  210.050;    0.000
420.922; 2262.850;  206.050;    0.000
420.975; 2240.850;  239.050;    0.000
421.028; 2324.850;  248.050;    0.000
421.081; 2304.850;  236.050;    0.000
421.134; 2259.850;  208.050;    0.000
421.187; 2224.850;  216.050;    0.000
421.239; 2285.850;  199.050;    0.000
421.292; 2225.850;  255.050;    0.000
421.345; 2221.850;  241.050;    0.000
421.398; 2244.850;  221.050;    0.000
421.451; 2265.850;  237.050;    0.000
421.504; 2297.850;  225.050;    0.000
421.557; 2231.850;  213.050;    0.000
421.609; 2141.850;  178.050;    0.000
421.662; 2281.850;  206.050;    0.000
421.715; 2249.850;  212.050;    0.000
421.768; 2231.850;  236.050;    0.000
421.821; 2244.850;  228.050;    0.000
421.873; 2219.850;  200.050;    0.000
421.926; 2215.850;  226.050;    0.000
421.979; 2217.850;  221.050;    0.000
422.032; 2162.850;  219.050;    0.000
422.084; 2225.850;  253.050;    0.000
422.137; 2186.850;  195.050;    0.000
422.190; 2208.850;  192.050;    0.000
422.243; 2239.850;  236.050;    0.000
422.295; 2206.850;  205.050;    0.000
422.348; 2217.850;  198.050;    0.000
422.401; 2252.850;  245.050;    0.000
422.453; 2147.850;  241.050;    0.000
422.506; 2240.850;  255.050;    0.000
422.559; 2172.850;  188.050;    0.000
422.611; 2253.850;  236.050;    0.000
422.664; 2181.850;  218.050;    0.000
422.716; 2218.850;  210.050;    0.000
422.769; 2285.850;  209.050;    0.000
422.822; 2177.850;  213.050;    0.000
422.874; 2223.850;  227.050;    0.000
422.927; 2263.850;  272.050;    0.000
422.979; 2132.850;  204.050;    0.000
423.032; 2167.850;  210.050;    0.000
423.084; 2189.850;  236.050;    0.000
423.137; 2184.850;  223.050;    0.000
423.189; 2248.850;  253.050;    0.000
423.242; 2167.850;  185.050;    0.000
423.294; 2150.850;  232.050;    0.000
423.347; 2151.850;  213.050;    0.000
423.399; 2163.850;  227.050;    0.000
423.452; 2197.850;  236.050;    0.000
423.504; 2288.850;  232.050;    0.000
423.557; 2182.850;  195.050;    0.000
423.609; 2200.850;  238.050;    0.000
423.662; 2124.850;  207.050;    0.000
423.714; 2201.850;  231.050;    0.000
423.766; 2147.850;  211.050;    0.000
423.819; 2180.850;  207.050;    0.000
423.871; 2139.850;  228.050;    0.000
423.923; 2125.850;  223.050;    0.000
423.976; 2185.850;  217.050;    0.000
424.028; 2092.850;  231.050;    0.000
424.081; 2135.850;  219.050;    0.000
424.133; 2196.850;  255.050;    0.000
424.185; 2209.850;  199.050;    0.000
424.238; 2155.850;  238.050;    0.000
424.290; 2173.850;  209.050;    0.000
424.342; 2134.850;  213.050;    0.000
424.394; 2079.850;  215.050;    0.000
424.447; 2155.850;  265.050;    0.000
424.499; 2086.850;  238.050;    0.000
424.551; 2145.850;  256.050;    0.000
424.603; 2126.850;  222.050;    0.000
424.656; 2150.850;  227.050;    0.000
424.708; 2200.850;  250.050;    0.000
424.760; 2048.850;  228.050;    0.000
424.812; 2113.850;  249.050;    0.000
424.864; 2066.850;  222.050;    0.000
424.917; 2106.850;  235.050;    0.000
424.969; 2197.850;  266.050;    0.000
425.021; 2139.850;  233.050;    0.000
425.073; 2087.850;  194.050;    0.000
425.125; 2160.850;  256.050;    0.000
425.177; 2082.850;  225.050;    0.000
425.229; 2227.850;  242.050;    0.000
425.282; 2108.850;  236.050;    0.000
425.334; 2044.850;  250.050;    0.000
425.386; 2181.850;  231.050;    0.000
425.438; 2140.850;  216.050;    0.000
425.490; 2066.850;  240.050;    0.000
425.542; 2049.850;  231.050;    0.000
425.594; 2079.850;  206.050;    0.000
425.646; 2237.850;  201.050;    0.000
425.698; 2055.850;  193.050;    0.000
425.750; 2056.850;  241.050;    0.000
425.802; 2053.850;  199.050;    0.000
425.854; 2088.850;  216.050;    0.000
425.906; 2015.850;  220.050;    0.000
425.958; 2102.850;  200.050;    0.000
426.010; 2119.850;  214.050;    0.000
426.062; 2055.850;  245.050;    0.000
426.114; 2093.850;  241.050;    0.000
426.166; 2180.850;  241.050;    0.000
426.218; 2104.850;  255.050;    0.000
426.270; 2016.850;  228.050;    0.000
426.321; 2136.850;  222.050;    0.000
426.373; 2005.850;  218.050;    0.000
426.425; 2145.850;  258.050;    0.000
426.477; 2059.850;  225.050;    0.000
426.529; 2063.850;  223.050;    0.000
426.581; 2049.850;  198.050;    0.000
426.633; 2063.850;  228.050;    0.000
426.684; 1985.850;  210.050;    0.000
426.736; 2058.850;  208.050;    0.000
426.788; 2114.850;  231.050;    0.000
426.840; 1999.850;  212.050;    0.000
426.892; 2110.850;  221.050;    0.000
426.943; 2005.850;  240.050;    0.000
426.995; 2038.850;  243.050;    0.000
427.047; 2054.850;  231.050;    0.000
427.099; 2054.850;  189.050;    0.000
427.150; 1962.850;  212.050;    0.000
427.202; 1997.850;  219.050;    0.000
427.254; 2022.850;  203.050;    0.000
427.306; 2030.850;  217.050;    0.000
427.357; 2030.850;  232.050;    0.000
427.409; 2052.850;  251.050;    0.000
427.461; 2017.850;  185.050;    0.000
427.512; 2000.850;  239.050;    0.000
427.564; 2072.850;  208.050;    0.000
427.616; 2014.850;  233.050;    0.000
427.667; 2003.850;  223.050;    0.000
427.719; 1953.850;  206.050;    0.000
427.770; 2033.850;  195.050;    0.000
427.822; 2067.850;  223.050;    0.000
427.874; 2082.850;  232.050;    0.000
427.925; 2060.850;  209.050;    0.000
427.977; 1995.850;  208.050;    0.000
428.028; 2053.850;  187.050;    0.000
428.080; 2014.850;  209.050;    0.000
428.131; 1984.850;  237.050;    0.000
428.183; 2001.850;  200.050;    0.000
428.234; 1998.850;  215.050;    0.000
428.286; 1997.850;  229.050;    0.000
428.337; 2034.850;  206.050;    0.000
428.389; 1993.850;  216.050;    0.000
428.440; 2021.850;  287.050;    0.000
428.492; 2062.850;  269.050;    0.000
428.543; 1971.850;  234.050;    0.000
428.595; 1942.850;  214.050;    0.000
428.646; 1987.850;  229.050;    0.000
428.697; 2009.850;  249.050;    0.000
428.749; 2002.850;  250.050;    0.000
428.800; 2058.850;  242.050;    0.000
428.852; 1960.850;  232.050;    0.000
428.903; 1950.850;  196.050;    0.000
428.954; 2001.850;  226.050;    0.000
429.006; 1978.850;  232.050;    0.000
429.057; 1940.850;  188.050;    0.000
429.108; 1941.850;  237.050;    0.000
429.160; 2026.850;  221.050;    0.000
429.211; 1939.850;  222.050;    0.000
429.262; 1902.850;  215.050;    0.000
429.314; 1965.850;  225.050;    0.000
429.365; 1945.850;  220.050;    0.000
429.416; 1960.850;  242.050;    0.000
429.467; 1894.850;  220.050;    0.000
429.519; 1986.850;  217.050;    0.000
429.570; 1965.850;  248.050;    0.000
429.621; 1941.850;  233.050;    0.000
429.672; 1951.850;  220.050;    0.000
429.724; 1842.850;  179.050;    0.000
429.775; 1900.850;  218.050;    0.000
429.826; 1947.850;  197.050;    0.000
429.877; 1989.850;  206.050;    0.000
429.928; 1908.850;  229.050;    0.000
429.980; 1928.850;  207.050;    0.000
430.031; 1893.850;  264.050;    0.000
430.082; 1926.850;  210.050;    0.000
430.133; 1891.850;  218.050;    0.000
430.184; 1931.850;  246.050;    0.000
430.235; 1909.850;  201.050;    0.000
430.286; 1945.850;  207.050;    0.000
430.337; 1914.850;  224.050;    0.000
430.388; 1894.850;  216.050;    0.000
430.439; 1822.850;  210.050;    0.000
430.490; 1931.850;  208.050;    0.000
430.542; 1947.850;  211.050;    0.000
430.593; 1902.850;  203.050;    0.000
430.644; 1918.850;  235.050;    0.000
430.695; 1896.850;  200.050;    0.000
430.746; 1966.850;  215.050;    0.000
430.797; 1884.850;  235.050;    0.000
430.848; 1934.850;  197.050;    0.000
430.898; 1912.850;  209.050;    0.000
430.949; 1865.850;  231.050;    0.000
431.000; 1886.850;  227.050;    0.000
431.051; 1933.850;  225.050;    0.000
431.102; 1878.850;  180.050;    0.000
431.153; 1889.850;  248.050;    0.000
431.204; 1855.850;  185.050;    0.000
431.255; 1922.850;  199.050;    0.000
431.306; 1891.850;  228.050;    0.000
431.357; 1866.850;  237.050;    0.000
431.408; 1919.850;  223.050;    0.000
431.458; 1880.850;  240.050;    0.000
431.509; 1934.850;  207.050;    0.000
431.560; 1910.850;  219.050;    0.000
431.611; 1916.850;  206.050;    0.000
431.662; 1948.850;  253.050;    0.000
431.713; 1881.850;  199.050;    0.000
431.763; 1908.850;  197.050;    0.000
431.814; 1950.850;  205.050;    0.000
431.865; 2001.850;  218.050;    0.000
431.916; 1839.850;  202.050;    0.000
431.966; 1899.850;  203.050;    0.000
432.017; 1931.850;  244.050;    0.000
432.068; 1980.850;  246.050;    0.000
432.118; 1865.850;  212.050;    0.000
432.169; 1916.850;  214.050;    0.000
432.220; 1922.850;  241.050;    0.000
432.271; 1914.850;  237.050;    0.000
432.321; 1875.850;  246.050;    0.000
432.372; 1945.850;  257.050;    0.000
432.423; 1887.850;  198.050;    0.000
432.473; 1948.850;  202.050;    0.000
432.524; 1848.850;  242.050;    0.000
432.574; 1858.850;  202.050;    0.000
432.625; 1849.850;  212.050;    0.000
432.676; 1928.850;  242.050;    0.000
432.726; 1893.850;  268.050;    0.000
432.777; 1939.850;  228.050;    0.000
432.827; 1886.850;  230.050;    0.000
432.878; 1841.850;  221.050;    0.000
432.928; 1839.850;  218.050;    0.000
432.979; 1845.850;  243.050;    0.000
433.029; 1858.850;  217.050;    0.000
433.080; 1872.850;  208.050;    0.000
433.130; 1859.850;  236.050;    0.000
433.181; 1890.850;  282.050;    0.000
433.231; 1971.850;  257.050;    0.000
433.282; 1930.850;  268.050;    0.000
433.332; 1883.850;  241.050;    0.000
433.383; 1962.850;  271.050;    0.000
433.433; 1950.850;  262.050;    0.000
433.484; 1878.850;  266.050;    0.000
433.534; 1852.850;  217.050;    0.000
433.585; 1934.850;  230.050;    0.000
433.635; 1836.850;  245.050;    0.000
433.685; 1944.850;  250.050;    0.000
433.736; 1888.850;  308.050;    0.000
433.786; 1965.850;  242.050;    0.000
433.836; 1930.850;  256.050;    0.000
433.887; 1939.850;  250.050;    0.000
433.937; 1851.850;  250.050;    0.000
433.987; 1785.850;  219.050;    0.000
434.038; 1901.850;  248.050;    0.000
434.088; 1906.850;  231.050;    0.000
434.138; 1906.850;  266.050;    0.000
434.189; 1898.850;  240.050;    0.000
434.239; 1887.850;  245.050;    0.000
434.289; 2001.850;  285.050;    0.000
434.339; 1866.850;  255.050;    0.000
434.389; 1936.850;  242.050;    0.000
434.440; 1884.850;  273.050;    0.000
434.490; 1880.850;  272.050;    0.000
434.540; 1949.850;  264.050;    0.000
434.590; 1988.850;  233.050;    0.000
434.640; 1899.850;  244.050;    0.000
434.691; 1977.850;  226.050;    0.000
434.741; 1903.850;  253.050;    0.000
434.791; 1997.850;  269.050;    0.000
434.841; 1995.850;  252.050;    0.000
434.891; 2024.850;  281.050;    0.000
434.941; 1939.850;  296.050;    0.000
434.991; 1966.850;  264.050;    0.000
435.042; 1891.850;  262.050;    0.000
435.092; 1954.850;  237.050;    0.000
435.142; 1907.850;  232.050;    0.000
435.192; 1860.850;  251.050;    0.000
435.242; 1922.850;  251.050;    0.000
435.292; 1926.850;  246.050;    0.000
435.342; 1916.850;  236.050;    0.000
435.392; 1898.850;  273.050;    0.000
435.442; 1817.850;  273.050;    0.000
435.492; 1942.850;  273.050;    0.000
435.542; 1888.850;  242.050;    0.000
435.592; 1855.850;  213.050;    0.000
435.642; 1828.850;  248.050;    0.000
435.692; 1813.850;  242.050;    0.000
435.742; 1906.850;  222.050;    0.000
435.792; 1849.850;  260.050;    0.000
435.842; 1822.850;  266.050;    0.000
435.891; 1851.850;  227.050;    0.000
435.941; 1863.850;  228.050;    0.000
435.991; 1930.850;  282.050;    0.000
436.041; 1831.850;  231.050;    0.000
436.091; 1840.850;  250.050;    0.000
436.141; 1782.850;  221.050;    0.000
436.191; 1852.850;  223.050;    0.000
436.241; 1860.850;  250.050;    0.000
436.290; 1866.850;  243.050;    0.000
436.340; 1817.850;  236.050;    0.000
436.390; 1828.850;  260.050;    0.000
436.440; 1841.850;  253.050;    0.000
436.490; 1785.850;  236.050;    0.000
436.539; 1774.850;  249.050;    0.000
436.589; 1855.850;  231.050;    0.000
436.639; 1775.850;  237.050;    0.000
436.689; 1867.850;  222.050;    0.000
436.738; 1863.850;  263.050;    0.000
436.788; 1824.850;  230.050;    0.000
436.838; 1784.850;  281.050;    0.000
436.887; 1820.850;  230.050;    0.000
436.937; 1770.850;  250.050;    0.000
436.987; 1816.850;  251.050;    0.000
437.036; 1779.850;  238.050;    0.000
437.086; 1773.850;  234.050;    0.000
437.136; 1809.850;  250.050;    0.000
437.185; 1798.850;  228.050;    0.000
437.235; 1797.850;  309.050;    0.000
437.285; 1870.850;  246.050;    0.000
437.334; 1765.850;  262.050;    0.000
437.384; 1813.850;  228.050;    0.000
437.433; 1760.850;  241.050;    0.000
437.483; 1833.850;  220.050;    0.000
437.532; 1786.850;  252.050;    0.000
437.582; 1793.850;  270.050;    0.000
437.631; 1719.850;  251.050;    0.000
437.681; 1835.850;  284.050;    0.000
437.730; 1723.850;  239.050;    0.000
437.780; 1764.850;  221.050;    0.000
437.829; 1665.850;  254.050;    0.000
437.879; 1810.850;  221.050;    0.000
437.928; 1758.850;  205.050;    0.000
437.978; 1710.850;  223.050;    0.000
438.027; 1771.850;  262.050;    0.000
438.077; 1733.850;  280.050;    0.000
438.126; 1790.850;  254.050;    0.000
438.176; 1766.850;  230.050;    0.000
438.225; 1824.850;  227.050;    0.000
438.274; 1864.850;  264.050;    0.000
438.324; 1777.850;  233.050;    0.000
438.373; 1738.850;  238.050;    0.000
438.422; 1734.850;  260.050;    0.000
438.472; 1737.850;  223.050;    0.000
438.521; 1731.850;  213.050;    0.000
438.570; 1713.850;  236.050;    0.000
438.620; 1858.850;  282.050;    0.000
438.669; 1744.850;  209.050;    0.000
438.718; 1787.850;  245.050;    0.000
438.768; 1752.850;  238.050;    0.000
438.817; 1719.850;  259.050;    0.000
438.866; 1754.850;  232.050;    0.000
438.915; 1835.850;  288.050;    0.000
438.965; 1764.850;  228.050;    0.000
439.014; 1679.850;  246.050;    0.000
439.063; 1850.850;  287.050;    0.000
439.112; 1760.850;  217.050;    0.000
439.162; 1766.850;  275.050;    0.000
439.211; 1785.850;  287.050;    0.000
439.260; 1800.850;  238.050;    0.000
439.309; 1764.850;  225.050;    0.000
439.358; 1779.850;  248.050;    0.000
439.407; 1710.850;  237.050;    0.000
439.456; 1827.850;  223.050;    0.000
439.506; 1743.850;  266.050;    0.000
439.555; 1781.850;  260.050;    0.000
439.604; 1760.850;  233.050;    0.000
439.653; 1830.850;  242.050;    0.000
439.702; 1718.850;  255.050;    0.000
439.751; 1702.850;  202.050;    0.000
439.800; 1703.850;  247.050;    0.000
439.849; 1787.850;  250.050;    0.000
439.898; 1726.850;  216.050;    0.000
439.947; 1712.850;  231.050;    0.000
439.996; 1750.850;  272.050;    0.000
440.045; 1810.850;  217.050;    0.000
440.094; 1776.850;  220.050;    0.000
440.143; 1764.850;  245.050;    0.000
440.192; 1893.850;  267.050;    0.000
440.241; 1792.850;  263.050;    0.000
440.290; 1806.850;  246.050;    0.000
440.339; 1693.850;  225.050;    0.000
440.388; 1679.850;  256.050;    0.000
440.437; 1835.850;  253.050;    0.000
440.486; 1739.850;  249.050;    0.000
440.535; 1822.850;  232.050;    0.000
440.583; 1805.850;  220.050;    0.000
440.632; 1858.850;  239.050;    0.000
440.681; 1754.850;  236.050;    0.000
440.730; 1908.850;  282.050;    0.000
440.779; 1834.850;  245.050;    0.000
440.828; 1747.850;  213.050;    0.000
440.876; 1800.850;  231.050;    0.000
440.925; 1836.850;  271.050;    0.000
440.974; 1753.850;  240.050;    0.000
441.023; 1770.850;  214.050;    0.000
441.072; 1820.850;  236.050;    0.000
441.120; 1893.850;  271.050;    0.000
441.169; 1853.850;  281.050;    0.000
441.218; 1887.850;  255.050;    0.000
441.267; 1874.850;  272.050;    0.000
441.315; 1857.850;  229.050;    0.000
441.364; 1851.850;  241.050;    0.000
441.413; 1837.850;  224.050;    0.000
441.461; 1886.850;  241.050;    0.000
441.510; 1868.850;  289.050;    0.000
441.559; 1831.850;  222.050;    0.000
441.607; 1904.850;  242.050;    0.000
441.656; 1819.850;  255.050;    0.000
441.705; 1780.850;  260.050;    0.000
441.753; 1849.850;  290.050;    0.000
441.802; 1896.850;  264.050;    0.000
441.850; 1861.850;  224.050;    0.000
441.899; 1876.850;  275.050;    0.000
441.948; 1889.850;  227.050;    0.000
441.996; 1819.850;  216.050;    0.000
442.045; 1767.850;  271.050;    0.000
442.093; 1907.850;  227.050;    0.000
442.142; 1817.850;  273.050;    0.000
442.190; 1889.850;  257.050;    0.000
442.239; 1898.850;  269.050;    0.000
442.287; 1862.850;  257.050;    0.000
442.336; 1822.850;  237.050;    0.000
442.384; 1829.850;  214.050;    0.000
442.433; 1865.850;  272.050;    0.000
442.481; 1882.850;  258.050;    0.000
442.529; 1926.850;  242.050;    0.000
442.578; 1886.850;  278.050;    0.000
442.626; 1863.850;  264.050;    0.000
442.675; 1931.850;  293.050;    0.000
442.723; 1858.850;  244.050;    0.000
442.771; 1894.850;  232.050;    0.000
442.820; 1888.850;  266.050;    0.000
442.868; 1866.850;  253.050;    0.000
442.917; 1816.850;  250.050;    0.000
442.965; 1856.850;  279.050;    0.000
443.013; 1840.850;  253.050;    0.000
443.062; 1847.850;  282.050;    0.000
443.110; 1826.850;  258.050;    0.000
443.158; 1871.850;  246.050;    0.000
443.206; 1915.850;  255.050;    0.000
443.255; 1911.850;  296.050;    0.000
443.303; 1924.850;  272.050;    0.000
443.351; 1886.850;  270.050;    0.000
443.399; 1886.850;  258.050;    0.000
443.448; 1850.850;  265.050;    0.000
443.496; 1906.850;  219.050;    0.000
443.544; 1877.850;  205.050;    0.000
443.592; 1878.850;  266.050;    0.000
443.640; 1966.850;  260.050;    0.000
443.689; 1952.850;  232.050;    0.000
443.737; 1912.850;  281.050;    0.000
443.785; 1905.850;  248.050;    0.000
443.833; 1956.850;  286.050;    0.000
443.881; 1862.850;  225.050;    0.000
443.929; 1881.850;  255.050;    0.000
443.977; 1955.850;  248.050;    0.000
444.025; 1865.850;  255.050;    0.000
444.074; 1939.850;  266.050;    0.000
444.122; 1938.850;  266.050;    0.000
444.170; 1955.850;  207.050;    0.000
444.218; 1882.850;  253.050;    0.000
444.266; 2025.850;  263.050;    0.000
444.314; 2004.850;  272.050;    0.000
444.362; 1954.850;  272.050;    0.000
444.410; 1960.850;  255.050;    0.000
444.458; 1980.850;  288.050;    0.000
444.506; 1959.850;  263.050;    0.000
444.554; 1981.850;  243.050;    0.000
444.602; 1966.850;  285.050;    0.000
444.650; 2009.850;  273.050;    0.000
444.698; 1945.850;  221.050;    0.000
444.746; 2016.850;  243.050;    0.000
444.793; 1975.850;  217.050;    0.000
444.841; 2070.850;  262.050;    0.000
444.889; 2017.850;  264.050;    0.000
444.937; 2007.850;  226.050;    0.000
444.985; 1973.850;  257.050;    0.000
445.033; 2002.850;  264.050;    0.000
445.081; 1974.850;  264.050;    0.000
445.129; 1959.850;  187.050;    0.000
445.176; 1960.850;  212.050;    0.000
445.224; 2039.850;  198.050;    0.000
445.272; 1988.850;  265.050;    0.000
445.320; 1994.850;  239.050;    0.000
445.368; 1982.850;  245.050;    0.000
445.415; 2041.850;  215.050;    0.000
445.463; 2008.850;  202.050;    0.000
445.511; 1949.850;  234.050;    0.000
445.559; 1964.850;  269.050;    0.000
445.606; 1952.850;  214.050;    0.000
445.654; 1963.850;  227.050;    0.000
445.702; 2007.850;  276.050;    0.000
445.749; 2009.850;  256.050;    0.000
445.797; 2031.850;  236.050;    0.000
445.845; 1995.850;  230.050;    0.000
445.892; 1926.850;  233.050;    0.000
445.940; 1996.850;  257.050;    0.000
445.988; 2005.850;  253.050;    0.000
446.035; 2038.850;  265.050;    0.000
446.083; 2050.850;  254.050;    0.000
446.130; 2044.850;  228.050;    0.000
446.178; 1991.850;  256.050;    0.000
446.226; 1947.850;  238.050;    0.000
446.273; 2052.850;  228.050;    0.000
446.321; 2030.850;  220.050;    0.000
446.368; 2059.850;  249.050;    0.000
446.416; 2028.850;  221.050;    0.000
446.463; 2096.850;  232.050;    0.000
446.511; 2015.850;  243.050;    0.000
446.558; 2074.850;  217.050;    0.000
446.606; 2104.850;  256.050;    0.000
446.653; 2085.850;  238.050;    0.000
446.701; 2063.850;  259.050;    0.000
446.748; 2050.850;  227.050;    0.000
446.796; 2060.850;  236.050;    0.000
446.843; 2133.850;  241.050;    0.000
446.891; 2117.850;  292.050;    0.000
446.938; 2150.850;  219.050;    0.000
446.985; 2206.850;  255.050;    0.000
447.033; 2083.850;  237.050;    0.000
447.080; 2193.850;  278.050;    0.000
447.128; 2119.850;  237.050;    0.000
447.175; 2244.850;  247.050;    0.000
447.222; 2164.850;  235.050;    0.000
447.270; 2308.850;  274.050;    0.000
447.317; 2269.850;  222.050;    0.000
447.364; 2216.850;  230.050;    0.000
447.411; 2313.850;  297.050;    0.000
447.459; 2341.850;  243.050;    0.000
447.506; 2339.850;  202.050;    0.000
447.553; 2329.850;  232.050;    0.000
447.601; 2359.850;  262.050;    0.000
447.648; 2417.850;  254.050;    0.000
447.695; 2403.850;  287.050;    0.000
447.742; 2432.850;  232.050;    0.000
447.789; 2399.850;  257.050;    0.000
447.837; 2472.850;  260.050;    0.000
447.884; 2559.850;  272.050;    0.000
447.931; 2570.850;  241.050;    0.000
447.978; 2475.850;  241.050;    0.000
448.025; 2566.850;  264.050;    0.000
448.072; 2547.850;  279.050;    0.000
448.120; 2634.850;  263.050;    0.000
448.167; 2636.850;  284.050;    0.000
448.214; 2418.850;  252.050;    0.000
448.261; 2492.850;  247.050;    0.000
448.308; 2478.850;  249.050;    0.000
448.355; 2536.850;  263.050;    0.000
448.402; 2433.850;  251.050;    0.000
448.449; 2416.850;  257.050;    0.000
448.496; 2365.850;  243.050;    0.000
448.543; 2362.850;  274.050;    0.000
448.590; 2345.850;  299.050;    0.000
448.637; 2259.850;  259.050;    0.000
448.684; 2275.850;  266.050;    0.000
448.731; 2219.850;  261.050;    0.000
448.778; 2226.850;  292.050;    0.000
448.825; 2143.850;  253.050;    0.000
448.872; 2126.850;  253.050;    0.000
448.919; 2170.850;  218.050;    0.000
448.966; 2224.850;  254.050;    0.000
449.013; 2094.850;  263.050;    0.000
449.060; 2104.850;  282.050;    0.000
449.107; 2244.850;  244.050;    0.000
449.154; 2164.850;  236.050;    0.000
449.200; 2043.850;  226.050;    0.000
449.247; 2136.850;  273.050;    0.000
449.294; 2027.850;  270.050;    0.000
449.341; 2027.850;  283.050;    0.000
449.388; 2083.850;  261.050;    0.000
449.435; 2096.850;  254.050;    0.000
449.481; 2063.850;  318.050;    0.000
449.528; 2044.850;  274.050;    0.000
449.575; 2002.850;  251.050;    0.000
449.622; 2068.850;  276.050;    0.000
449.668; 1999.850;  242.050;    0.000
449.715; 2052.850;  286.050;    0.000
449.762; 2035.850;  268.050;    0.000
449.809; 1984.850;  285.050;    0.000
449.855; 1985.850;  277.050;    0.000
449.902; 1984.850;  246.050;    0.000
449.949; 1985.850;  268.050;    0.000
449.995; 1970.850;  289.050;    0.000
450.042; 1941.850;  256.050;    0.000
450.089; 2031.850;  290.050;    0.000
450.135; 1973.850;  300.050;    0.000
450.182; 1907.850;  317.050;    0.000
450.229; 1890.850;  282.050;    0.000
450.275; 1905.850;  307.050;    0.000
450.322; 1890.850;  260.050;    0.000
450.368; 1929.850;  315.050;    0.000
450.415; 1950.850;  306.050;    0.000
450.462; 1930.850;  314.050;    0.000
450.508; 1905.850;  303.050;    0.000
450.555; 1774.850;  281.050;    0.000
450.601; 1803.850;  291.050;    0.000
450.648; 1858.850;  288.050;    0.000
450.694; 1870.850;  290.050;    0.000
450.741; 1879.850;  303.050;    0.000
450.787; 1850.850;  298.050;    0.000
450.834; 1878.850;  265.050;    0.000
450.880; 1892.850;  273.050;    0.000
450.927; 1882.850;  312.050;    0.000
450.973; 1820.850;  303.050;    0.000
451.019; 1830.850;  222.050;    0.000
451.066; 1808.850;  284.050;    0.000
451.112; 1843.850;  296.050;    0.000
451.159; 1842.850;  299.050;    0.000
451.205; 1803.850;  311.050;    0.000
451.251; 1916.850;  306.050;    0.000
451.298; 1849.850;  281.050;    0.000
451.344; 1804.850;  311.050;    0.000
451.390; 1858.850;  331.050;    0.000
451.437; 1842.850;  303.050;    0.000
451.483; 1853.850;  284.050;    0.000
451.529; 1809.850;  310.050;    0.000
451.576; 1829.850;  301.050;    0.000
451.622; 1732.850;  275.050;    0.000
451.668; 1890.850;  269.050;    0.000
451.714; 1865.850;  277.050;    0.000
451.761; 1829.850;  298.050;    0.000
451.807; 1817.850;  316.050;    0.000
451.853; 1809.850;  301.050;    0.000
451.899; 1774.850;  292.050;    0.000
451.945; 1809.850;  324.050;    0.000
451.992; 1771.850;  292.050;    0.000
452.038; 1787.850;  261.050;    0.000
452.084; 1767.850;  286.050;    0.000
452.130; 1778.850;  301.050;    0.000
452.176; 1757.850;  287.050;    0.000
452.222; 1770.850;  265.050;    0.000
452.268; 1766.850;  268.050;    0.000
452.315; 1794.850;  272.050;    0.000
452.361; 1674.850;  258.050;    0.000
452.407; 1795.850;  279.050;    0.000
452.453; 1766.850;  252.050;    0.000
452.499; 1728.850;  305.050;    0.000
452.545; 1774.850;  263.050;    0.000
452.591; 1830.850;  284.050;    0.000
452.637; 1748.850;  289.050;    0.000
452.683; 1726.850;  249.050;    0.000
452.729; 1745.850;  290.050;    0.000
452.775; 1796.850;  315.050;    0.000
452.821; 1730.850;  271.050;    0.000
452.867; 1757.850;  258.050;    0.000
452.913; 1714.850;  256.050;    0.000
452.959; 1713.850;  266.050;    0.000
453.005; 1727.850;  299.050;    0.000
453.051; 1756.850;  299.050;    0.000
453.097; 1811.850;  268.050;    0.000
453.142; 1728.850;  251.050;    0.000
453.188; 1759.850;  284.050;    0.000
453.234; 1640.850;  285.050;    0.000
453.280; 1697.850;  263.050;    0.000
453.326; 1762.850;  273.050;    0.000
453.372; 1773.850;  253.050;    0.000
453.418; 1756.850;  269.050;    0.000
453.463; 1761.850;  250.050;    0.000
453.509; 1779.850;  289.050;    0.000
453.555; 1740.850;  262.050;    0.000
453.601; 1697.850;  274.050;    0.000
453.647; 1849.850;  306.050;    0.000
453.692; 1673.850;  264.050;    0.000
453.738; 1670.850;  312.050;    0.000
453.784; 1765.850;  300.050;    0.000
453.829; 1769.850;  284.050;    0.000
453.875; 1693.850;  270.050;    0.000
453.921; 1707.850;  237.050;    0.000
453.967; 1742.850;  263.050;    0.000
454.012; 1643.850;  295.050;    0.000
454.058; 1735.850;  293.050;    0.000
454.104; 1663.850;  264.050;    0.000
454.149; 1722.850;  282.050;    0.000
454.195; 1702.850;  277.050;    0.000
454.240; 1738.850;  307.050;    0.000
454.286; 1724.850;  282.050;    0.000
454.332; 1688.850;  291.050;    0.000
454.377; 1724.850;  302.050;    0.000
454.423; 1748.850;  276.050;    0.000
454.468; 1646.850;  281.050;    0.000
454.514; 1679.850;  290.050;    0.000
454.559; 1685.850;  289.050;    0.000
454.605; 1705.850;  258.050;    0.000
454.650; 1699.850;  281.050;    0.000
454.696; 1712.850;  308.050;    0.000
454.741; 1770.850;  288.050;    0.000
454.787; 1709.850;  284.050;    0.000
454.832; 1685.850;  306.050;    0.000
454.878; 1678.850;  288.050;    0.000
454.923; 1743.850;  287.050;    0.000
454.969; 1706.850;  325.050;    0.000
455.014; 1691.850;  323.050;    0.000
455.060; 1693.850;  290.050;    0.000
455.105; 1728.850;  285.050;    0.000
455.150; 1736.850;  303.050;    0.000
455.196; 1708.850;  282.050;    0.000
455.241; 1648.850;  281.050;    0.000
455.286; 1743.850;  290.050;    0.000
455.332; 1707.850;  280.050;    0.000
455.377; 1647.850;  243.050;    0.000
455.422; 1677.850;  308.050;    0.000
455.468; 1595.850;  308.050;    0.000
455.513; 1630.850;  290.050;    0.000
455.558; 1672.850;  211.050;    0.000
455.604; 1726.850;  289.050;    0.000
455.649; 1605.850;  297.050;    0.000
455.694; 1676.850;  287.050;    0.000
455.739; 1726.850;  296.050;    0.000
455.785; 1703.850;  315.050;    0.000
455.830; 1692.850;  328.050;    0.000
455.875; 1649.850;  310.050;    0.000
455.920; 1655.850;  261.050;    0.000
455.965; 1682.850;  277.050;    0.000
456.010; 1600.850;  317.050;    0.000
456.056; 1663.850;  299.050;    0.000
456.101; 1607.850;  262.050;    0.000
456.146; 1702.850;  318.050;    0.000
456.191; 1664.850;  274.050;    0.000
456.236; 1645.850;  274.050;    0.000
456.281; 1682.850;  275.050;    0.000
456.326; 1646.850;  256.050;    0.000
456.371; 1606.850;  260.050;    0.000
456.416; 1723.850;  304.050;    0.000
456.461; 1657.850;  278.050;    0.000
456.507; 1672.850;  299.050;    0.000
456.552; 1628.850;  305.050;    0.000
456.597; 1692.850;  271.050;    0.000
456.642; 1690.850;  273.050;    0.000
456.687; 1689.850;  290.050;    0.000
456.732; 1781.850;  327.050;    0.000
456.776; 1639.850;  284.050;    0.000
456.821; 1669.850;  321.050;    0.000
456.866; 1678.850;  272.050;    0.000
456.911; 1641.850;  232.050;    0.000
456.956; 1679.850;  263.050;    0.000
457.001; 1716.850;  277.050;    0.000
457.046; 1713.850;  284.050;    0.000
457.091; 1688.850;  269.050;    0.000
457.136; 1663.850;  269.050;    0.000
457.181; 1754.850;  275.050;    0.000
457.225; 1671.850;  310.050;    0.000
457.270; 1709.850;  295.050;    0.000
457.315; 1651.850;  284.050;    0.000
457.360; 1650.850;  264.050;    0.000
457.405; 1676.850;  273.050;    0.000
457.450; 1686.850;  284.050;    0.000
457.494; 1719.850;  273.050;    0.000
457.539; 1626.850;  287.050;    0.000
457.584; 1668.850;  279.050;    0.000
457.629; 1695.850;  288.050;    0.000
457.673; 1708.850;  297.050;    0.000
457.718; 1660.850;  270.050;    0.000
457.763; 1680.850;  295.050;    0.000
457.807; 1701.850;  321.050;    0.000
457.852; 1698.850;  293.050;    0.000
457.897; 1643.850;  282.050;    0.000
457.941; 1695.850;  320.050;    0.000
457.986; 1711.850;  295.050;    0.000
458.031; 1749.850;  314.050;    0.000
458.075; 1730.850;  280.050;    0.000
458.120; 1714.850;  314.050;    0.000
458.165; 1730.850;  289.050;    0.000
458.209; 1710.850;  289.050;    0.000
458.254; 1715.850;  272.050;    0.000
458.298; 1752.850;  305.050;    0.000
458.343; 1692.850;  284.050;    0.000
458.387; 1752.850;  340.050;    0.000
458.432; 1728.850;  306.050;    0.000
458.476; 1768.850;  311.050;    0.000
458.521; 1775.850;  304.050;    0.000
458.565; 1807.850;  329.050;    0.000
458.610; 1769.850;  287.050;    0.000
458.654; 1739.850;  300.050;    0.000
458.699; 1781.850;  295.050;    0.000
458.743; 1798.850;  269.050;    0.000
458.788; 1800.850;  294.050;    0.000
458.832; 1759.850;  301.050;    0.000
458.877; 1822.850;  303.050;    0.000
458.921; 1727.850;  259.050;    0.000
458.965; 1772.850;  308.050;    0.000
459.010; 1843.850;  330.050;    0.000
459.054; 1800.850;  298.050;    0.000
459.099; 1836.850;  303.050;    0.000
459.143; 1834.850;  333.050;    0.000
459.187; 1769.850;  291.050;    0.000
459.231; 1812.850;  316.050;    0.000
459.276; 1835.850;  294.050;    0.000
459.320; 1887.850;  291.050;    0.000
459.364; 1870.850;  318.050;    0.000
459.409; 1757.850;  325.050;    0.000
459.453; 1801.850;  293.050;    0.000
459.497; 1874.850;  354.050;    0.000
459.541; 1838.850;  313.050;    0.000
459.586; 1764.850;  282.050;    0.000
459.630; 1857.850;  286.050;    0.000
459.674; 1855.850;  292.050;    0.000
459.718; 1834.850;  280.050;    0.000
459.762; 1858.850;  304.050;    0.000
459.807; 1907.850;  352.050;    0.000
459.851; 1885.850;  300.050;    0.000
459.895; 1882.850;  311.050;    0.000
459.939; 1854.850;  303.050;    0.000
459.983; 1772.850;  299.050;    0.000
460.027; 1850.850;  307.050;    0.000
460.071; 1885.850;  313.050;    0.000
460.115; 1888.850;  325.050;    0.000
460.159; 1848.850;  331.050;    0.000
460.204; 1813.850;  301.050;    0.000
460.248; 1868.850;  329.050;    0.000
460.292; 1815.850;  310.050;    0.000
460.336; 1875.850;  304.050;    0.000
460.380; 1883.850;  313.050;    0.000
460.424; 1899.850;  300.050;    0.000
460.468; 1965.850;  338.050;    0.000
460.512; 1922.850;  310.050;    0.000
460.556; 1920.850;  337.050;    0.000
460.599; 1934.850;  310.050;    0.000
460.643; 1928.850;  303.050;    0.000
460.687; 1883.850;  316.050;    0.000
460.731; 1894.850;  292.050;    0.000
460.775; 1885.850;  294.050;    0.000
460.819; 1846.850;  310.050;    0.000
460.863; 1913.850;  349.050;    0.000
460.907; 1872.850;  265.050;    0.000
460.951; 1848.850;  325.050;    0.000
460.995; 1913.850;  338.050;    0.000
461.038; 1894.850;  304.050;    0.000
461.082; 1909.850;  312.050;    0.000
461.126; 1931.850;  358.050;    0.000
461.170; 1833.850;  306.050;    0.000
461.214; 1953.850;  330.050;    0.000
461.257; 1930.850;  311.050;    0.000
461.301; 1923.850;  303.050;    0.000
461.345; 1958.850;  310.050;    0.000
461.389; 1877.850;  296.050;    0.000
461.432; 1895.850;  304.050;    0.000
461.476; 1896.850;  305.050;    0.000
461.520; 1978.850;  319.050;    0.000
461.563; 1950.850;  294.050;    0.000
461.607; 1891.850;  295.050;    0.000
461.651; 1990.850;  335.050;    0.000
461.694; 1913.850;  276.050;    0.000
461.738; 1920.850;  327.050;    0.000
461.782; 1908.850;  288.050;    0.000
461.825; 1966.850;  319.050;    0.000
461.869; 1996.850;  305.050;    0.000
461.913; 1971.850;  281.050;    0.000
461.956; 1917.850;  281.050;    0.000
462.000; 1975.850;  339.050;    0.000
462.043; 1960.850;  347.050;    0.000
462.087; 1995.850;  314.050;    0.000
462.130; 1986.850;  332.050;    0.000
462.174; 1969.850;  332.050;    0.000
462.217; 2084.850;  299.050;    0.000
462.261; 1999.850;  323.050;    0.000
462.304; 1982.850;  286.050;    0.000
462.348; 2034.850;  305.050;    0.000
462.391; 1985.850;  293.050;    0.000
462.435; 2015.850;  365.050;    0.000
462.478; 1982.850;  329.050;    0.000
462.522; 2036.850;  316.050;    0.000
462.565; 2046.850;  328.050;    0.000
462.608; 2077.850;  350.050;    0.000
462.652; 2074.850;  328.050;    0.000
462.695; 2110.850;  358.050;    0.000
462.739; 2051.850;  317.050;    0.000
462.782; 2066.850;  329.050;    0.000
462.825; 2061.850;  368.050;    0.000
462.869; 2142.850;  343.050;    0.000
462.912; 2070.850;  404.050;    0.000
462.955; 2090.850;  328.050;    0.000
462.998; 2150.850;  340.050;    0.000
463.042; 2199.850;  361.050;    0.000
463.085; 2128.850;  337.050;    0.000
463.128; 2112.850;  373.050;    0.000
463.172; 2070.850;  347.050;    0.000
463.215;  360.850;  305.050;    0.000
463.258;  326.850;  324.050;    0.000
463.301;  311.850;  296.050;    0.000
463.344;  335.850;  332.050;    0.000
463.388;  344.850;  309.050;    0.000
463.431;  297.850;  298.050;    0.000
463.474;  380.850;  351.050;    0.000
463.517;  296.850;  319.050;    0.000
463.560;  366.850;  325.050;    0.000
463.603;  355.850;  330.050;    0.000
463.646;  325.850;  332.050;    0.000
463.690;  311.850;  325.050;    0.000
463.733;  361.850;  323.050;    0.000
463.776;  298.850;  276.050;    0.000
463.819;  348.850;  320.050;    0.000
463.862;  285.850;  275.050;    0.000

