
Integration time [ms]:   0.300
Averaging Nr. [scans]: 1
Smoothing Nr. [pixels]: 0
Data measured with spectrometer [name]: NIR
Wave   ;Sample   ;Dark     ;Reference
[nm]   ;[counts] ;[counts] ;[counts] 

691.496;  -26.600;  155.525;    0.000
691.696;    5.400;  186.525;    0.000
691.896;  -46.600;  113.525;    0.000
692.096;  -11.600;  169.525;    0.000
692.296;  -32.600;  119.525;    0.000
692.496;   37.400;  182.525;    0.000
692.695;  -26.600;  119.525;    0.000
692.895;   -4.600;  183.525;    0.000
693.095;  -30.600;  119.525;    0.000
693.295;   18.400;  156.525;    0.000
693.495;  -24.600;  145.525;    0.000
693.695;  -54.600;  144.525;    0.000
693.894;  -19.600;  174.525;    0.000
694.094;   -6.600;  148.525;    0.000
694.294;  -43.600;  114.525;    0.000
694.494;  322.400;  137.525;    0.000
694.693; 2947.400;  112.525;    0.000
694.893; 3025.400;   85.525;    0.000
695.093; 3275.400;  152.525;    0.000
695.293; 3315.400;  159.525;    0.000
695.492; 3282.400;  131.525;    0.000
695.692; 3332.400;  134.525;    0.000
695.891; 3265.400;  161.525;    0.000
696.091; 3346.400;  180.525;    0.000
696.291; 3252.400;  120.525;    0.000
696.490; 3360.400;  146.525;    0.000
696.690; 3455.400;  145.525;    0.000
696.889; 3301.400;  171.525;    0.000
697.089; 3308.400;   98.525;    0.000
697.288; 3433.400;  172.525;    0.000
697.488; 3313.400;  137.525;    0.000
697.687; 3342.400;  171.525;    0.000
697.887; 3329.400;  142.525;    0.000
698.086; 3417.400;  159.525;    0.000
698.286; 3411.400;  122.525;    0.000
698.485; 3363.400;  121.525;    0.000
698.684; 3340.400;   94.525;    0.000
698.884; 3467.400;  131.525;    0.000
699.083; 3347.400;  112.525;    0.000
699.282; 3328.400;  119.525;    0.000
699.482; 3336.400;  117.525;    0.000
699.681; 3429.400;  115.525;    0.000
699.880; 3466.400;  166.525;    0.000
700.080; 3454.400;  194.525;    0.000
700.279; 3411.400;   98.525;    0.000
700.478; 3469.400;  159.525;    0.000
700.677; 3493.400;  134.525;    0.000
700.877; 3504.400;  171.525;    0.000
701.076; 3476.400;  141.525;    0.000
701.275; 3480.400;  119.525;    0.000
701.474; 3593.400;  132.525;    0.000
701.673; 3463.400;  141.525;    0.000
701.872; 3537.400;  158.525;    0.000
702.071; 3399.400;  129.525;    0.000
702.271; 3497.400;  122.525;    0.000
702.470; 3557.400;  158.525;    0.000
702.669; 3504.400;  145.525;    0.000
702.868; 3491.400;  135.525;    0.000
703.067; 3616.400;  169.525;    0.000
703.266; 3521.400;  125.525;    0.000
703.465; 3521.400;  153.525;    0.000
703.664; 3517.400;  113.525;    0.000
703.863; 3554.400;  170.525;    0.000
704.062; 3535.400;  115.525;    0.000
704.260; 3491.400;  133.525;    0.000
704.459; 3587.400;  123.525;    0.000
704.658; 3543.400;  105.525;    0.000
704.857; 3486.400;  125.525;    0.000
705.056; 3506.400;  108.525;    0.000
705.255; 3574.400;  117.525;    0.000
705.454; 3512.400;  126.525;    0.000
705.652; 3636.400;  137.525;    0.000
705.851; 3540.400;   95.525;    0.000
706.050; 3682.400;  120.525;    0.000
706.249; 3516.400;   81.525;    0.000
706.447; 3695.400;  105.525;    0.000
706.646; 3719.400;  107.525;    0.000
706.845; 3769.400;  104.525;    0.000
707.043; 3638.400;  136.525;    0.000
707.242; 3575.400;   89.525;    0.000
707.441; 3680.400;  147.525;    0.000
707.639; 3668.400;  156.525;    0.000
707.838; 3619.400;  114.525;    0.000
708.037; 3560.400;  100.525;    0.000
708.235; 3694.400;  103.525;    0.000
708.434; 3707.400;  102.525;    0.000
708.632; 3659.400;  100.525;    0.000
708.831; 3728.400;  121.525;    0.000
709.029; 3717.400;  102.525;    0.000
709.228; 3696.400;   88.525;    0.000
709.426; 3752.400;  135.525;    0.000
709.625; 3676.400;  128.525;    0.000
709.823; 3747.400;  123.525;    0.000
710.022; 3739.400;  137.525;    0.000
710.220; 3867.400;  134.525;    0.000
710.418; 3791.400;  122.525;    0.000
710.617; 3777.400;   64.525;    0.000
710.815; 3830.400;   94.525;    0.000
711.013; 3784.400;  127.525;    0.000
711.212; 3848.400;  105.525;    0.000
711.410; 3832.400;  117.525;    0.000
711.608; 3853.400;  114.525;    0.000
711.807; 3796.400;  119.525;    0.000
712.005; 3887.400;   92.525;    0.000
712.203; 3853.400;   95.525;    0.000
712.401; 3765.400;  107.525;    0.000
712.599; 3783.400;  127.525;    0.000
712.798; 3913.400;  120.525;    0.000
712.996; 3870.400;   76.525;    0.000
713.194; 3995.400;  118.525;    0.000
713.392; 3927.400;   60.525;    0.000
713.590; 4034.400;   92.525;    0.000
713.788; 4017.400;  110.525;    0.000
713.986; 3940.400;  130.525;    0.000
714.184; 3950.400;   71.525;    0.000
714.382; 4030.400;   86.525;    0.000
714.580; 3982.400;   74.525;    0.000
714.778; 4125.400;  133.525;    0.000
714.976; 4183.400;   81.525;    0.000
715.174; 4220.400;  100.525;    0.000
715.372; 4410.400;  141.525;    0.000
715.570; 4624.400;   73.525;    0.000
715.768; 4791.400;  119.525;    0.000
715.966; 4836.400;   81.525;    0.000
716.164; 4737.400;  130.525;    0.000
716.362; 4618.400;  125.525;    0.000
716.560; 4677.400;  109.525;    0.000
716.758; 4480.400;   96.525;    0.000
716.955; 4409.400;   83.525;    0.000
717.153; 4441.400;   87.525;    0.000
717.351; 4462.400;  123.525;    0.000
717.549; 4433.400;  121.525;    0.000
717.746; 4359.400;  128.525;    0.000
717.944; 4501.400;  132.525;    0.000
718.142; 4267.400;  120.525;    0.000
718.340; 4390.400;   94.525;    0.000
718.537; 4253.400;   95.525;    0.000
718.735; 4458.400;  152.525;    0.000
718.933; 4355.400;  124.525;    0.000
719.130; 4382.400;  114.525;    0.000
719.328; 4308.400;   63.525;    0.000
719.525; 4383.400;  146.525;    0.000
719.723; 4310.400;   96.525;    0.000
719.920; 4278.400;  120.525;    0.000
720.118; 4270.400;   59.525;    0.000
720.316; 4255.400;  116.525;    0.000
720.513; 4332.400;  127.525;    0.000
720.711; 4172.400;  110.525;    0.000
720.908; 4264.400;   92.525;    0.000
721.105; 4368.400;  138.525;    0.000
721.303; 4466.400;   90.525;    0.000
721.500; 4297.400;  126.525;    0.000
721.698; 4343.400;  103.525;    0.000
721.895; 4369.400;  206.525;    0.000
722.092; 4319.400;   63.525;    0.000
722.290; 4334.400;  123.525;    0.000
722.487; 4295.400;  137.525;    0.000
722.684; 4272.400;  126.525;    0.000
722.882; 4357.400;  119.525;    0.000
723.079; 4288.400;  132.525;    0.000
723.276; 4312.400;   98.525;    0.000
723.473; 4494.400;   97.525;    0.000
723.671; 4307.400;   43.525;    0.000
723.868; 4397.400;  142.525;    0.000
724.065; 4421.400;  102.525;    0.000
724.262; 4543.400;  119.525;    0.000
724.459; 4336.400;   73.525;    0.000
724.656; 4480.400;  128.525;    0.000
724.854; 4531.400;  135.525;    0.000
725.051; 4471.400;   81.525;    0.000
725.248; 4526.400;   88.525;    0.000
725.445; 4381.400;  129.525;    0.000
725.642; 4323.400;   76.525;    0.000
725.839; 4420.400;  134.525;    0.000
726.036; 4314.400;  101.525;    0.000
726.233; 4390.400;   68.525;    0.000
726.430; 4439.400;  121.525;    0.000
726.627; 4468.400;  136.525;    0.000
726.824; 4499.400;   87.525;    0.000
727.021; 4482.400;  141.525;    0.000
727.218; 4502.400;   92.525;    0.000
727.414; 4438.400;  121.525;    0.000
727.611; 4533.400;  100.525;    0.000
727.808; 4610.400;  130.525;    0.000
728.005; 4562.400;   83.525;    0.000
728.202; 4620.400;  120.525;    0.000
728.399; 4554.400;   75.525;    0.000
728.595; 4453.400;  148.525;    0.000
728.792; 4568.400;   79.525;    0.000
728.989; 4632.400;   86.525;    0.000
729.186; 4501.400;   80.525;    0.000
729.382; 4550.400;   72.525;    0.000
729.579; 4551.400;  112.525;    0.000
729.776; 4571.400;  106.525;    0.000
729.972; 4529.400;   77.525;    0.000
730.169; 4571.400;  118.525;    0.000
730.366; 4614.400;   92.525;    0.000
730.562; 4576.400;  104.525;    0.000
730.759; 4526.400;   95.525;    0.000
730.955; 4515.400;   85.525;    0.000
731.152; 4612.400;   79.525;    0.000
731.348; 4572.400;   72.525;    0.000
731.545; 4579.400;   56.525;    0.000
731.741; 4584.400;  106.525;    0.000
731.938; 4658.400;  113.525;    0.000
732.134; 4629.400;  106.525;    0.000
732.331; 4641.400;   82.525;    0.000
732.527; 4548.400;   80.525;    0.000
732.724; 4545.400;   97.525;    0.000
732.920; 4662.400;  127.525;    0.000
733.116; 4709.400;  115.525;    0.000
733.313; 4639.400;  153.525;    0.000
733.509; 4745.400;   76.525;    0.000
733.705; 4779.400;  159.525;    0.000
733.902; 4718.400;   82.525;    0.000
734.098; 4647.400;   70.525;    0.000
734.294; 4634.400;  105.525;    0.000
734.490; 4677.400;  110.525;    0.000
734.687; 4788.400;  102.525;    0.000
734.883; 4640.400;   77.525;    0.000
735.079; 4740.400;   93.525;    0.000
735.275; 4712.400;  109.525;    0.000
735.471; 4601.400;   99.525;    0.000
735.667; 4699.400;  107.525;    0.000
735.863; 4661.400;   89.525;    0.000
736.060; 4933.400;  105.525;    0.000
736.256; 4755.400;  113.525;    0.000
736.452; 4775.400;   90.525;    0.000
736.648; 4828.400;   88.525;    0.000
736.844; 4811.400;  129.525;    0.000
737.040; 4793.400;  139.525;    0.000
737.236; 5038.400;  129.525;    0.000
737.432; 4820.400;   67.525;    0.000
737.628; 4939.400;  104.525;    0.000
737.824; 4770.400;  111.525;    0.000
738.019; 4811.400;  116.525;    0.000
738.215; 4896.400;  135.525;    0.000
738.411; 4939.400;  118.525;    0.000
738.607; 4968.400;   58.525;    0.000
738.803; 4838.400;   32.525;    0.000
738.999; 4922.400;  120.525;    0.000
739.195; 5019.400;   76.525;    0.000
739.390; 5112.400;  119.525;    0.000
739.586; 4945.400;   83.525;    0.000
739.782; 5076.400;  134.525;    0.000
739.978; 5042.400;  122.525;    0.000
740.173; 5044.400;   96.525;    0.000
740.369; 5101.400;   86.525;    0.000
740.565; 5129.400;  122.525;    0.000
740.760; 5147.400;   99.525;    0.000
740.956; 5248.400;  137.525;    0.000
741.152; 5221.400;  108.525;    0.000
741.347; 5183.400;   65.525;    0.000
741.543; 5183.400;   73.525;    0.000
741.738; 5442.400;  142.525;    0.000
741.934; 5499.400;  131.525;    0.000
742.129; 5789.400;   66.525;    0.000
742.325; 6310.400;  143.525;    0.000
742.520; 6830.400;  119.525;    0.000
742.716; 6664.400;  109.525;    0.000
742.911; 6354.400;   62.525;    0.000
743.107; 6303.400;  119.525;    0.000
743.302; 6172.400;   78.525;    0.000
743.498; 6246.400;  130.525;    0.000
743.693; 6103.400;   75.525;    0.000
743.888; 6422.400;  135.525;    0.000
744.084; 7322.400;  106.525;    0.000
744.279; 8847.400;  101.525;    0.000
744.474; 8804.400;   91.525;    0.000
744.670; 7936.400;  144.525;    0.000
744.865; 7334.400;  128.525;    0.000
745.060; 6926.400;   63.525;    0.000
745.255; 6912.400;  155.525;    0.000
745.451; 6613.400;  110.525;    0.000
745.646; 6657.400;  150.525;    0.000
745.841; 6610.400;  128.525;    0.000
746.036; 6586.400;  110.525;    0.000
746.231; 6837.400;  126.525;    0.000
746.426; 6939.400;   83.525;    0.000
746.622; 8177.400;  157.525;    0.000
746.817;10192.400;  112.525;    0.000
747.012;11316.400;  115.525;    0.000
747.207;10209.400;  161.525;    0.000
747.402; 9248.400;   88.525;    0.000
747.597; 8497.400;  103.525;    0.000
747.792; 8157.400;  152.525;    0.000
747.987; 7753.400;   80.525;    0.000
748.182; 7535.400;   89.525;    0.000
748.377; 7381.400;  104.525;    0.000
748.572; 7229.400;  138.525;    0.000
748.767; 6871.400;  100.525;    0.000
748.961; 6751.400;  106.525;    0.000
749.156; 6584.400;  113.525;    0.000
749.351; 6427.400;  116.525;    0.000
749.546; 6245.400;  107.525;    0.000
749.741; 6210.400;  102.525;    0.000
749.936; 6158.400;  105.525;    0.000
750.130; 6055.400;  111.525;    0.000
750.325; 6054.400;   72.525;    0.000
750.520; 6029.400;   96.525;    0.000
750.715; 6076.400;  135.525;    0.000
750.909; 5998.400;  107.525;    0.000
751.104; 5932.400;  106.525;    0.000
751.299; 6030.400;  144.525;    0.000
751.493; 6049.400;  116.525;    0.000
751.688; 5857.400;   96.525;    0.000
751.882; 5760.400;   92.525;    0.000
752.077; 5873.400;  109.525;    0.000
752.272; 5640.400;   96.525;    0.000
752.466; 5683.400;  110.525;    0.000
752.661; 5677.400;  120.525;    0.000
752.855; 5669.400;   70.525;    0.000
753.050; 5641.400;  129.525;    0.000
753.244; 5647.400;  126.525;    0.000
753.439; 5456.400;  115.525;    0.000
753.633; 5385.400;  120.525;    0.000
753.828; 5439.400;  129.525;    0.000
754.022; 5443.400;  139.525;    0.000
754.216; 5508.400;  121.525;    0.000
754.411; 5415.400;  108.525;    0.000
754.605; 5429.400;   94.525;    0.000
754.799; 5478.400;  125.525;    0.000
754.994; 5498.400;  160.525;    0.000
755.188; 5465.400;  151.525;    0.000
755.382; 5356.400;  102.525;    0.000
755.576; 5359.400;  103.525;    0.000
755.771; 5290.400;   99.525;    0.000
755.965; 5472.400;  158.525;    0.000
756.159; 5451.400;   96.525;    0.000
756.353; 5361.400;  157.525;    0.000
756.547; 5328.400;  132.525;    0.000
756.742; 5242.400;  106.525;    0.000
756.936; 5233.400;  113.525;    0.000
757.130; 5348.400;  114.525;    0.000
757.324; 5315.400;  111.525;    0.000
757.518; 5291.400;  142.525;    0.000
757.712; 5412.400;  137.525;    0.000
757.906; 5285.400;   93.525;    0.000
758.100; 5365.400;  119.525;    0.000
758.294; 5318.400;  132.525;    0.000
758.488; 5272.400;  153.525;    0.000
758.682; 5289.400;  101.525;    0.000
758.876; 5251.400;  129.525;    0.000
759.070; 5223.400;  168.525;    0.000
759.264; 5324.400;   96.525;    0.000
759.458; 5249.400;  117.525;    0.000
759.651; 5283.400;  135.525;    0.000
759.845; 5184.400;  127.525;    0.000
760.039; 5318.400;  120.525;    0.000
760.233; 5345.400;  124.525;    0.000
760.427; 5241.400;  115.525;    0.000
760.620; 5166.400;  130.525;    0.000
760.814; 5197.400;  102.525;    0.000
761.008; 5420.400;  174.525;    0.000
761.202; 5381.400;  132.525;    0.000
761.395; 5197.400;  126.525;    0.000
761.589; 5268.400;  133.525;    0.000
761.783; 5319.400;  147.525;    0.000
761.976; 5297.400;  147.525;    0.000
762.170; 5271.400;  174.525;    0.000
762.363; 5299.400;   97.525;    0.000
762.557; 5343.400;  141.525;    0.000
762.750; 5224.400;  112.525;    0.000
762.944; 5345.400;  110.525;    0.000
763.138; 5348.400;  125.525;    0.000
763.331; 5298.400;  101.525;    0.000
763.524; 5376.400;  101.525;    0.000
763.718; 5519.400;  156.525;    0.000
763.911; 5453.400;  143.525;    0.000
764.105; 5401.400;  139.525;    0.000
764.298; 5366.400;   89.525;    0.000
764.492; 5367.400;  111.525;    0.000
764.685; 5380.400;  136.525;    0.000
764.878; 5309.400;  146.525;    0.000
765.072; 5369.400;  110.525;    0.000
765.265; 5440.400;  141.525;    0.000
765.458; 5446.400;   82.525;    0.000
765.651; 5457.400;  144.525;    0.000
765.845; 5429.400;   79.525;    0.000
766.038; 5507.400;  123.525;    0.000
766.231; 5957.400;  125.525;    0.000
766.424; 8546.400;  131.525;    0.000
766.617; 8829.400;   62.525;    0.000
766.811; 5883.400;  142.525;    0.000
767.004; 5578.400;  134.525;    0.000
767.197; 5559.400;  147.525;    0.000
767.390; 5438.400;  100.525;    0.000
767.583; 5635.400;  121.525;    0.000
767.776; 5596.400;   91.525;    0.000
767.969; 5570.400;  113.525;    0.000
768.162; 5662.400;  170.525;    0.000
768.355; 5492.400;  134.525;    0.000
768.548; 5520.400;  177.525;    0.000
768.741; 5607.400;   96.525;    0.000
768.934; 5696.400;  143.525;    0.000
769.127; 5582.400;  147.525;    0.000
769.320; 5671.400;   93.525;    0.000
769.513; 5701.400;  137.525;    0.000
769.706; 6298.400;   96.525;    0.000
769.898; 8361.400;  118.525;    0.000
770.091; 6948.400;  138.525;    0.000
770.284; 5852.400;  133.525;    0.000
770.477; 5933.400;  137.525;    0.000
770.670; 5958.400;  124.525;    0.000
770.862; 5899.400;  125.525;    0.000
771.055; 5839.400;  135.525;    0.000
771.248; 5889.400;  109.525;    0.000
771.441; 6079.400;  141.525;    0.000
771.633; 6008.400;  142.525;    0.000
771.826; 6052.400;  123.525;    0.000
772.018; 6074.400;  136.525;    0.000
772.211; 6209.400;  145.525;    0.000
772.404; 6200.400;  127.525;    0.000
772.596; 6309.400;  193.525;    0.000
772.789; 6359.400;   64.525;    0.000
772.981; 6476.400;  142.525;    0.000
773.174; 6389.400;  105.525;    0.000
773.366; 6479.400;  166.525;    0.000
773.559; 6585.400;  125.525;    0.000
773.751; 6704.400;  126.525;    0.000
773.944; 6889.400;  147.525;    0.000
774.136; 6871.400;  155.525;    0.000
774.329; 6996.400;  127.525;    0.000
774.521; 7175.400;  133.525;    0.000
774.713; 7401.400;  139.525;    0.000
774.906; 7627.400;  170.525;    0.000
775.098; 7814.400;  144.525;    0.000
775.290; 8335.400;  162.525;    0.000
775.483; 8670.400;  137.525;    0.000
775.675; 9181.400;  148.525;    0.000
775.867; 9546.400;   81.525;    0.000
776.059;10488.400;  134.525;    0.000
776.251;11508.400;  137.525;    0.000
776.444;12912.400;  155.525;    0.000
776.636;14985.400;  148.525;    0.000
776.828;18694.400;  129.525;    0.000
777.020;26087.400;  133.525;    0.000
777.212;37781.398;  137.525;    0.000
777.404;42201.398;  124.525;    0.000
777.596;39085.398;  142.525;    0.000
777.788;29648.400;  155.525;    0.000
777.980;22696.400;  119.525;    0.000
778.172;18643.400;  129.525;    0.000
778.364;15875.400;  122.525;    0.000
778.556;14181.400;  129.525;    0.000
778.748;12783.400;  178.525;    0.000
778.940;11683.400;  128.525;    0.000
779.132;10782.400;  145.525;    0.000
779.324; 9996.400;   89.525;    0.000
779.516; 9295.400;  161.525;    0.000
779.708; 8880.400;  183.525;    0.000
779.900; 8510.400;  124.525;    0.000
780.091; 8140.400;  143.525;    0.000
780.283; 7963.400;  135.525;    0.000
780.475; 7568.400;  129.525;    0.000
780.667; 7287.400;  178.525;    0.000
780.859; 7288.400;  146.525;    0.000
781.050; 6979.400;  156.525;    0.000
781.242; 6946.400;  138.525;    0.000
781.434; 6873.400;  117.525;    0.000
781.625; 6650.400;  161.525;    0.000
781.817; 6511.400;  127.525;    0.000
782.008; 6428.400;  138.525;    0.000
782.200; 6384.400;  139.525;    0.000
782.392; 6279.400;  179.525;    0.000
782.583; 6134.400;  137.525;    0.000
782.775; 6080.400;  162.525;    0.000
782.966; 6057.400;  159.525;    0.000
783.158; 5945.400;  118.525;    0.000
783.349; 5950.400;  160.525;    0.000
783.541; 5982.400;  139.525;    0.000
783.732; 5877.400;  145.525;    0.000
783.924; 5875.400;  146.525;    0.000
784.115; 5783.400;  125.525;    0.000
784.306; 5646.400;  118.525;    0.000
784.498; 5710.400;  144.525;    0.000
784.689; 5623.400;  145.525;    0.000
784.880; 5622.400;  137.525;    0.000
785.072; 5698.400;  157.525;    0.000
785.263; 5554.400;  149.525;    0.000
785.454; 5444.400;  128.525;    0.000
785.645; 5392.400;  131.525;    0.000
785.837; 5456.400;  137.525;    0.000
786.028; 5544.400;  161.525;    0.000
786.219; 5548.400;  155.525;    0.000
786.410; 5431.400;  146.525;    0.000
786.601; 5461.400;  120.525;    0.000
786.792; 5355.400;  179.525;    0.000
786.984; 5345.400;  113.525;    0.000
787.175; 5367.400;  156.525;    0.000
787.366; 5358.400;  131.525;    0.000
787.557; 5267.400;  138.525;    0.000
787.748; 5354.400;  112.525;    0.000
787.939; 5289.400;  115.525;    0.000
788.130; 5476.400;  150.525;    0.000
788.321; 5360.400;  122.525;    0.000
788.512; 5466.400;  147.525;    0.000
788.703; 5448.400;  126.525;    0.000
788.894; 5525.400;   80.525;    0.000
789.084; 5357.400;  127.525;    0.000
789.275; 5361.400;  141.525;    0.000
789.466; 5432.400;  108.525;    0.000
789.657; 5343.400;  137.525;    0.000
789.848; 5451.400;  126.525;    0.000
790.039; 5383.400;  144.525;    0.000
790.229; 5337.400;  105.525;    0.000
790.420; 5441.400;   96.525;    0.000
790.611; 5406.400;  171.525;    0.000
790.801; 5560.400;   89.525;    0.000
790.992; 5530.400;  140.525;    0.000
791.183; 5411.400;  143.525;    0.000
791.373; 5451.400;  128.525;    0.000
791.564; 5396.400;   96.525;    0.000
791.755; 5571.400;  111.525;    0.000
791.945; 5460.400;  112.525;    0.000
792.136; 5398.400;  124.525;    0.000
792.326; 5558.400;   88.525;    0.000
792.517; 5507.400;  130.525;    0.000
792.707; 5414.400;  144.525;    0.000
792.898; 5729.400;  120.525;    0.000
793.088; 5648.400;  106.525;    0.000
793.279; 5530.400;  104.525;    0.000
793.469; 5696.400;  103.525;    0.000
793.660; 5800.400;  120.525;    0.000
793.850; 5851.400;  106.525;    0.000
794.040; 6127.400;  135.525;    0.000
794.231; 6262.400;   80.525;    0.000
794.421; 6819.400;  120.525;    0.000
794.611; 7523.400;  154.525;    0.000
794.802; 8680.400;  103.525;    0.000
794.992; 9096.400;  120.525;    0.000
795.182; 9306.400;  156.525;    0.000
795.372; 8772.400;  104.525;    0.000
795.563; 7934.400;  153.525;    0.000
795.753; 7183.400;  112.525;    0.000
795.943; 6909.400;  128.525;    0.000
796.133; 6654.400;  128.525;    0.000
796.323; 6423.400;  152.525;    0.000
796.513; 6124.400;  123.525;    0.000
796.703; 5974.400;  134.525;    0.000
796.893; 5821.400;  120.525;    0.000
797.083; 5918.400;  136.525;    0.000
797.273; 5850.400;  128.525;    0.000
797.463; 5609.400;  140.525;    0.000
797.653; 5496.400;   75.525;    0.000
797.843; 5509.400;  114.525;    0.000
798.033; 5448.400;   90.525;    0.000
798.223; 5346.400;  136.525;    0.000
798.413; 5291.400;  164.525;    0.000
798.603; 5269.400;  150.525;    0.000
798.793; 5225.400;  137.525;    0.000
798.983; 5155.400;  119.525;    0.000
799.172; 5194.400;  136.525;    0.000
799.362; 5184.400;  138.525;    0.000
799.552; 5013.400;  123.525;    0.000
799.742; 5035.400;  117.525;    0.000
799.932; 5040.400;  108.525;    0.000
800.121; 5100.400;  152.525;    0.000
800.311; 4921.400;  117.525;    0.000
800.501; 4909.400;  100.525;    0.000
800.690; 5004.400;  139.525;    0.000
800.880; 4973.400;  138.525;    0.000
801.070; 4891.400;  120.525;    0.000
801.259; 4999.400;  143.525;    0.000
801.449; 4953.400;  110.525;    0.000
801.638; 4937.400;  140.525;    0.000
801.828; 4871.400;  103.525;    0.000
802.017; 4974.400;   78.525;    0.000
802.207; 4980.400;  126.525;    0.000
802.396; 4959.400;  151.525;    0.000
802.586; 4855.400;  106.525;    0.000
802.775; 4932.400;  152.525;    0.000
802.965; 4862.400;  117.525;    0.000
803.154; 4933.400;  171.525;    0.000
803.343; 4826.400;  126.525;    0.000
803.533; 4876.400;  135.525;    0.000
803.722; 4879.400;  144.525;    0.000
803.911; 4808.400;  109.525;    0.000
804.101; 4825.400;  146.525;    0.000
804.290; 4740.400;  115.525;    0.000
804.479; 4987.400;  128.525;    0.000
804.668; 4868.400;  156.525;    0.000
804.857; 4913.400;  151.525;    0.000
805.047; 4837.400;  131.525;    0.000
805.236; 4919.400;  144.525;    0.000
805.425; 4958.400;  160.525;    0.000
805.614; 4853.400;  112.525;    0.000
805.803; 4903.400;  120.525;    0.000
805.992; 4845.400;  148.525;    0.000
806.181; 4878.400;  108.525;    0.000
806.370; 4920.400;  142.525;    0.000
806.559; 4981.400;  116.525;    0.000
806.748; 5096.400;  108.525;    0.000
806.937; 4921.400;  110.525;    0.000
807.126; 4888.400;  126.525;    0.000
807.315; 4959.400;  121.525;    0.000
807.504; 5039.400;  102.525;    0.000
807.693; 4975.400;  134.525;    0.000
807.882; 5007.400;  135.525;    0.000
808.071; 5131.400;  135.525;    0.000
808.260; 5028.400;   93.525;    0.000
808.448; 5154.400;  151.525;    0.000
808.637; 5306.400;  105.525;    0.000
808.826; 5228.400;  178.525;    0.000
809.015; 5168.400;  152.525;    0.000
809.203; 5303.400;  147.525;    0.000
809.392; 5258.400;  144.525;    0.000
809.581; 5422.400;  167.525;    0.000
809.770; 5345.400;  151.525;    0.000
809.958; 5385.400;  128.525;    0.000
810.147; 5402.400;  152.525;    0.000
810.335; 5462.400;  160.525;    0.000
810.524; 5534.400;  130.525;    0.000
810.713; 5509.400;  128.525;    0.000
810.901; 5543.400;  140.525;    0.000
811.090; 5724.400;  152.525;    0.000
811.278; 5724.400;  126.525;    0.000
811.467; 5970.400;  161.525;    0.000
811.655; 6015.400;  184.525;    0.000
811.844; 6010.400;  148.525;    0.000
812.032; 5973.400;  138.525;    0.000
812.220; 6029.400;  157.525;    0.000
812.409; 6090.400;  143.525;    0.000
812.597; 6136.400;  124.525;    0.000
812.785; 6232.400;  170.525;    0.000
812.974; 6429.400;  135.525;    0.000
813.162; 6255.400;  135.525;    0.000
813.350; 6376.400;  182.525;    0.000
813.539; 6407.400;  126.525;    0.000
813.727; 6543.400;  127.525;    0.000
813.915; 6603.400;  140.525;    0.000
814.103; 6798.400;  176.525;    0.000
814.291; 6801.400;  115.525;    0.000
814.479; 6990.400;  119.525;    0.000
814.668; 7002.400;  134.525;    0.000
814.856; 7250.400;  120.525;    0.000
815.044; 7380.400;  164.525;    0.000
815.232; 7519.400;  146.525;    0.000
815.420; 7876.400;  154.525;    0.000
815.608; 8024.400;  137.525;    0.000
815.796; 8134.400;  108.525;    0.000
815.984; 8371.400;  134.525;    0.000
816.172; 8686.400;  123.525;    0.000
816.360; 9275.400;  181.525;    0.000
816.548; 9481.400;  139.525;    0.000
816.736;10012.400;  138.525;    0.000
816.924;10736.400;  151.525;    0.000
817.111;11430.400;  156.525;    0.000
817.299;12386.400;  147.525;    0.000
817.487;13841.400;  188.525;    0.000
817.675;15959.400;  129.525;    0.000
817.863;19025.400;  128.525;    0.000
818.050;26626.400;  110.525;    0.000
818.238;44000.398;  166.525;    0.000
818.426;57223.398;  136.525;    0.000
818.613;45332.398;  143.525;    0.000
818.801;37237.398;  150.525;    0.000
818.989;35334.398;  179.525;    0.000
819.176;38899.398;  123.525;    0.000
819.364;52496.398;  148.525;    0.000
819.552;65157.398;   86.525;    0.000
819.739;54685.398;  169.525;    0.000
819.927;42564.398;  130.525;    0.000
820.114;35450.398;  144.525;    0.000
820.302;30407.400;  166.525;    0.000
820.489;26888.400;  145.525;    0.000
820.677;24443.400;  101.525;    0.000
820.864;22511.400;  149.525;    0.000
821.052;21370.400;  130.525;    0.000
821.239;20694.400;  147.525;    0.000
821.426;20551.400;  121.525;    0.000
821.614;21912.400;  187.525;    0.000
821.801;22092.400;  105.525;    0.000
821.988;19974.400;  167.525;    0.000
822.176;19006.400;  130.525;    0.000
822.363;18938.400;  143.525;    0.000
822.550;17723.400;  108.525;    0.000
822.737;15947.400;  109.525;    0.000
822.924;15184.400;  156.525;    0.000
823.112;14276.400;  123.525;    0.000
823.299;13406.400;  128.525;    0.000
823.486;12900.400;  138.525;    0.000
823.673;12192.400;  125.525;    0.000
823.860;11755.400;  138.525;    0.000
824.047;11617.400;  122.525;    0.000
824.234;12380.400;  134.525;    0.000
824.421;12411.400;   95.525;    0.000
824.608;11113.400;  151.525;    0.000
824.795;10292.400;  117.525;    0.000
824.982; 9981.400;  143.525;    0.000
825.169; 9355.400;   83.525;    0.000
825.356; 9028.400;  126.525;    0.000
825.543; 8661.400;   92.525;    0.000
825.730; 8303.400;  113.525;    0.000
825.917; 8047.400;  142.525;    0.000
826.104; 7836.400;  182.525;    0.000
826.290; 7699.400;  137.525;    0.000
826.477; 7307.400;  126.525;    0.000
826.664; 7256.400;  135.525;    0.000
826.851; 7112.400;  139.525;    0.000
827.038; 6895.400;  135.525;    0.000
827.224; 6722.400;  143.525;    0.000
827.411; 6580.400;  153.525;    0.000
827.598; 6509.400;  122.525;    0.000
827.784; 6425.400;  138.525;    0.000
827.971; 6304.400;  134.525;    0.000
828.157; 6140.400;  152.525;    0.000
828.344; 5929.400;  135.525;    0.000
828.531; 6021.400;  137.525;    0.000
828.717; 5829.400;  117.525;    0.000
828.904; 5721.400;  127.525;    0.000
829.090; 5831.400;  172.525;    0.000
829.277; 5471.400;  144.525;    0.000
829.463; 5473.400;  159.525;    0.000
829.650; 5473.400;  187.525;    0.000
829.836; 5281.400;  138.525;    0.000
830.022; 5238.400;  196.525;    0.000
830.209; 5252.400;  118.525;    0.000
830.395; 5149.400;  148.525;    0.000
830.581; 5069.400;  108.525;    0.000
830.768; 5029.400;  137.525;    0.000
830.954; 4922.400;  162.525;    0.000
831.140; 4861.400;  117.525;    0.000
831.327; 4907.400;  176.525;    0.000
831.513; 4801.400;  162.525;    0.000
831.699; 4815.400;  157.525;    0.000
831.885; 4710.400;  153.525;    0.000
832.071; 4601.400;  123.525;    0.000
832.257; 4628.400;  142.525;    0.000
832.444; 4557.400;  165.525;    0.000
832.630; 4648.400;  159.525;    0.000
832.816; 4464.400;  145.525;    0.000
833.002; 4433.400;  120.525;    0.000
833.188; 4503.400;  145.525;    0.000
833.374; 4451.400;  137.525;    0.000
833.560; 4389.400;  152.525;    0.000
833.746; 4235.400;  139.525;    0.000
833.932; 4279.400;  170.525;    0.000
834.118; 4166.400;  111.525;    0.000
834.303; 4188.400;  141.525;    0.000
834.489; 4253.400;  146.525;    0.000
834.675; 4230.400;  156.525;    0.000
834.861; 4148.400;   87.525;    0.000
835.047; 4122.400;  134.525;    0.000
835.233; 4001.400;   89.525;    0.000
835.418; 4115.400;  145.525;    0.000
835.604; 4070.400;  136.525;    0.000
835.790; 3995.400;  132.525;    0.000
835.976; 4032.400;  161.525;    0.000
836.161; 3957.400;  157.525;    0.000
836.347; 3930.400;  147.525;    0.000
836.533; 3902.400;  116.525;    0.000
836.718; 3948.400;  168.525;    0.000
836.904; 4005.400;  199.525;    0.000
837.089; 3845.400;  165.525;    0.000
837.275; 3930.400;  166.525;    0.000
837.460; 3822.400;  144.525;    0.000
837.646; 3965.400;  164.525;    0.000
837.831; 3913.400;  122.525;    0.000
838.017; 4005.400;  163.525;    0.000
838.202; 3726.400;  139.525;    0.000
838.388; 3906.400;  174.525;    0.000
838.573; 3751.400;  140.525;    0.000
838.759; 3753.400;  167.525;    0.000
838.944; 3677.400;  142.525;    0.000
839.129; 3798.400;  164.525;    0.000
839.315; 3774.400;  129.525;    0.000
839.500; 3738.400;  150.525;    0.000
839.685; 3825.400;  118.525;    0.000
839.870; 3799.400;  177.525;    0.000
840.056; 3838.400;  144.525;    0.000
840.241; 3818.400;  121.525;    0.000
840.426; 3764.400;  131.525;    0.000
840.611; 3927.400;  177.525;    0.000
840.796; 3812.400;  173.525;    0.000
840.981; 3770.400;  156.525;    0.000
841.166; 3830.400;  145.525;    0.000
841.352; 3839.400;  150.525;    0.000
841.537; 3806.400;  143.525;    0.000
841.722; 3961.400;  165.525;    0.000
841.907; 3882.400;  184.525;    0.000
842.092; 3906.400;  171.525;    0.000
842.277; 4086.400;  155.525;    0.000
842.461; 4142.400;  152.525;    0.000
842.646; 4155.400;  107.525;    0.000
842.831; 4146.400;  160.525;    0.000
843.016; 4274.400;  160.525;    0.000
843.201; 4536.400;  164.525;    0.000
843.386; 4502.400;  134.525;    0.000
843.571; 4802.400;  132.525;    0.000
843.755; 4902.400;  158.525;    0.000
843.940; 5400.400;  152.525;    0.000
844.125; 6065.400;  154.525;    0.000
844.310; 6950.400;  147.525;    0.000
844.494; 8814.400;  158.525;    0.000
844.679;12108.400;  173.525;    0.000
844.864;11883.400;  152.525;    0.000
845.048; 9839.400;  139.525;    0.000
845.233; 8276.400;  200.525;    0.000
845.418; 7326.400;  139.525;    0.000
845.602; 6433.400;  147.525;    0.000
845.787; 5962.400;  148.525;    0.000
845.971; 5680.400;  170.525;    0.000
846.156; 5077.400;  136.525;    0.000
846.340; 4986.400;  146.525;    0.000
846.525; 4737.400;  188.525;    0.000
846.709; 4588.400;  128.525;    0.000
846.893; 4313.400;  151.525;    0.000
847.078; 4201.400;  164.525;    0.000
847.262; 4126.400;  155.525;    0.000
847.447; 3945.400;  114.525;    0.000
847.631; 3869.400;  148.525;    0.000
847.815; 3687.400;  114.525;    0.000
848.000; 3679.400;  134.525;    0.000
848.184; 3678.400;  154.525;    0.000
848.368; 3633.400;  145.525;    0.000
848.552; 3499.400;  122.525;    0.000
848.736; 3636.400;  139.525;    0.000
848.921; 3564.400;  143.525;    0.000
849.105; 3360.400;  145.525;    0.000
849.289; 3461.400;  173.525;    0.000
849.473; 3332.400;  147.525;    0.000
849.657; 3303.400;  144.525;    0.000
849.841; 3347.400;  168.525;    0.000
850.025; 3283.400;  205.525;    0.000
850.209; 3261.400;  171.525;    0.000
850.393; 3257.400;  130.525;    0.000
850.577; 3296.400;  146.525;    0.000
850.761; 3112.400;  188.525;    0.000
850.945; 3102.400;  137.525;    0.000
851.129; 3205.400;  192.525;    0.000
851.313; 3127.400;  199.525;    0.000
851.497; 3141.400;  165.525;    0.000
851.680; 3117.400;  196.525;    0.000
851.864; 3172.400;  169.525;    0.000
852.048; 3123.400;  156.525;    0.000
852.232; 3126.400;  150.525;    0.000
852.416; 3111.400;  219.525;    0.000
852.599; 3049.400;  168.525;    0.000
852.783; 3079.400;  165.525;    0.000
852.967; 3156.400;  166.525;    0.000
853.150; 3190.400;  191.525;    0.000
853.334; 3028.400;  158.525;    0.000
853.518; 3073.400;  168.525;    0.000
853.701; 2994.400;  125.525;    0.000
853.885; 3111.400;  165.525;    0.000
854.068; 2954.400;  142.525;    0.000
854.252; 3007.400;  167.525;    0.000
854.435; 3115.400;  146.525;    0.000
854.619; 3026.400;  163.525;    0.000
854.802; 3040.400;  167.525;    0.000
854.986; 3090.400;  163.525;    0.000
855.169; 3020.400;  146.525;    0.000
855.353; 3022.400;  183.525;    0.000
855.536; 3102.400;  140.525;    0.000
855.719; 3069.400;  168.525;    0.000
855.903; 3178.400;  170.525;    0.000
856.086; 3179.400;  145.525;    0.000
856.269; 3082.400;  126.525;    0.000
856.452; 3126.400;  142.525;    0.000
856.636; 3275.400;  140.525;    0.000
856.819; 3420.400;  127.525;    0.000
857.002; 3474.400;  165.525;    0.000
857.185; 3378.400;  111.525;    0.000
857.368; 3254.400;  143.525;    0.000
857.552; 3260.400;  174.525;    0.000
857.735; 3289.400;  194.525;    0.000
857.918; 3162.400;  171.525;    0.000
858.101; 3238.400;  142.525;    0.000
858.284; 3260.400;  118.525;    0.000
858.467; 3269.400;  163.525;    0.000
858.650; 3321.400;  149.525;    0.000
858.833; 3366.400;  120.525;    0.000
859.016; 3376.400;  169.525;    0.000
859.199; 3511.400;  121.525;    0.000
859.382; 3847.400;  184.525;    0.000
859.564; 4161.400;  139.525;    0.000
859.747; 3920.400;  126.525;    0.000
859.930; 3709.400;  109.525;    0.000
860.113; 3692.400;  137.525;    0.000
860.296; 3650.400;  182.525;    0.000
860.478; 3453.400;  136.525;    0.000
860.661; 3533.400;  157.525;    0.000
860.844; 3539.400;  129.525;    0.000
861.027; 3417.400;  163.525;    0.000
861.209; 3424.400;  151.525;    0.000
861.392; 3383.400;  124.525;    0.000
861.575; 3447.400;  163.525;    0.000
861.757; 3486.400;  205.525;    0.000
861.940; 3533.400;  180.525;    0.000
862.122; 3567.400;  148.525;    0.000
862.305; 3648.400;  128.525;    0.000
862.487; 3826.400;  172.525;    0.000
862.670; 4082.400;  123.525;    0.000
862.852; 4639.400;  126.525;    0.000
863.035; 5560.400;  174.525;    0.000
863.217; 5395.400;  160.525;    0.000
863.400; 5000.400;  164.525;    0.000
863.582; 4640.400;  118.525;    0.000
863.764; 4486.400;  143.525;    0.000
863.947; 4147.400;  137.525;    0.000
864.129; 4128.400;  166.525;    0.000
864.311; 3971.400;  128.525;    0.000
864.493; 3969.400;  153.525;    0.000
864.676; 3876.400;  156.525;    0.000
864.858; 3768.400;  159.525;    0.000
865.040; 3861.400;  163.525;    0.000
865.222; 3856.400;  138.525;    0.000
865.404; 4037.400;  157.525;    0.000
865.587; 4115.400;  184.525;    0.000
865.769; 4331.400;  178.525;    0.000
865.951; 4247.400;  104.525;    0.000
866.133; 4277.400;  147.525;    0.000
866.315; 4279.400;  141.525;    0.000
866.497; 4270.400;  132.525;    0.000
866.679; 4416.400;  139.525;    0.000
866.861; 4522.400;  118.525;    0.000
867.043; 4763.400;  154.525;    0.000
867.225; 4984.400;  147.525;    0.000
867.407; 5302.400;  158.525;    0.000
867.589; 6025.400;  172.525;    0.000
867.770; 7216.400;  159.525;    0.000
867.952; 9858.400;  149.525;    0.000
868.134;12749.400;  156.525;    0.000
868.316;12744.400;  171.525;    0.000
868.498;12419.400;  200.525;    0.000
868.679;10661.400;  174.525;    0.000
868.861; 9178.400;  175.525;    0.000
869.043; 7593.400;  174.525;    0.000
869.224; 6733.400;  122.525;    0.000
869.406; 6300.400;  166.525;    0.000
869.588; 5799.400;  143.525;    0.000
869.769; 5574.400;  152.525;    0.000
869.951; 5459.400;  165.525;    0.000
870.132; 5467.400;  115.525;    0.000
870.314; 6045.400;  139.525;    0.000
870.495; 6196.400;  168.525;    0.000
870.677; 5612.400;  188.525;    0.000
870.858; 5332.400;  123.525;    0.000
871.040; 5720.400;  170.525;    0.000
871.221; 6377.400;  148.525;    0.000
871.403; 6069.400;  140.525;    0.000
871.584; 5643.400;  174.525;    0.000
871.765; 5681.400;  168.525;    0.000
871.947; 6053.400;  191.525;    0.000
872.128; 5473.400;  132.525;    0.000
872.309; 4741.400;  140.525;    0.000
872.491; 4316.400;  157.525;    0.000
872.672; 4225.400;  130.525;    0.000
872.853; 4107.400;  148.525;    0.000
873.034; 4003.400;  138.525;    0.000
873.215; 3781.400;  152.525;    0.000
873.396; 3679.400;  149.525;    0.000
873.578; 3435.400;  173.525;    0.000
873.759; 3354.400;  158.525;    0.000
873.940; 3222.400;  147.525;    0.000
874.121; 3309.400;  136.525;    0.000
874.302; 3102.400;  151.525;    0.000
874.483; 3110.400;  137.525;    0.000
874.664; 3170.400;  163.525;    0.000
874.845; 3024.400;  124.525;    0.000
875.026; 3149.400;  134.525;    0.000
875.207; 2940.400;  164.525;    0.000
875.388; 2820.400;  163.525;    0.000
875.568; 2854.400;  176.525;    0.000
875.749; 2869.400;  108.525;    0.000
875.930; 2889.400;  191.525;    0.000
876.111; 2827.400;  170.525;    0.000
876.292; 2693.400;  180.525;    0.000
876.472; 2824.400;  150.525;    0.000
876.653; 2681.400;  162.525;    0.000
876.834; 2655.400;  176.525;    0.000
877.015; 2690.400;  203.525;    0.000
877.195; 2677.400;  178.525;    0.000
877.376; 2677.400;  141.525;    0.000
877.556; 2669.400;  135.525;    0.000
877.737; 2654.400;  174.525;    0.000
877.918; 2592.400;  150.525;    0.000
878.098; 2539.400;  133.525;    0.000
878.279; 2601.400;  129.525;    0.000
878.459; 2593.400;  162.525;    0.000
878.640; 2678.400;  187.525;    0.000
878.820; 2563.400;  151.525;    0.000
879.000; 2530.400;  159.525;    0.000
879.181; 2519.400;  171.525;    0.000
879.361; 2605.400;  167.525;    0.000
879.542; 2498.400;  126.525;    0.000
879.722; 2484.400;  152.525;    0.000
879.902; 2572.400;  144.525;    0.000
880.083; 2524.400;  154.525;    0.000
880.263; 2525.400;  148.525;    0.000
880.443; 2652.400;  185.525;    0.000
880.623; 2819.400;  172.525;    0.000
880.803; 3023.400;  152.525;    0.000
880.984; 2791.400;  165.525;    0.000
881.164; 2745.400;  164.525;    0.000
881.344; 2583.400;  141.525;    0.000
881.524; 2622.400;  160.525;    0.000
881.704; 2686.400;  164.525;    0.000
881.884; 2796.400;  159.525;    0.000
882.064; 2983.400;  158.525;    0.000
882.244; 2962.400;  147.525;    0.000
882.424; 2876.400;  160.525;    0.000
882.604; 2712.400;  150.525;    0.000
882.784; 2683.400;  138.525;    0.000
882.964; 2554.400;  157.525;    0.000
883.144; 2560.400;  128.525;    0.000
883.324; 2567.400;  220.525;    0.000
883.504; 2489.400;  177.525;    0.000
883.683; 2462.400;  159.525;    0.000
883.863; 2440.400;  143.525;    0.000
884.043; 2451.400;  156.525;    0.000
884.223; 2380.400;  152.525;    0.000
884.402; 2417.400;  169.525;    0.000
884.582; 2378.400;  162.525;    0.000
884.762; 2431.400;  172.525;    0.000
884.941; 2410.400;  220.525;    0.000
885.121; 2335.400;  128.525;    0.000
885.301; 2385.400;  141.525;    0.000
885.480; 2372.400;  141.525;    0.000
885.660; 2318.400;  132.525;    0.000
885.839; 2326.400;  146.525;    0.000
886.019; 2372.400;  170.525;    0.000
886.198; 2365.400;  143.525;    0.000
886.378; 2233.400;  159.525;    0.000
886.557; 2254.400;  148.525;    0.000
886.737; 2276.400;  125.525;    0.000
886.916; 2291.400;  177.525;    0.000
887.095; 2337.400;  186.525;    0.000
887.275; 2309.400;  134.525;    0.000
887.454; 2290.400;  148.525;    0.000
887.633; 2259.400;  171.525;    0.000
887.813; 2306.400;  187.525;    0.000
887.992; 2279.400;  157.525;    0.000
888.171; 2263.400;  143.525;    0.000
888.350; 2232.400;  182.525;    0.000
888.530; 2208.400;  142.525;    0.000
888.709; 2150.400;  160.525;    0.000
888.888; 2226.400;  197.525;    0.000
889.067; 2216.400;  126.525;    0.000
889.246; 2271.400;  197.525;    0.000
889.425; 2279.400;  161.525;    0.000
889.604; 2272.400;  180.525;    0.000
889.783; 2326.400;  135.525;    0.000
889.962; 2281.400;  107.525;    0.000
890.141; 2298.400;  167.525;    0.000
890.320; 2202.400;  149.525;    0.000
890.499; 2227.400;  194.525;    0.000
890.678; 2252.400;  138.525;    0.000
890.857; 2243.400;  146.525;    0.000
891.036; 2262.400;  178.525;    0.000
891.214; 2224.400;  151.525;    0.000
891.393; 2236.400;  137.525;    0.000
891.572; 2307.400;  177.525;    0.000
891.751; 2174.400;  149.525;    0.000
891.930; 2192.400;  189.525;    0.000
892.108; 2197.400;  136.525;    0.000
892.287; 2255.400;  129.525;    0.000
892.466; 2230.400;  163.525;    0.000
892.644; 2264.400;  147.525;    0.000
892.823; 2187.400;  127.525;    0.000
893.001; 2157.400;  192.525;    0.000
893.180; 2176.400;  157.525;    0.000
893.359; 2240.400;  176.525;    0.000
893.537; 2225.400;  146.525;    0.000
893.716; 2192.400;  154.525;    0.000
893.894; 2155.400;  166.525;    0.000
894.073; 2211.400;  163.525;    0.000
894.251; 2193.400;  166.525;    0.000
894.429; 2179.400;  149.525;    0.000
894.608; 2223.400;  141.525;    0.000
894.786; 2220.400;  139.525;    0.000
894.964; 2200.400;  180.525;    0.000
895.143; 2209.400;  193.525;    0.000
895.321; 2250.400;  163.525;    0.000
895.499; 2116.400;  163.525;    0.000
895.677; 2211.400;  194.525;    0.000
895.856; 2305.400;  176.525;    0.000
896.034; 2235.400;  173.525;    0.000
896.212; 2236.400;  180.525;    0.000
896.390; 2203.400;  146.525;    0.000
896.568; 2264.400;  167.525;    0.000
896.746; 2257.400;  158.525;    0.000
896.924; 2178.400;  163.525;    0.000
897.102; 2225.400;  170.525;    0.000
897.280; 2198.400;  159.525;    0.000
897.458; 2321.400;  182.525;    0.000
897.636; 2113.400;  151.525;    0.000
897.814; 2234.400;  130.525;    0.000
897.992; 2227.400;  213.525;    0.000
898.170; 2220.400;  164.525;    0.000
898.348; 2269.400;  159.525;    0.000
898.526; 2245.400;  182.525;    0.000
898.704; 2284.400;  209.525;    0.000
898.882; 2262.400;  145.525;    0.000
899.059; 2283.400;  172.525;    0.000
899.237; 2251.400;  172.525;    0.000
899.415; 2337.400;  211.525;    0.000
899.593; 2279.400;  151.525;    0.000
899.770; 2214.400;  147.525;    0.000
899.948; 2334.400;  218.525;    0.000
900.125; 2330.400;  166.525;    0.000
900.303; 2295.400;  146.525;    0.000
900.481; 2290.400;  174.525;    0.000
900.658; 2320.400;  198.525;    0.000
900.836; 2304.400;  125.525;    0.000
901.013; 2340.400;  197.525;    0.000
901.191; 2322.400;  181.525;    0.000
901.368; 2326.400;  185.525;    0.000
901.546; 2433.400;  197.525;    0.000
901.723; 2497.400;  205.525;    0.000
901.901; 2463.400;  187.525;    0.000
902.078; 2548.400;  163.525;    0.000
902.255; 2610.400;  141.525;    0.000
902.433; 2499.400;  183.525;    0.000
902.610; 2557.400;  181.525;    0.000
902.787; 2546.400;  174.525;    0.000
902.964; 2587.400;  174.525;    0.000
903.142; 2714.400;  141.525;    0.000
903.319; 2866.400;  214.525;    0.000
903.496; 2777.400;  187.525;    0.000
903.673; 2892.400;  183.525;    0.000
903.850; 2846.400;  125.525;    0.000
904.027; 2940.400;  197.525;    0.000
904.204; 2992.400;  197.525;    0.000
904.381; 3221.400;  196.525;    0.000
904.558; 3667.400;  176.525;    0.000
904.735; 4150.400;  179.525;    0.000
904.912; 4095.400;  203.525;    0.000
905.089; 4047.400;  159.525;    0.000
905.266; 3819.400;  176.525;    0.000
905.443; 3588.400;  184.525;    0.000
905.620; 3418.400;  168.525;    0.000
905.797; 3196.400;  214.525;    0.000
905.974; 3176.400;  154.525;    0.000
906.151; 3078.400;  132.525;    0.000
906.327; 3221.400;  192.525;    0.000
906.504; 3036.400;  186.525;    0.000
906.681; 2857.400;  171.525;    0.000
906.858; 2889.400;  181.525;    0.000
907.034; 2854.400;  164.525;    0.000
907.211; 2793.400;  184.525;    0.000
907.388; 2715.400;  177.525;    0.000
907.564; 2739.400;  150.525;    0.000
907.741; 2609.400;  195.525;    0.000
907.917; 2624.400;  190.525;    0.000
908.094; 2637.400;  214.525;    0.000
908.271; 2618.400;  173.525;    0.000
908.447; 2590.400;  229.525;    0.000
908.623; 2571.400;  162.525;    0.000
908.800; 2519.400;  195.525;    0.000
908.976; 2513.400;  171.525;    0.000
909.153; 2480.400;  167.525;    0.000
909.329; 2402.400;  227.525;    0.000
909.505; 2436.400;  167.525;    0.000
909.682; 2418.400;  174.525;    0.000
909.858; 2385.400;  158.525;    0.000
910.034; 2333.400;  188.525;    0.000
910.211; 2372.400;  158.525;    0.000
910.387; 2345.400;  208.525;    0.000
910.563; 2330.400;  203.525;    0.000
910.739; 2325.400;  201.525;    0.000
910.915; 2355.400;  170.525;    0.000
911.091; 2333.400;  171.525;    0.000
911.268; 2291.400;  220.525;    0.000
911.444; 2300.400;  202.525;    0.000
911.620; 2265.400;  175.525;    0.000
911.796; 2366.400;  175.525;    0.000
911.972; 2287.400;  164.525;    0.000
912.148; 2314.400;  174.525;    0.000
912.324; 2399.400;  155.525;    0.000
912.500; 2351.400;  156.525;    0.000
912.676; 2368.400;  138.525;    0.000
912.851; 2318.400;  158.525;    0.000
913.027; 2338.400;  161.525;    0.000
913.203; 2328.400;  168.525;    0.000
913.379; 2348.400;  172.525;    0.000
913.555; 2295.400;  193.525;    0.000
913.730; 2334.400;  149.525;    0.000
913.906; 2280.400;  159.525;    0.000
914.082; 2299.400;  184.525;    0.000
914.258; 2293.400;  194.525;    0.000
914.433; 2226.400;  175.525;    0.000
914.609; 2384.400;  175.525;    0.000
914.784; 2263.400;  170.525;    0.000
914.960; 2238.400;  212.525;    0.000
915.136; 2175.400;  157.525;    0.000
915.311; 2322.400;  204.525;    0.000
915.487; 2285.400;  180.525;    0.000
915.662; 2364.400;  203.525;    0.000
915.838; 2306.400;  194.525;    0.000
916.013; 2414.400;  217.525;    0.000
916.189; 2312.400;  196.525;    0.000
916.364; 2309.400;  236.525;    0.000
916.539; 2323.400;  192.525;    0.000
916.715; 2284.400;  181.525;    0.000
916.890; 2368.400;  185.525;    0.000
917.065; 2285.400;  166.525;    0.000
917.240; 2279.400;  182.525;    0.000
917.416; 2328.400;  188.525;    0.000
917.591; 2287.400;  185.525;    0.000
917.766; 2309.400;  187.525;    0.000
917.941; 2389.400;  181.525;    0.000
918.116; 2290.400;  207.525;    0.000
918.292; 2259.400;  140.525;    0.000
918.467; 2290.400;  187.525;    0.000
918.642; 2387.400;  208.525;    0.000
918.817; 2373.400;  203.525;    0.000
918.992; 2318.400;  162.525;    0.000
919.167; 2368.400;  206.525;    0.000
919.342; 2358.400;  188.525;    0.000
919.517; 2394.400;  190.525;    0.000
919.692; 2405.400;  174.525;    0.000
919.867; 2510.400;  181.525;    0.000
920.041; 2453.400;  179.525;    0.000
920.216; 2390.400;  186.525;    0.000
920.391; 2500.400;  209.525;    0.000
920.566; 2529.400;  205.525;    0.000
920.741; 2596.400;  205.525;    0.000
920.915; 2735.400;  206.525;    0.000
921.090; 2830.400;  219.525;    0.000
921.265; 3393.400;  185.525;    0.000
921.439; 3863.400;  171.525;    0.000
921.614; 3495.400;  197.525;    0.000
921.789; 3260.400;  189.525;    0.000
921.963; 3092.400;  210.525;    0.000
922.138; 2963.400;  171.525;    0.000
922.312; 2910.400;  194.525;    0.000
922.487; 2836.400;  231.525;    0.000
922.661; 3023.400;  179.525;    0.000
922.836; 3393.400;  213.525;    0.000
923.010; 3438.400;  182.525;    0.000
923.185; 3338.400;  239.525;    0.000
923.359; 3149.400;  200.525;    0.000
923.534; 3076.400;  232.525;    0.000
923.708; 3253.400;  221.525;    0.000
923.882; 3386.400;  193.525;    0.000
924.057; 3262.400;  204.525;    0.000
924.231; 2931.400;  172.525;    0.000
924.405; 2897.400;  202.525;    0.000
924.579; 2887.400;  207.525;    0.000
924.753; 2866.400;  167.525;    0.000
924.928; 2830.400;  202.525;    0.000
925.102; 2860.400;  200.525;    0.000
925.276; 2953.400;  185.525;    0.000
925.450; 2840.400;  170.525;    0.000
925.624; 2840.400;  176.525;    0.000
925.798; 2894.400;  221.525;    0.000
925.972; 3041.400;  162.525;    0.000
926.146; 3127.400;  207.525;    0.000
926.320; 3369.400;  185.525;    0.000
926.494; 3629.400;  192.525;    0.000
926.668; 3866.400;  179.525;    0.000
926.842; 3939.400;  181.525;    0.000
927.016; 3872.400;  224.525;    0.000
927.190; 3933.400;  193.525;    0.000
927.363; 3695.400;  194.525;    0.000
927.537; 3782.400;  210.525;    0.000
927.711; 3478.400;  153.525;    0.000
927.885; 3587.400;  184.525;    0.000
928.058; 3459.400;  197.525;    0.000
928.232; 3398.400;  219.525;    0.000
928.406; 3324.400;  175.525;    0.000
928.579; 3204.400;  179.525;    0.000
928.753; 3178.400;  208.525;    0.000
928.927; 3046.400;  163.525;    0.000
929.100; 3058.400;  138.525;    0.000
929.274; 2995.400;  160.525;    0.000
929.447; 2901.400;  152.525;    0.000
929.621; 2934.400;  168.525;    0.000
929.794; 2856.400;  152.525;    0.000
929.968; 2830.400;  163.525;    0.000
930.141; 2814.400;  164.525;    0.000
930.315; 2769.400;  170.525;    0.000
930.488; 2796.400;  216.525;    0.000
930.661; 2771.400;  184.525;    0.000
930.835; 2644.400;  156.525;    0.000
931.008; 2718.400;  206.525;    0.000
931.181; 2645.400;  163.525;    0.000
931.354; 2647.400;  198.525;    0.000
931.528; 2542.400;  156.525;    0.000
931.701; 2545.400;  170.525;    0.000
931.874; 2492.400;  167.525;    0.000
932.047; 2473.400;  146.525;    0.000
932.220; 2478.400;  159.525;    0.000
932.393; 2470.400;  186.525;    0.000
932.566; 2393.400;  147.525;    0.000
932.739; 2391.400;  192.525;    0.000
932.912; 2487.400;  197.525;    0.000
933.085; 2444.400;  176.525;    0.000
933.258; 2486.400;  171.525;    0.000
933.431; 2385.400;  150.525;    0.000
933.604; 2322.400;  176.525;    0.000
933.777; 2310.400;  215.525;    0.000
933.950; 2333.400;  164.525;    0.000
934.123; 2320.400;  174.525;    0.000
934.296; 2371.400;  203.525;    0.000
934.468; 2284.400;  208.525;    0.000
934.641; 2288.400;  182.525;    0.000
934.814; 2339.400;  170.525;    0.000
934.987; 2287.400;  183.525;    0.000
935.159; 2366.400;  154.525;    0.000
935.332; 2349.400;  178.525;    0.000
935.505; 2281.400;  213.525;    0.000
935.677; 2238.400;  173.525;    0.000
935.850; 2310.400;  190.525;    0.000
936.022; 2202.400;  205.525;    0.000
936.195; 2323.400;  201.525;    0.000
936.367; 2213.400;  189.525;    0.000
936.540; 2316.400;  179.525;    0.000
936.712; 2372.400;  195.525;    0.000
936.885; 2340.400;  207.525;    0.000
937.057; 2356.400;  163.525;    0.000
937.229; 2359.400;  175.525;    0.000
937.402; 2455.400;  168.525;    0.000
937.574; 2357.400;  136.525;    0.000
937.746; 2545.400;  166.525;    0.000
937.919; 2631.400;  178.525;    0.000
938.091; 2620.400;  192.525;    0.000
938.263; 2852.400;  164.525;    0.000
938.435; 2997.400;  204.525;    0.000
938.608; 3317.400;  153.525;    0.000
938.780; 3886.400;  159.525;    0.000
938.952; 3963.400;  160.525;    0.000
939.124; 3891.400;  156.525;    0.000
939.296; 4523.400;  110.525;    0.000
939.468; 4673.400;  135.525;    0.000
939.640; 4290.400;  144.525;    0.000
939.812; 3850.400;  232.525;    0.000
939.984; 3444.400;  128.525;    0.000
940.156; 3246.400;  195.525;    0.000
940.328; 3099.400;  226.525;    0.000
940.500; 2874.400;  146.525;    0.000
940.672; 2792.400;  190.525;    0.000
940.843; 2793.400;  156.525;    0.000
941.015; 2610.400;  200.525;    0.000
941.187; 2638.400;  159.525;    0.000
941.359; 2668.400;  183.525;    0.000
941.531; 2643.400;  137.525;    0.000
941.702; 2581.400;  186.525;    0.000
941.874; 2536.400;  164.525;    0.000
942.046; 2440.400;  202.525;    0.000
942.217; 2399.400;  146.525;    0.000
942.389; 2528.400;  165.525;    0.000
942.560; 2471.400;  191.525;    0.000
942.732; 2427.400;  240.525;    0.000
942.904; 2415.400;  173.525;    0.000
943.075; 2248.400;  157.525;    0.000
943.247; 2267.400;  155.525;    0.000
943.418; 2264.400;  164.525;    0.000
943.589; 2316.400;  150.525;    0.000
943.761; 2296.400;  143.525;    0.000
943.932; 2301.400;  151.525;    0.000
944.104; 2224.400;  194.525;    0.000
944.275; 2119.400;  154.525;    0.000
944.446; 2171.400;  169.525;    0.000
944.617; 2131.400;  138.525;    0.000
944.789; 2169.400;  158.525;    0.000
944.960; 2103.400;  197.525;    0.000
945.131; 2072.400;  139.525;    0.000
945.302; 2172.400;  169.525;    0.000
945.473; 2094.400;  149.525;    0.000
945.645; 2125.400;  171.525;    0.000
945.816; 2062.400;  167.525;    0.000
945.987; 2243.400;  156.525;    0.000
946.158; 2225.400;  185.525;    0.000
946.329; 2294.400;  201.525;    0.000
946.500; 2157.400;  182.525;    0.000
946.671; 2094.400;  156.525;    0.000
946.842; 2098.400;  190.525;    0.000
947.013; 2057.400;  159.525;    0.000
947.183; 2090.400;  209.525;    0.000
947.354; 1993.400;  171.525;    0.000
947.525; 2018.400;  180.525;    0.000
947.696; 2032.400;  163.525;    0.000
947.867; 2061.400;  168.525;    0.000
948.037; 2010.400;  153.525;    0.000
948.208; 2055.400;  178.525;    0.000
948.379; 2086.400;  192.525;    0.000
948.550; 2055.400;  180.525;    0.000
948.720; 2017.400;  196.525;    0.000
948.891; 2022.400;  173.525;    0.000
949.061; 2000.400;  207.525;    0.000
949.232; 1984.400;  176.525;    0.000
949.403; 1932.400;  152.525;    0.000
949.573; 1899.400;  186.525;    0.000
949.744; 1992.400;  181.525;    0.000
949.914; 1949.400;  174.525;    0.000
950.085; 1949.400;  146.525;    0.000
950.255; 1955.400;  162.525;    0.000
950.425; 2022.400;  189.525;    0.000
950.596; 1953.400;  175.525;    0.000
950.766; 2037.400;  209.525;    0.000
950.936; 1901.400;  201.525;    0.000
951.107; 1898.400;  141.525;    0.000
951.277; 1918.400;  211.525;    0.000
951.447; 1919.400;  218.525;    0.000
951.617; 1957.400;  191.525;    0.000
951.788; 1961.400;  193.525;    0.000
951.958; 1882.400;  217.525;    0.000
952.128; 1906.400;  192.525;    0.000
952.298; 2004.400;  237.525;    0.000
952.468; 1947.400;  194.525;    0.000
952.638; 1905.400;  201.525;    0.000
952.808; 1858.400;  203.525;    0.000
952.978; 1916.400;  216.525;    0.000
953.148; 1919.400;  209.525;    0.000
953.318; 1934.400;  213.525;    0.000
953.488; 1905.400;  161.525;    0.000
953.658; 1892.400;  222.525;    0.000
953.828; 1867.400;  196.525;    0.000
953.998; 1850.400;  227.525;    0.000
954.167; 1870.400;  163.525;    0.000
954.337; 1869.400;  201.525;    0.000
954.507; 1827.400;  227.525;    0.000
954.677; 1762.400;  204.525;    0.000
954.846; 1926.400;  210.525;    0.000
955.016; 1818.400;  198.525;    0.000
955.186; 1855.400;  203.525;    0.000
955.355; 1902.400;  198.525;    0.000
955.525; 1822.400;  198.525;    0.000
955.695; 1856.400;  187.525;    0.000
955.864; 1806.400;  243.525;    0.000
956.034; 1736.400;  192.525;    0.000
956.203; 1760.400;  259.525;    0.000
956.373; 1806.400;  185.525;    0.000
956.542; 1847.400;  230.525;    0.000
956.711; 1782.400;  218.525;    0.000
956.881; 1831.400;  232.525;    0.000
957.050; 1809.400;  246.525;    0.000
957.220; 1868.400;  229.525;    0.000
957.389; 1734.400;  211.525;    0.000
957.558; 1788.400;  173.525;    0.000
957.727; 1794.400;  226.525;    0.000
957.897; 1771.400;  209.525;    0.000
958.066; 1743.400;  217.525;    0.000
958.235; 1808.400;  160.525;    0.000
958.404; 1805.400;  199.525;    0.000
958.573; 1738.400;  223.525;    0.000
958.743; 1736.400;  189.525;    0.000
958.912; 1708.400;  199.525;    0.000
959.081; 1729.400;  216.525;    0.000
959.250; 1737.400;  192.525;    0.000
959.419; 1742.400;  216.525;    0.000
959.588; 1713.400;  209.525;    0.000
959.757; 1663.400;  194.525;    0.000
959.926; 1725.400;  200.525;    0.000
960.094; 1805.400;  174.525;    0.000
960.263; 1738.400;  218.525;    0.000
960.432; 1691.400;  173.525;    0.000
960.601; 1660.400;  177.525;    0.000
960.770; 1615.400;  188.525;    0.000
960.939; 1715.400;  167.525;    0.000
961.107; 1596.400;  195.525;    0.000
961.276; 1688.400;  183.525;    0.000
961.445; 1663.400;  195.525;    0.000
961.613; 1640.400;  198.525;    0.000
961.782; 1726.400;  224.525;    0.000
961.951; 1619.400;  178.525;    0.000
962.119; 1735.400;  214.525;    0.000
962.288; 1652.400;  174.525;    0.000
962.456; 1681.400;  197.525;    0.000
962.625; 1720.400;  212.525;    0.000
962.793; 1722.400;  183.525;    0.000
962.962; 1636.400;  189.525;    0.000
963.130; 1687.400;  151.525;    0.000
963.298; 1593.400;  197.525;    0.000
963.467; 1667.400;  202.525;    0.000
963.635; 1698.400;  172.525;    0.000
963.803; 1701.400;  203.525;    0.000
963.972; 1672.400;  204.525;    0.000
964.140; 1647.400;  193.525;    0.000
964.308; 1668.400;  159.525;    0.000
964.477; 1736.400;  142.525;    0.000
964.645; 1717.400;  202.525;    0.000
964.813; 1717.400;  158.525;    0.000
964.981; 1746.400;  179.525;    0.000
965.149; 1749.400;  176.525;    0.000
965.317; 1725.400;  229.525;    0.000
965.485; 1663.400;  179.525;    0.000
965.653; 1689.400;  205.525;    0.000
965.821; 1730.400;  196.525;    0.000
965.989; 1675.400;  202.525;    0.000
966.157; 1671.400;  199.525;    0.000
966.325; 1666.400;  178.525;    0.000
966.493; 1707.400;  177.525;    0.000
966.661; 1644.400;  172.525;    0.000
966.829; 1666.400;  167.525;    0.000
966.996; 1630.400;  202.525;    0.000
967.164; 1602.400;  175.525;    0.000
967.332; 1676.400;  207.525;    0.000
967.500; 1665.400;  170.525;    0.000
967.667; 1670.400;  222.525;    0.000
967.835; 1768.400;  245.525;    0.000
968.003; 1672.400;  180.525;    0.000
968.170; 1733.400;  222.525;    0.000
968.338; 1691.400;  183.525;    0.000
968.505; 1724.400;  197.525;    0.000
968.673; 1679.400;  209.525;    0.000
968.841; 1665.400;  162.525;    0.000
969.008; 1693.400;  187.525;    0.000
969.175; 1656.400;  204.525;    0.000
969.343; 1597.400;  157.525;    0.000
969.510; 1694.400;  189.525;    0.000
969.678; 1649.400;  153.525;    0.000
969.845; 1747.400;  190.525;    0.000
970.012; 1661.400;  162.525;    0.000
970.180; 1657.400;  223.525;    0.000
970.347; 1682.400;  195.525;    0.000
970.514; 1637.400;  185.525;    0.000
970.681; 1696.400;  187.525;    0.000
970.849; 1587.400;  183.525;    0.000
971.016; 1651.400;  168.525;    0.000
971.183; 1698.400;  160.525;    0.000
971.350; 1733.400;  193.525;    0.000
971.517; 1705.400;  202.525;    0.000
971.684; 1676.400;  242.525;    0.000
971.851; 1690.400;  192.525;    0.000
972.018; 1674.400;  194.525;    0.000
972.185; 1705.400;  193.525;    0.000
972.352; 1687.400;  187.525;    0.000
972.519; 1719.400;  233.525;    0.000
972.686; 1596.400;  186.525;    0.000
972.853; 1634.400;  165.525;    0.000
973.020; 1649.400;  183.525;    0.000
973.186; 1594.400;  186.525;    0.000
973.353; 1652.400;  177.525;    0.000
973.520; 1603.400;  203.525;    0.000
973.687; 1642.400;  211.525;    0.000
973.853; 1673.400;  194.525;    0.000
974.020; 1684.400;  201.525;    0.000
974.187; 1613.400;  187.525;    0.000
974.353; 1724.400;  188.525;    0.000
974.520; 1704.400;  136.525;    0.000
974.687; 1623.400;  169.525;    0.000
974.853; 1683.400;  207.525;    0.000
975.020; 1623.400;  190.525;    0.000
975.186; 1575.400;  182.525;    0.000
975.353; 1651.400;  202.525;    0.000
975.519; 1598.400;  189.525;    0.000
975.685; 1622.400;  176.525;    0.000
975.852; 1632.400;  175.525;    0.000
976.018; 1612.400;  155.525;    0.000
976.184; 1620.400;  179.525;    0.000
976.351; 1604.400;  191.525;    0.000
976.517; 1640.400;  246.525;    0.000
976.683; 1619.400;  222.525;    0.000
976.849; 1659.400;  216.525;    0.000
977.016; 1599.400;  212.525;    0.000
977.182; 1619.400;  192.525;    0.000
977.348; 1633.400;  145.525;    0.000
977.514; 1580.400;  195.525;    0.000
977.680; 1650.400;  210.525;    0.000
977.846; 1590.400;  172.525;    0.000
978.012; 1612.400;  190.525;    0.000
978.178; 1585.400;  201.525;    0.000
978.344; 1575.400;  190.525;    0.000
978.510; 1554.400;  199.525;    0.000
978.676; 1574.400;  174.525;    0.000
978.842; 1549.400;  195.525;    0.000
979.008; 1629.400;  205.525;    0.000
979.174; 1580.400;  187.525;    0.000
979.340; 1548.400;  194.525;    0.000
979.505; 1586.400;  221.525;    0.000
979.671; 1651.400;  178.525;    0.000
979.837; 1627.400;  215.525;    0.000
980.003; 1573.400;  176.525;    0.000
980.168; 1573.400;  185.525;    0.000
980.334; 1542.400;  165.525;    0.000
980.499; 1602.400;  231.525;    0.000
980.665; 1658.400;  238.525;    0.000
980.831; 1581.400;  194.525;    0.000
980.996; 1563.400;  169.525;    0.000
981.162; 1638.400;  199.525;    0.000
981.327; 1588.400;  158.525;    0.000
981.493; 1626.400;  193.525;    0.000
981.658; 1585.400;  181.525;    0.000
981.823; 1662.400;  199.525;    0.000
981.989; 1584.400;  186.525;    0.000
982.154; 1659.400;  225.525;    0.000
982.319; 1598.400;  191.525;    0.000
982.485; 1735.400;  205.525;    0.000
982.650; 1686.400;  234.525;    0.000
982.815; 1671.400;  193.525;    0.000
982.980; 1700.400;  177.525;    0.000
983.146; 1578.400;  212.525;    0.000
983.311; 1626.400;  177.525;    0.000
983.476; 1662.400;  185.525;    0.000
983.641; 1598.400;  149.525;    0.000
983.806; 1611.400;  175.525;    0.000
983.971; 1604.400;  234.525;    0.000
984.136; 1614.400;  191.525;    0.000
984.301; 1514.400;  215.525;    0.000
984.466; 1558.400;  207.525;    0.000
984.631; 1560.400;  206.525;    0.000
984.796; 1521.400;  229.525;    0.000
984.961; 1604.400;  220.525;    0.000
985.126; 1612.400;  204.525;    0.000
985.291; 1642.400;  210.525;    0.000
985.455; 1503.400;  193.525;    0.000
985.620; 1591.400;  207.525;    0.000
985.785; 1563.400;  188.525;    0.000
985.950; 1525.400;  168.525;    0.000
986.114; 1614.400;  239.525;    0.000
986.279; 1584.400;  223.525;    0.000
986.444; 1620.400;  154.525;    0.000
986.608; 1658.400;  232.525;    0.000
986.773; 1677.400;  214.525;    0.000
986.937; 1692.400;  220.525;    0.000
987.102; 1643.400;  224.525;    0.000
987.266; 1605.400;  157.525;    0.000
987.431; 1708.400;  246.525;    0.000
987.595; 1627.400;  203.525;    0.000
987.760; 1617.400;  202.525;    0.000
987.924; 1644.400;  208.525;    0.000
988.088; 1591.400;  169.525;    0.000
988.253; 1683.400;  237.525;    0.000
988.417; 1562.400;  202.525;    0.000
988.581; 1627.400;  215.525;    0.000
988.746; 1609.400;  210.525;    0.000
988.910; 1662.400;  191.525;    0.000
989.074; 1658.400;  197.525;    0.000
989.238; 1526.400;  191.525;    0.000
989.402; 1584.400;  222.525;    0.000
989.566; 1543.400;  221.525;    0.000
989.731; 1592.400;  216.525;    0.000
989.895; 1534.400;  183.525;    0.000
990.059; 1568.400;  150.525;    0.000
990.223; 1573.400;  183.525;    0.000
990.387; 1616.400;  241.525;    0.000
990.551; 1545.400;  198.525;    0.000
990.714; 1616.400;  176.525;    0.000
990.878; 1685.400;  203.525;    0.000
991.042; 1525.400;  146.525;    0.000
991.206; 1561.400;  199.525;    0.000
991.370; 1629.400;  223.525;    0.000
991.534; 1569.400;  158.525;    0.000
991.697; 1641.400;  182.525;    0.000
991.861; 1579.400;  195.525;    0.000
992.025; 1615.400;  206.525;    0.000
992.188; 1593.400;  174.525;    0.000
992.352; 1527.400;  183.525;    0.000
992.516; 1601.400;  181.525;    0.000
992.679; 1552.400;  162.525;    0.000
992.843; 1566.400;  173.525;    0.000
993.006; 1563.400;  189.525;    0.000
993.170; 1576.400;  200.525;    0.000
993.333; 1511.400;  167.525;    0.000
993.497; 1651.400;  217.525;    0.000
993.660; 1594.400;  179.525;    0.000
993.824; 1600.400;  195.525;    0.000
993.987; 1679.400;  186.525;    0.000
994.150; 1580.400;  164.525;    0.000
994.314; 1632.400;  215.525;    0.000
994.477; 1604.400;  186.525;    0.000
994.640; 1573.400;  192.525;    0.000
994.803; 1684.400;  215.525;    0.000
994.967; 1621.400;  208.525;    0.000
995.130; 1557.400;  196.525;    0.000
995.293; 1549.400;  221.525;    0.000
995.456; 1555.400;  164.525;    0.000
995.619; 1651.400;  224.525;    0.000
995.782; 1517.400;  184.525;    0.000
995.945; 1577.400;  220.525;    0.000
996.108; 1643.400;  187.525;    0.000
996.271; 1620.400;  192.525;    0.000
996.434; 1632.400;  162.525;    0.000
996.597; 1527.400;  148.525;    0.000
996.760; 1565.400;  186.525;    0.000
996.923; 1556.400;  154.525;    0.000
997.086; 1545.400;  156.525;    0.000
997.248; 1611.400;  215.525;    0.000
997.411; 1526.400;  160.525;    0.000
997.574; 1537.400;  159.525;    0.000
997.737; 1519.400;  179.525;    0.000
997.899; 1453.400;  184.525;    0.000
998.062; 1546.400;  180.525;    0.000
998.225; 1564.400;  168.525;    0.000
998.387; 1485.400;  192.525;    0.000
998.550; 1564.400;  178.525;    0.000
998.712; 1469.400;  192.525;    0.000
998.875; 1608.400;  230.525;    0.000
999.037; 1531.400;  200.525;    0.000
999.200; 1575.400;  196.525;    0.000
999.362; 1541.400;  173.525;    0.000
999.525; 1503.400;  196.525;    0.000
999.687; 1541.400;  159.525;    0.000
999.849; 1604.400;  180.525;    0.000
1000.012; 1484.400;  210.525;    0.000
1000.174; 1569.400;  175.525;    0.000
1000.336; 1632.400;  174.525;    0.000
1000.499; 1569.400;  180.525;    0.000
1000.661; 1591.400;  204.525;    0.000
1000.823; 1523.400;  181.525;    0.000
1000.985; 1639.400;  178.525;    0.000
1001.147; 1709.400;  215.525;    0.000
1001.309; 1541.400;  212.525;    0.000
1001.471; 1626.400;  192.525;    0.000
1001.633; 1614.400;  207.525;    0.000
1001.796; 1606.400;  211.525;    0.000
1001.958; 1573.400;  200.525;    0.000
1002.119; 1667.400;  210.525;    0.000
1002.281; 1796.400;  204.525;    0.000
1002.443; 1816.400;  230.525;    0.000
1002.605; 1898.400;  178.525;    0.000
1002.767; 1975.400;  228.525;    0.000
1002.929; 1976.400;  199.525;    0.000
1003.091; 2117.400;  220.525;    0.000
1003.252; 2183.400;  219.525;    0.000
1003.414; 2284.400;  213.525;    0.000
1003.576; 2378.400;  202.525;    0.000
1003.738; 2401.400;  184.525;    0.000
1003.899; 2633.400;  218.525;    0.000
1004.061; 2688.400;  210.525;    0.000
1004.222; 2727.400;  179.525;    0.000
1004.384; 2858.400;  183.525;    0.000
1004.546; 2951.400;  206.525;    0.000
1004.707; 2991.400;  191.525;    0.000
1004.869; 2903.400;  197.525;    0.000
1005.030; 2964.400;  186.525;    0.000
1005.191; 2778.400;  188.525;    0.000
1005.353; 2810.400;  215.525;    0.000
1005.514; 2658.400;  184.525;    0.000
1005.675; 2564.400;  209.525;    0.000
1005.837; 2471.400;  239.525;    0.000
1005.998; 2352.400;  218.525;    0.000
1006.159; 2376.400;  212.525;    0.000
1006.321; 2338.400;  220.525;    0.000
1006.482; 2593.400;  201.525;    0.000
1006.643; 2654.400;  222.525;    0.000
1006.804; 2749.400;  191.525;    0.000
1006.965; 2805.400;  214.525;    0.000
1007.126; 2906.400;  214.525;    0.000
1007.287; 2811.400;  243.525;    0.000
1007.448; 2764.400;  251.525;    0.000
1007.609; 2699.400;  244.525;    0.000
1007.770; 2591.400;  211.525;    0.000
1007.931; 2638.400;  225.525;    0.000
1008.092; 2686.400;  188.525;    0.000
1008.253; 2757.400;  224.525;    0.000
1008.414; 2748.400;  198.525;    0.000
1008.575; 2850.400;  244.525;    0.000
1008.736; 2832.400;  219.525;    0.000
1008.896; 2728.400;  206.525;    0.000
1009.057; 2767.400;  258.525;    0.000
1009.218; 2815.400;  209.525;    0.000
1009.379; 2728.400;  204.525;    0.000
1009.539; 2935.400;  242.525;    0.000
1009.700; 2997.400;  205.525;    0.000
1009.860; 2896.400;  211.525;    0.000
1010.021; 2928.400;  219.525;    0.000
1010.182; 2923.400;  206.525;    0.000
1010.342; 2890.400;  219.525;    0.000
1010.503; 3013.400;  231.525;    0.000
1010.663; 3145.400;  260.525;    0.000
1010.823; 3071.400;  200.525;    0.000
1010.984; 3176.400;  189.525;    0.000
1011.144; 3088.400;  234.525;    0.000
1011.305; 3321.400;  212.525;    0.000
1011.465; 3431.400;  202.525;    0.000
1011.625; 3436.400;  236.525;    0.000
1011.785; 3559.400;  203.525;    0.000
1011.946; 3367.400;  195.525;    0.000
1012.106; 3509.400;  176.525;    0.000
1012.266; 3472.400;  211.525;    0.000
1012.426; 3373.400;  244.525;    0.000
1012.586; 3420.400;  202.525;    0.000
1012.746; 3394.400;  234.525;    0.000
1012.906; 3385.400;  246.525;    0.000
1013.066; 3421.400;  232.525;    0.000
1013.226; 3491.400;  248.525;    0.000
1013.386; 3405.400;  231.525;    0.000
1013.546; 3314.400;  233.525;    0.000
1013.706; 3275.400;  211.525;    0.000
1013.866; 3399.400;  240.525;    0.000
1014.026; 3448.400;  188.525;    0.000
1014.186; 3275.400;  186.525;    0.000
1014.346; 3356.400;  203.525;    0.000
1014.505; 3512.400;  238.525;    0.000
1014.665; 3488.400;  206.525;    0.000
1014.825; 3299.400;  200.525;    0.000
1014.985; 3370.400;  215.525;    0.000
1015.144; 3697.400;  250.525;    0.000
1015.304; 3871.400;  195.525;    0.000
1015.464; 3793.400;  237.525;    0.000
1015.623; 3560.400;  232.525;    0.000
1015.783; 3918.400;  220.525;    0.000
1015.942; 4443.400;  219.525;    0.000
1016.102; 4260.400;  202.525;    0.000
1016.261; 3803.400;  225.525;    0.000
1016.420; 4421.400;  246.525;    0.000
1016.580; 5052.400;  226.525;    0.000
1016.739; 4900.400;  214.525;    0.000
1016.899; 4393.400;  205.525;    0.000
1017.058; 4830.400;  217.525;    0.000
1017.217; 5313.400;  199.525;    0.000
1017.376; 5091.400;  219.525;    0.000
1017.536; 4183.400;  209.525;    0.000
1017.695; 4281.400;  213.525;    0.000
1017.854; 4450.400;  187.525;    0.000
1018.013; 4481.400;  222.525;    0.000
1018.172; 4278.400;  204.525;    0.000
1018.331; 4106.400;  195.525;    0.000
1018.490; 4607.400;  213.525;    0.000
1018.649; 5060.400;  216.525;    0.000
1018.808; 4937.400;  227.525;    0.000
1018.967; 4718.400;  206.525;    0.000
1019.126; 4656.400;  206.525;    0.000
1019.285; 5180.400;  219.525;    0.000
1019.444; 5023.400;  218.525;    0.000
1019.603; 4705.400;  206.525;    0.000
1019.762; 4392.400;  189.525;    0.000
1019.921; 4603.400;  217.525;    0.000
1020.079; 5045.400;  200.525;    0.000
1020.238; 5258.400;  219.525;    0.000
1020.397; 4845.400;  227.525;    0.000
1020.555; 4563.400;  207.525;    0.000
1020.714; 4740.400;  253.525;    0.000
1020.873; 5207.400;  230.525;    0.000
1021.031; 5216.400;  232.525;    0.000
1021.190; 4821.400;  226.525;    0.000
1021.348; 4740.400;  224.525;    0.000
1021.507; 5203.400;  215.525;    0.000
1021.665; 5626.400;  233.525;    0.000
1021.824; 5213.400;  196.525;    0.000
1021.982; 4771.400;  215.525;    0.000
1022.141; 4751.400;  200.525;    0.000
1022.299; 5582.400;  200.525;    0.000
1022.457; 5772.400;  179.525;    0.000
1022.616; 5137.400;  226.525;    0.000
1022.774; 4632.400;  216.525;    0.000
1022.932; 5060.400;  212.525;    0.000
1023.090; 5784.400;  220.525;    0.000
1023.249; 5945.400;  194.525;    0.000
1023.407; 5385.400;  227.525;    0.000
1023.565; 4785.400;  190.525;    0.000
1023.723; 5219.400;  190.525;    0.000
1023.881; 5827.400;  214.525;    0.000
1024.039; 5879.400;  179.525;    0.000
1024.197; 5323.400;  274.525;    0.000
1024.355; 5011.400;  269.525;    0.000
1024.513; 5222.400;  259.525;    0.000
1024.671; 5940.400;  211.525;    0.000
1024.829; 6118.400;  230.525;    0.000
1024.987; 5490.400;  239.525;    0.000
1025.145; 5054.400;  231.525;    0.000
1025.302; 5376.400;  212.525;    0.000
1025.460; 5825.400;  224.525;    0.000
1025.618; 6080.400;  217.525;    0.000
1025.776; 5718.400;  232.525;    0.000
1025.933; 5190.400;  212.525;    0.000
1026.091; 5331.400;  214.525;    0.000
1026.249; 5643.400;  224.525;    0.000
1026.406; 6265.400;  219.525;    0.000
1026.564; 5868.400;  262.525;    0.000
1026.721; 5568.400;  206.525;    0.000
1026.879; 5208.400;  227.525;    0.000
1027.036; 5992.400;  234.525;    0.000
1027.194; 6167.400;  256.525;    0.000
1027.351; 6387.400;  229.525;    0.000
1027.509; 5891.400;  253.525;    0.000
1027.666; 5365.400;  248.525;    0.000
1027.823; 5973.400;  215.525;    0.000
1027.981; 6100.400;  248.525;    0.000
1028.138; 6666.400;  257.525;    0.000
1028.295; 6016.400;  215.525;    0.000
1028.452; 5641.400;  236.525;    0.000
1028.609; 5567.400;  240.525;    0.000
1028.767; 6179.400;  258.525;    0.000
1028.924; 6542.400;  211.525;    0.000
1029.081; 6379.400;  226.525;    0.000
1029.238; 6187.400;  228.525;    0.000
1029.395; 5686.400;  264.525;    0.000
1029.552; 5982.400;  227.525;    0.000
1029.709; 6276.400;  232.525;    0.000
1029.866; 6778.400;  223.525;    0.000
1030.023; 6506.400;  220.525;    0.000
1030.180; 5714.400;  222.525;    0.000
1030.337; 5844.400;  224.525;    0.000
1030.494; 6125.400;  228.525;    0.000
1030.650; 6434.400;  242.525;    0.000
1030.807; 7050.400;  214.525;    0.000
1030.964; 6430.400;  207.525;    0.000
1031.121; 6131.400;  236.525;    0.000
1031.277; 5903.400;  206.525;    0.000
1031.434; 6298.400;  249.525;    0.000
1031.591; 6990.400;  253.525;    0.000
1031.747; 6848.400;  240.525;    0.000
1031.904; 6960.400;  212.525;    0.000
1032.060; 6480.400;  185.525;    0.000
1032.217; 6274.400;  201.525;    0.000
1032.373; 7034.400;  207.525;    0.000
1032.530; 7101.400;  226.525;    0.000
1032.686; 8045.400;  226.525;    0.000
1032.843; 8025.400;  203.525;    0.000
1032.999; 7524.400;  233.525;    0.000
1033.155; 7674.400;  232.525;    0.000
1033.312; 7621.400;  239.525;    0.000
1033.468; 8641.400;  207.525;    0.000
1033.624; 9615.400;  238.525;    0.000
1033.780; 9875.400;  255.525;    0.000
1033.937; 9926.400;  188.525;    0.000
1034.093; 8957.400;  244.525;    0.000
1034.249; 9175.400;  182.525;    0.000
1034.405; 9226.400;  251.525;    0.000
1034.561; 9752.400;  250.525;    0.000
1034.717;10748.400;  208.525;    0.000
1034.873;10509.400;  210.525;    0.000
1035.029;10660.400;  245.525;    0.000
1035.185; 9670.400;  230.525;    0.000
1035.341; 9383.400;  209.525;    0.000
1035.497;10379.400;  244.525;    0.000
1035.653;10435.400;  229.525;    0.000
1035.809;11395.400;  275.525;    0.000
1035.964;12648.400;  203.525;    0.000
1036.120;11774.400;  215.525;    0.000
1036.276;11890.400;  228.525;    0.000
1036.432;11368.400;  183.525;    0.000
1036.587;10862.400;  214.525;    0.000
1036.743;11297.400;  240.525;    0.000
1036.899;12416.400;  202.525;    0.000
1037.054;12452.400;  182.525;    0.000
1037.210;14019.400;  228.525;    0.000
1037.365;14514.400;  239.525;    0.000
1037.521;13103.400;  230.525;    0.000
1037.676;13045.400;  217.525;    0.000
1037.832;11853.400;  235.525;    0.000
1037.987;11980.400;  210.525;    0.000
1038.143;11910.400;  206.525;    0.000
1038.298;14918.400;  177.525;    0.000
1038.453;14373.400;  215.525;    0.000
1038.609;15787.400;  210.525;    0.000
1038.764;16051.400;  227.525;    0.000
1038.919;14306.400;  197.525;    0.000
1039.074;14220.400;  183.525;    0.000
1039.229;13157.400;  218.525;    0.000
1039.385;13302.400;  251.525;    0.000
1039.540;13284.400;  222.525;    0.000
1039.695;14880.400;  215.525;    0.000
1039.850;16857.400;  204.525;    0.000
1040.005;17029.400;  241.525;    0.000
1040.160;18706.400;  180.525;    0.000
1040.315;17609.400;  197.525;    0.000
1040.470;16411.400;  180.525;    0.000
1040.625;15491.400;  196.525;    0.000
1040.780;15011.400;  245.525;    0.000
1040.935;14510.400;  204.525;    0.000
1041.089;15679.400;  213.525;    0.000
1041.244;18986.400;  200.525;    0.000
1041.399;20198.400;  212.525;    0.000
1041.554;20734.400;  239.525;    0.000
1041.708;22658.400;  238.525;    0.000
1041.863;21504.400;  213.525;    0.000
1042.018;19748.400;  236.525;    0.000
1042.172;19136.400;  238.525;    0.000
1042.327;18606.400;  254.525;    0.000
1042.481;19402.400;  197.525;    0.000
1042.636;19803.400;  205.525;    0.000
1042.791;20161.400;  218.525;    0.000
1042.945;24285.400;  261.525;    0.000
1043.099;26648.400;  201.525;    0.000
1043.254;25362.400;  191.525;    0.000
1043.408;26384.400;  279.525;    0.000
1043.563;27591.400;  203.525;    0.000
1043.717;27657.400;  229.525;    0.000
1043.871;24367.400;  213.525;    0.000
1044.025;23940.400;  240.525;    0.000
1044.180;24111.400;  220.525;    0.000
1044.334;24476.400;  268.525;    0.000
1044.488;25193.400;  261.525;    0.000
1044.642;25800.400;  205.525;    0.000
1044.796;28765.400;  240.525;    0.000
1044.950;31928.400;  258.525;    0.000
1045.104;34097.398;  218.525;    0.000
1045.258;33683.398;  213.525;    0.000
1045.412;34087.398;  223.525;    0.000
1045.566;33995.398;  240.525;    0.000
1045.720;32287.400;  235.525;    0.000
1045.874;29571.400;  221.525;    0.000
1046.028;28226.400;  247.525;    0.000
1046.182;29450.400;  200.525;    0.000
1046.336;30650.400;  220.525;    0.000
1046.489;30602.400;  228.525;    0.000
1046.643;31430.400;  249.525;    0.000
1046.797;34272.398;  230.525;    0.000
1046.951;35734.398;  234.525;    0.000
1047.104;35510.398;  262.525;    0.000
1047.258;37734.398;  210.525;    0.000
1047.411;38418.398;  235.525;    0.000
1047.565;37587.398;  237.525;    0.000
1047.719;37678.398;  237.525;    0.000
1047.872;36684.398;  225.525;    0.000
1048.026;33410.398;  237.525;    0.000
1048.179;32736.400;  220.525;    0.000
1048.332;32504.400;  219.525;    0.000
1048.486;33208.398;  195.525;    0.000
1048.639;34371.398;  213.525;    0.000
1048.792;34322.398;  245.525;    0.000
1048.946;37987.398;  234.525;    0.000
1049.099;41241.398;  226.525;    0.000
1049.252;41113.398;  282.525;    0.000
1049.406;37456.398;  255.525;    0.000
1049.559;40648.398;  223.525;    0.000
1049.712;45884.398;  253.525;    0.000
1049.865;48969.398;  271.525;    0.000
1050.018;46013.398;  241.525;    0.000
1050.171;39247.398;  202.525;    0.000
1050.324;38525.398;  250.525;    0.000
1050.477;41249.398;  251.525;    0.000
1050.630;44903.398;  216.525;    0.000
1050.783;44629.398;  205.525;    0.000
1050.936;43216.398;  219.525;    0.000
1051.089;40793.398;  247.525;    0.000
1051.242;42483.398;  238.525;    0.000
1051.394;46764.398;  252.525;    0.000
1051.547;48343.398;  245.525;    0.000
1051.700;45953.398;  206.525;    0.000
1051.853;46739.398;  270.525;    0.000
1052.005;48518.398;  245.525;    0.000
1052.158;52467.398;  290.525;    0.000
1052.311;54454.398;  237.525;    0.000
1052.463;53087.398;  271.525;    0.000
1052.616;47682.398;  255.525;    0.000
1052.768;43966.398;  257.525;    0.000
1052.921;43744.398;  289.525;    0.000
1053.073;46600.398;  287.525;    0.000
1053.226;52056.398;  268.525;    0.000
1053.378;59064.398;  294.525;    0.000
1053.531;60682.398;  255.525;    0.000
1053.683;57565.398;  293.525;    0.000
1053.835;49689.398;  274.525;    0.000
1053.988;38417.398;  282.525;    0.000
1054.140; 6733.400;  291.525;    0.000
1054.292; 1688.400;  292.525;    0.000
1054.444; 1307.400;  299.525;    0.000
1054.596; 1091.400;  319.525;    0.000
1054.749; 1017.400;  295.525;    0.000
1054.901;  979.400;  266.525;    0.000
1055.053;  887.400;  300.525;    0.000
1055.205;  826.400;  290.525;    0.000
1055.357;  836.400;  304.525;    0.000
1055.509;  779.400;  292.525;    0.000
1055.661;  716.400;  339.525;    0.000
1055.813;  732.400;  306.525;    0.000
1055.965;  692.400;  293.525;    0.000
1056.116;  737.400;  300.525;    0.000
1056.268;  718.400;  306.525;    0.000
1056.420;  743.400;  288.525;    0.000

