
Integration time [ms]:   1.000
Averaging Nr. [scans]: 1
Smoothing Nr. [pixels]: 0
Data measured with spectrometer [name]: NIR
Wave   ;Sample   ;Dark     ;Reference
[nm]   ;[counts] ;[counts] ;[counts] 

691.496;  -17.875;  163.125;    0.000
691.696;  -24.875;  208.125;    0.000
691.896;  -17.875;  111.125;    0.000
692.096;  -19.875;  178.125;    0.000
692.296;  -57.875;   93.125;    0.000
692.496;   11.125;  161.125;    0.000
692.695;  -41.875;  135.125;    0.000
692.895;  -28.875;  179.125;    0.000
693.095;  -69.875;  158.125;    0.000
693.295;  -16.875;  168.125;    0.000
693.495;  -23.875;  170.125;    0.000
693.695;   -8.875;  155.125;    0.000
693.894;  -23.875;  151.125;    0.000
694.094;  -30.875;  164.125;    0.000
694.294;  -19.875;  129.125;    0.000
694.494;  200.125;  170.125;    0.000
694.693; 2494.125;  137.125;    0.000
694.893; 2788.125;  163.125;    0.000
695.093; 2751.125;  121.125;    0.000
695.293; 2786.125;  144.125;    0.000
695.492; 2680.125;   88.125;    0.000
695.692; 2789.125;  148.125;    0.000
695.891; 2798.125;  125.125;    0.000
696.091; 2864.125;  184.125;    0.000
696.291; 2729.125;  153.125;    0.000
696.490; 2774.125;  131.125;    0.000
696.690; 2849.125;  123.125;    0.000
696.889; 2801.125;  180.125;    0.000
697.089; 2850.125;  147.125;    0.000
697.288; 2889.125;  164.125;    0.000
697.488; 2889.125;  133.125;    0.000
697.687; 2833.125;  153.125;    0.000
697.887; 2867.125;  119.125;    0.000
698.086; 2869.125;  143.125;    0.000
698.286; 2923.125;  125.125;    0.000
698.485; 2889.125;  120.125;    0.000
698.684; 2951.125;  116.125;    0.000
698.884; 2832.125;  131.125;    0.000
699.083; 2903.125;  115.125;    0.000
699.282; 2880.125;  144.125;    0.000
699.482; 2927.125;  109.125;    0.000
699.681; 2828.125;  115.125;    0.000
699.880; 3008.125;  125.125;    0.000
700.080; 2886.125;  139.125;    0.000
700.279; 2936.125;  111.125;    0.000
700.478; 2860.125;  146.125;    0.000
700.677; 2904.125;  131.125;    0.000
700.877; 2964.125;  156.125;    0.000
701.076; 3029.125;  153.125;    0.000
701.275; 2916.125;  123.125;    0.000
701.474; 2904.125;  150.125;    0.000
701.673; 2936.125;   97.125;    0.000
701.872; 3068.125;  139.125;    0.000
702.071; 2931.125;  108.125;    0.000
702.271; 2894.125;  125.125;    0.000
702.470; 3068.125;  108.125;    0.000
702.669; 3018.125;  102.125;    0.000
702.868; 3030.125;  153.125;    0.000
703.067; 2942.125;  145.125;    0.000
703.266; 3011.125;   96.125;    0.000
703.465; 3042.125;  165.125;    0.000
703.664; 3023.125;  106.125;    0.000
703.863; 2963.125;  144.125;    0.000
704.062; 2975.125;   86.125;    0.000
704.260; 3128.125;   99.125;    0.000
704.459; 3085.125;  112.125;    0.000
704.658; 2988.125;  106.125;    0.000
704.857; 3012.125;  129.125;    0.000
705.056; 2982.125;   98.125;    0.000
705.255; 3104.125;   97.125;    0.000
705.454; 3061.125;  101.125;    0.000
705.652; 3048.125;  142.125;    0.000
705.851; 3004.125;  100.125;    0.000
706.050; 2965.125;  162.125;    0.000
706.249; 2988.125;  146.125;    0.000
706.447; 3091.125;  120.125;    0.000
706.646; 3050.125;  114.125;    0.000
706.845; 3028.125;  117.125;    0.000
707.043; 3073.125;  136.125;    0.000
707.242; 3164.125;   90.125;    0.000
707.441; 3126.125;  131.125;    0.000
707.639; 3069.125;  120.125;    0.000
707.838; 3008.125;  122.125;    0.000
708.037; 3109.125;  109.125;    0.000
708.235; 3060.125;  122.125;    0.000
708.434; 3021.125;  109.125;    0.000
708.632; 2987.125;   47.125;    0.000
708.831; 3070.125;  122.125;    0.000
709.029; 3191.125;  130.125;    0.000
709.228; 3148.125;  112.125;    0.000
709.426; 3247.125;  128.125;    0.000
709.625; 3148.125;  129.125;    0.000
709.823; 3137.125;  130.125;    0.000
710.022; 3206.125;   90.125;    0.000
710.220; 3224.125;  131.125;    0.000
710.418; 3276.125;  133.125;    0.000
710.617; 3140.125;   82.125;    0.000
710.815; 3219.125;   90.125;    0.000
711.013; 3279.125;   86.125;    0.000
711.212; 3196.125;  117.125;    0.000
711.410; 3198.125;  106.125;    0.000
711.608; 3262.125;  138.125;    0.000
711.807; 3230.125;  116.125;    0.000
712.005; 3184.125;   82.125;    0.000
712.203; 3156.125;   90.125;    0.000
712.401; 3255.125;  124.125;    0.000
712.599; 3205.125;   64.125;    0.000
712.798; 3297.125;  113.125;    0.000
712.996; 3198.125;  100.125;    0.000
713.194; 3322.125;  130.125;    0.000
713.392; 3230.125;   89.125;    0.000
713.590; 3383.125;  105.125;    0.000
713.788; 3301.125;  100.125;    0.000
713.986; 3355.125;  117.125;    0.000
714.184; 3313.125;   72.125;    0.000
714.382; 3401.125;   88.125;    0.000
714.580; 3356.125;   88.125;    0.000
714.778; 3449.125;  129.125;    0.000
714.976; 3378.125;   90.125;    0.000
715.174; 3459.125;  119.125;    0.000
715.372; 3719.125;  117.125;    0.000
715.570; 3820.125;  101.125;    0.000
715.768; 4001.125;  122.125;    0.000
715.966; 4041.125;  114.125;    0.000
716.164; 3982.125;  135.125;    0.000
716.362; 3918.125;  126.125;    0.000
716.560; 3918.125;  126.125;    0.000
716.758; 3545.125;   98.125;    0.000
716.955; 3665.125;   76.125;    0.000
717.153; 3685.125;   45.125;    0.000
717.351; 3573.125;  106.125;    0.000
717.549; 3667.125;  108.125;    0.000
717.746; 3591.125;   66.125;    0.000
717.944; 3661.125;  127.125;    0.000
718.142; 3543.125;  148.125;    0.000
718.340; 3513.125;   94.125;    0.000
718.537; 3582.125;  107.125;    0.000
718.735; 3624.125;  130.125;    0.000
718.933; 3675.125;  111.125;    0.000
719.130; 3704.125;  107.125;    0.000
719.328; 3643.125;  128.125;    0.000
719.525; 3623.125;  141.125;    0.000
719.723; 3598.125;  122.125;    0.000
719.920; 3526.125;   85.125;    0.000
720.118; 3578.125;  115.125;    0.000
720.316; 3650.125;  153.125;    0.000
720.513; 3574.125;  120.125;    0.000
720.711; 3483.125;  134.125;    0.000
720.908; 3535.125;  126.125;    0.000
721.105; 3567.125;  119.125;    0.000
721.303; 3643.125;  112.125;    0.000
721.500; 3547.125;  125.125;    0.000
721.698; 3712.125;   94.125;    0.000
721.895; 3662.125;  118.125;    0.000
722.092; 3574.125;   77.125;    0.000
722.290; 3540.125;  135.125;    0.000
722.487; 3576.125;  154.125;    0.000
722.684; 3550.125;  122.125;    0.000
722.882; 3591.125;   90.125;    0.000
723.079; 3531.125;  132.125;    0.000
723.276; 3642.125;   95.125;    0.000
723.473; 3702.125;  106.125;    0.000
723.671; 3575.125;   80.125;    0.000
723.868; 3688.125;  112.125;    0.000
724.065; 3678.125;  107.125;    0.000
724.262; 3621.125;  119.125;    0.000
724.459; 3697.125;   80.125;    0.000
724.656; 3668.125;  109.125;    0.000
724.854; 3624.125;  107.125;    0.000
725.051; 3729.125;  103.125;    0.000
725.248; 3673.125;  101.125;    0.000
725.445; 3693.125;   93.125;    0.000
725.642; 3664.125;   92.125;    0.000
725.839; 3744.125;  157.125;    0.000
726.036; 3619.125;   71.125;    0.000
726.233; 3673.125;   80.125;    0.000
726.430; 3521.125;  146.125;    0.000
726.627; 3688.125;  103.125;    0.000
726.824; 3550.125;   46.125;    0.000
727.021; 3664.125;  149.125;    0.000
727.218; 3603.125;   87.125;    0.000
727.414; 3639.125;  112.125;    0.000
727.611; 3700.125;  111.125;    0.000
727.808; 3693.125;  122.125;    0.000
728.005; 3516.125;   58.125;    0.000
728.202; 3706.125;  129.125;    0.000
728.399; 3752.125;  111.125;    0.000
728.595; 3610.125;   93.125;    0.000
728.792; 3809.125;   78.125;    0.000
728.989; 3650.125;  104.125;    0.000
729.186; 3677.125;  110.125;    0.000
729.382; 3820.125;   93.125;    0.000
729.579; 3869.125;  102.125;    0.000
729.776; 3781.125;  112.125;    0.000
729.972; 3801.125;  101.125;    0.000
730.169; 3769.125;  150.125;    0.000
730.366; 3746.125;   92.125;    0.000
730.562; 3733.125;   74.125;    0.000
730.759; 3757.125;   97.125;    0.000
730.955; 3783.125;   86.125;    0.000
731.152; 3759.125;   88.125;    0.000
731.348; 3729.125;  117.125;    0.000
731.545; 3599.125;   62.125;    0.000
731.741; 3761.125;   84.125;    0.000
731.938; 3868.125;  108.125;    0.000
732.134; 3726.125;  115.125;    0.000
732.331; 3803.125;   88.125;    0.000
732.527; 3806.125;   96.125;    0.000
732.724; 3713.125;  103.125;    0.000
732.920; 3826.125;   93.125;    0.000
733.116; 3795.125;  109.125;    0.000
733.313; 3742.125;   77.125;    0.000
733.509; 3763.125;   81.125;    0.000
733.705; 3821.125;  141.125;    0.000
733.902; 3907.125;   88.125;    0.000
734.098; 3764.125;   56.125;    0.000
734.294; 3789.125;  122.125;    0.000
734.490; 3812.125;  102.125;    0.000
734.687; 3911.125;   70.125;    0.000
734.883; 3812.125;   73.125;    0.000
735.079; 3956.125;   65.125;    0.000
735.275; 3777.125;  112.125;    0.000
735.471; 3866.125;  124.125;    0.000
735.667; 3892.125;   94.125;    0.000
735.863; 3804.125;  106.125;    0.000
736.060; 3866.125;  106.125;    0.000
736.256; 3881.125;   95.125;    0.000
736.452; 3881.125;  103.125;    0.000
736.648; 3822.125;  106.125;    0.000
736.844; 3898.125;   98.125;    0.000
737.040; 3959.125;  118.125;    0.000
737.236; 3913.125;   95.125;    0.000
737.432; 3997.125;   59.125;    0.000
737.628; 3887.125;  120.125;    0.000
737.824; 3933.125;   78.125;    0.000
738.019; 4034.125;   98.125;    0.000
738.215; 3905.125;  127.125;    0.000
738.411; 3987.125;  111.125;    0.000
738.607; 3948.125;   69.125;    0.000
738.803; 4051.125;   40.125;    0.000
738.999; 3987.125;  128.125;    0.000
739.195; 3953.125;   81.125;    0.000
739.390; 4152.125;   97.125;    0.000
739.586; 4018.125;  100.125;    0.000
739.782; 4114.125;  135.125;    0.000
739.978; 4092.125;  121.125;    0.000
740.173; 4141.125;   92.125;    0.000
740.369; 4100.125;   92.125;    0.000
740.565; 4197.125;  119.125;    0.000
740.760; 4193.125;  139.125;    0.000
740.956; 4216.125;  134.125;    0.000
741.152; 4255.125;  107.125;    0.000
741.347; 4262.125;   63.125;    0.000
741.543; 4291.125;   99.125;    0.000
741.738; 4379.125;  119.125;    0.000
741.934; 4440.125;  156.125;    0.000
742.129; 4664.125;   87.125;    0.000
742.325; 5303.125;  143.125;    0.000
742.520; 5702.125;  109.125;    0.000
742.716; 5418.125;  135.125;    0.000
742.911; 5154.125;   77.125;    0.000
743.107; 5194.125;  117.125;    0.000
743.302; 5004.125;   93.125;    0.000
743.498; 5005.125;  118.125;    0.000
743.693; 5107.125;   95.125;    0.000
743.888; 5261.125;  122.125;    0.000
744.084; 6039.125;  104.125;    0.000
744.279; 7360.125;   94.125;    0.000
744.474; 7655.125;  138.125;    0.000
744.670; 6638.125;  113.125;    0.000
744.865; 6321.125;  116.125;    0.000
745.060; 5748.125;   89.125;    0.000
745.255; 5788.125;  144.125;    0.000
745.451; 5498.125;   98.125;    0.000
745.646; 5399.125;  110.125;    0.000
745.841; 5415.125;   87.125;    0.000
746.036; 5408.125;   98.125;    0.000
746.231; 5766.125;  153.125;    0.000
746.426; 5867.125;   90.125;    0.000
746.622; 6736.125;  154.125;    0.000
746.817; 8786.125;  111.125;    0.000
747.012; 9886.125;  110.125;    0.000
747.207; 8709.125;   76.125;    0.000
747.402; 7572.125;   94.125;    0.000
747.597; 7166.125;   68.125;    0.000
747.792; 6907.125;  125.125;    0.000
747.987; 6473.125;   92.125;    0.000
748.182; 6325.125;  113.125;    0.000
748.377; 5998.125;   72.125;    0.000
748.572; 5923.125;  135.125;    0.000
748.767; 5542.125;   98.125;    0.000
748.961; 5445.125;  123.125;    0.000
749.156; 5305.125;   96.125;    0.000
749.351; 5223.125;  121.125;    0.000
749.546; 5174.125;   95.125;    0.000
749.741; 4999.125;  144.125;    0.000
749.936; 4991.125;  105.125;    0.000
750.130; 4819.125;  101.125;    0.000
750.325; 4698.125;  126.125;    0.000
750.520; 4849.125;  113.125;    0.000
750.715; 4780.125;  135.125;    0.000
750.909; 4688.125;  138.125;    0.000
751.104; 4664.125;   96.125;    0.000
751.299; 4673.125;  118.125;    0.000
751.493; 4509.125;  124.125;    0.000
751.688; 4574.125;  131.125;    0.000
751.882; 4464.125;   96.125;    0.000
752.077; 4570.125;  123.125;    0.000
752.272; 4521.125;  112.125;    0.000
752.466; 4547.125;  143.125;    0.000
752.661; 4389.125;  107.125;    0.000
752.855; 4406.125;   97.125;    0.000
753.050; 4343.125;  125.125;    0.000
753.244; 4371.125;  161.125;    0.000
753.439; 4350.125;  101.125;    0.000
753.633; 4361.125;  129.125;    0.000
753.828; 4295.125;  114.125;    0.000
754.022; 4434.125;  118.125;    0.000
754.216; 4196.125;  126.125;    0.000
754.411; 4253.125;  148.125;    0.000
754.605; 4201.125;  100.125;    0.000
754.799; 4258.125;  146.125;    0.000
754.994; 4291.125;  116.125;    0.000
755.188; 4306.125;  146.125;    0.000
755.382; 4273.125;  103.125;    0.000
755.576; 4265.125;  119.125;    0.000
755.771; 4197.125;  100.125;    0.000
755.965; 4182.125;  129.125;    0.000
756.159; 4221.125;  100.125;    0.000
756.353; 4291.125;  153.125;    0.000
756.547; 4215.125;  113.125;    0.000
756.742; 4191.125;  129.125;    0.000
756.936; 4299.125;   70.125;    0.000
757.130; 4199.125;   91.125;    0.000
757.324; 4312.125;   92.125;    0.000
757.518; 4286.125;  128.125;    0.000
757.712; 4152.125;  146.125;    0.000
757.906; 4114.125;  114.125;    0.000
758.100; 4316.125;  153.125;    0.000
758.294; 4276.125;  133.125;    0.000
758.488; 4221.125;  149.125;    0.000
758.682; 4094.125;  132.125;    0.000
758.876; 4191.125;  128.125;    0.000
759.070; 4142.125;  178.125;    0.000
759.264; 4162.125;   98.125;    0.000
759.458; 4231.125;  168.125;    0.000
759.651; 4171.125;  131.125;    0.000
759.845; 4126.125;  133.125;    0.000
760.039; 4187.125;  120.125;    0.000
760.233; 4123.125;  116.125;    0.000
760.427; 4252.125;  121.125;    0.000
760.620; 4194.125;  163.125;    0.000
760.814; 4209.125;  106.125;    0.000
761.008; 4294.125;  119.125;    0.000
761.202; 4144.125;  121.125;    0.000
761.395; 4208.125;  136.125;    0.000
761.589; 4215.125;  111.125;    0.000
761.783; 4077.125;  116.125;    0.000
761.976; 4219.125;  139.125;    0.000
762.170; 4162.125;  140.125;    0.000
762.363; 4174.125;  115.125;    0.000
762.557; 4228.125;  129.125;    0.000
762.750; 4243.125;   85.125;    0.000
762.944; 4326.125;  107.125;    0.000
763.138; 4171.125;   99.125;    0.000
763.331; 4271.125;   97.125;    0.000
763.524; 4260.125;  100.125;    0.000
763.718; 4352.125;  130.125;    0.000
763.911; 4197.125;  127.125;    0.000
764.105; 4292.125;   69.125;    0.000
764.298; 4348.125;   94.125;    0.000
764.492; 4308.125;  129.125;    0.000
764.685; 4302.125;  114.125;    0.000
764.878; 4225.125;  145.125;    0.000
765.072; 4262.125;  124.125;    0.000
765.265; 4302.125;  124.125;    0.000
765.458; 4346.125;  108.125;    0.000
765.651; 4361.125;  132.125;    0.000
765.845; 4413.125;  106.125;    0.000
766.038; 4441.125;  155.125;    0.000
766.231; 5323.125;  153.125;    0.000
766.424; 8861.125;  165.125;    0.000
766.617; 8963.125;   85.125;    0.000
766.811; 5039.125;  140.125;    0.000
767.004; 4641.125;  151.125;    0.000
767.197; 4516.125;  178.125;    0.000
767.390; 4415.125;  112.125;    0.000
767.583; 4364.125;  134.125;    0.000
767.776; 4406.125;  101.125;    0.000
767.969; 4463.125;   99.125;    0.000
768.162; 4570.125;  152.125;    0.000
768.355; 4312.125;  115.125;    0.000
768.548; 4492.125;  154.125;    0.000
768.741; 4485.125;  124.125;    0.000
768.934; 4558.125;  129.125;    0.000
769.127; 4509.125;  137.125;    0.000
769.320; 4562.125;  115.125;    0.000
769.513; 4684.125;  144.125;    0.000
769.706; 5667.125;  107.125;    0.000
769.898; 8459.125;  134.125;    0.000
770.091; 6391.125;  128.125;    0.000
770.284; 4735.125;   97.125;    0.000
770.477; 4698.125;  135.125;    0.000
770.670; 4808.125;  137.125;    0.000
770.862; 4682.125;  112.125;    0.000
771.055; 4724.125;  127.125;    0.000
771.248; 4752.125;  116.125;    0.000
771.441; 4787.125;  101.125;    0.000
771.633; 4768.125;  130.125;    0.000
771.826; 4885.125;  147.125;    0.000
772.018; 4722.125;  117.125;    0.000
772.211; 4980.125;  141.125;    0.000
772.404; 4858.125;  104.125;    0.000
772.596; 4854.125;  128.125;    0.000
772.789; 5051.125;  131.125;    0.000
772.981; 4959.125;  134.125;    0.000
773.174; 4994.125;  108.125;    0.000
773.366; 5133.125;  153.125;    0.000
773.559; 5163.125;  137.125;    0.000
773.751; 5250.125;  119.125;    0.000
773.944; 5390.125;  148.125;    0.000
774.136; 5329.125;  155.125;    0.000
774.329; 5483.125;  126.125;    0.000
774.521; 5664.125;  116.125;    0.000
774.713; 5697.125;  119.125;    0.000
774.906; 5983.125;  179.125;    0.000
775.098; 6337.125;  127.125;    0.000
775.290; 6418.125;  146.125;    0.000
775.483; 6676.125;  123.125;    0.000
775.675; 7109.125;  119.125;    0.000
775.867; 7472.125;  119.125;    0.000
776.059; 8053.125;  137.125;    0.000
776.251; 9085.125;  154.125;    0.000
776.444;10048.125;  101.125;    0.000
776.636;11711.125;  153.125;    0.000
776.828;14872.125;  127.125;    0.000
777.020;20883.125;  140.125;    0.000
777.212;32277.125;  160.125;    0.000
777.404;36464.125;  170.125;    0.000
777.596;33130.125;  136.125;    0.000
777.788;24072.125;  137.125;    0.000
777.980;17996.125;  129.125;    0.000
778.172;14803.125;  139.125;    0.000
778.364;12454.125;  124.125;    0.000
778.556;11125.125;  163.125;    0.000
778.748; 9966.125;  142.125;    0.000
778.940; 9108.125;  178.125;    0.000
779.132; 8260.125;  159.125;    0.000
779.324; 7781.125;  109.125;    0.000
779.516; 7327.125;  143.125;    0.000
779.708; 7027.125;  158.125;    0.000
779.900; 6572.125;  142.125;    0.000
780.091; 6386.125;  131.125;    0.000
780.283; 6105.125;  176.125;    0.000
780.475; 5892.125;  151.125;    0.000
780.667; 5856.125;  120.125;    0.000
780.859; 5558.125;  134.125;    0.000
781.050; 5481.125;  183.125;    0.000
781.242; 5379.125;   95.125;    0.000
781.434; 5310.125;  127.125;    0.000
781.625; 5228.125;  163.125;    0.000
781.817; 5117.125;  170.125;    0.000
782.008; 4905.125;  123.125;    0.000
782.200; 5012.125;  141.125;    0.000
782.392; 4889.125;  149.125;    0.000
782.583; 4810.125;  155.125;    0.000
782.775; 4789.125;  140.125;    0.000
782.966; 4725.125;  167.125;    0.000
783.158; 4682.125;  164.125;    0.000
783.349; 4709.125;  174.125;    0.000
783.541; 4619.125;  141.125;    0.000
783.732; 4523.125;  115.125;    0.000
783.924; 4555.125;  135.125;    0.000
784.115; 4493.125;  157.125;    0.000
784.306; 4461.125;  102.125;    0.000
784.498; 4390.125;  124.125;    0.000
784.689; 4508.125;  171.125;    0.000
784.880; 4318.125;  165.125;    0.000
785.072; 4383.125;  152.125;    0.000
785.263; 4361.125;  146.125;    0.000
785.454; 4375.125;  145.125;    0.000
785.645; 4264.125;  127.125;    0.000
785.837; 4229.125;  138.125;    0.000
786.028; 4290.125;  151.125;    0.000
786.219; 4371.125;  142.125;    0.000
786.410; 4204.125;  140.125;    0.000
786.601; 4128.125;  137.125;    0.000
786.792; 4283.125;  158.125;    0.000
786.984; 4221.125;  139.125;    0.000
787.175; 4224.125;  140.125;    0.000
787.366; 4272.125;  145.125;    0.000
787.557; 4236.125;  156.125;    0.000
787.748; 4226.125;  148.125;    0.000
787.939; 4237.125;  157.125;    0.000
788.130; 4258.125;  179.125;    0.000
788.321; 4290.125;  142.125;    0.000
788.512; 4354.125;  167.125;    0.000
788.703; 4305.125;  145.125;    0.000
788.894; 4341.125;  132.125;    0.000
789.084; 4391.125;  113.125;    0.000
789.275; 4385.125;  134.125;    0.000
789.466; 4369.125;  151.125;    0.000
789.657; 4277.125;  138.125;    0.000
789.848; 4407.125;  145.125;    0.000
790.039; 4340.125;  130.125;    0.000
790.229; 4433.125;  140.125;    0.000
790.420; 4355.125;  135.125;    0.000
790.611; 4321.125;  156.125;    0.000
790.801; 4322.125;   64.125;    0.000
790.992; 4360.125;  150.125;    0.000
791.183; 4365.125;  177.125;    0.000
791.373; 4332.125;   91.125;    0.000
791.564; 4363.125;   85.125;    0.000
791.755; 4253.125;  125.125;    0.000
791.945; 4334.125;   94.125;    0.000
792.136; 4285.125;   98.125;    0.000
792.326; 4262.125;  105.125;    0.000
792.517; 4224.125;  136.125;    0.000
792.707; 4367.125;  140.125;    0.000
792.898; 4367.125;  164.125;    0.000
793.088; 4367.125;  116.125;    0.000
793.279; 4421.125;  112.125;    0.000
793.469; 4464.125;  105.125;    0.000
793.660; 4492.125;  161.125;    0.000
793.850; 4674.125;  133.125;    0.000
794.040; 4662.125;  121.125;    0.000
794.231; 4873.125;  115.125;    0.000
794.421; 5248.125;  152.125;    0.000
794.611; 5732.125;  132.125;    0.000
794.802; 6841.125;  144.125;    0.000
794.992; 7175.125;  142.125;    0.000
795.182; 7283.125;  179.125;    0.000
795.372; 6816.125;  167.125;    0.000
795.563; 6330.125;  149.125;    0.000
795.753; 5659.125;  117.125;    0.000
795.943; 5356.125;  146.125;    0.000
796.133; 5002.125;  119.125;    0.000
796.323; 4950.125;  141.125;    0.000
796.513; 4723.125;  134.125;    0.000
796.703; 4622.125;  116.125;    0.000
796.893; 4470.125;  120.125;    0.000
797.083; 4389.125;  131.125;    0.000
797.273; 4395.125;  118.125;    0.000
797.463; 4286.125;  130.125;    0.000
797.653; 4235.125;   87.125;    0.000
797.843; 4183.125;  123.125;    0.000
798.033; 4023.125;  115.125;    0.000
798.223; 4134.125;  142.125;    0.000
798.413; 4021.125;  148.125;    0.000
798.603; 3998.125;  147.125;    0.000
798.793; 3886.125;  107.125;    0.000
798.983; 3832.125;  121.125;    0.000
799.172; 3775.125;  120.125;    0.000
799.362; 3907.125;  145.125;    0.000
799.552; 3793.125;  101.125;    0.000
799.742; 3693.125;  149.125;    0.000
799.932; 3792.125;  104.125;    0.000
800.121; 3792.125;  175.125;    0.000
800.311; 3764.125;  132.125;    0.000
800.501; 3665.125;  118.125;    0.000
800.690; 3635.125;  162.125;    0.000
800.880; 3764.125;  141.125;    0.000
801.070; 3776.125;  151.125;    0.000
801.259; 3638.125;  167.125;    0.000
801.449; 3633.125;  108.125;    0.000
801.638; 3676.125;  176.125;    0.000
801.828; 3586.125;  118.125;    0.000
802.017; 3524.125;  179.125;    0.000
802.207; 3649.125;  127.125;    0.000
802.396; 3525.125;  167.125;    0.000
802.586; 3546.125;  129.125;    0.000
802.775; 3593.125;  142.125;    0.000
802.965; 3564.125;  147.125;    0.000
803.154; 3525.125;  179.125;    0.000
803.343; 3437.125;  117.125;    0.000
803.533; 3525.125;  120.125;    0.000
803.722; 3417.125;  122.125;    0.000
803.911; 3390.125;  155.125;    0.000
804.101; 3487.125;  147.125;    0.000
804.290; 3437.125;  160.125;    0.000
804.479; 3461.125;  139.125;    0.000
804.668; 3569.125;  180.125;    0.000
804.857; 3431.125;  131.125;    0.000
805.047; 3412.125;  119.125;    0.000
805.236; 3425.125;  139.125;    0.000
805.425; 3549.125;  163.125;    0.000
805.614; 3373.125;  103.125;    0.000
805.803; 3384.125;  133.125;    0.000
805.992; 3432.125;  147.125;    0.000
806.181; 3421.125;  109.125;    0.000
806.370; 3297.125;  133.125;    0.000
806.559; 3379.125;  119.125;    0.000
806.748; 3454.125;  144.125;    0.000
806.937; 3364.125;  147.125;    0.000
807.126; 3373.125;  134.125;    0.000
807.315; 3343.125;  132.125;    0.000
807.504; 3388.125;  141.125;    0.000
807.693; 3361.125;  145.125;    0.000
807.882; 3356.125;   91.125;    0.000
808.071; 3303.125;  116.125;    0.000
808.260; 3398.125;  105.125;    0.000
808.448; 3416.125;  184.125;    0.000
808.637; 3379.125;  146.125;    0.000
808.826; 3350.125;  153.125;    0.000
809.015; 3446.125;  113.125;    0.000
809.203; 3389.125;  166.125;    0.000
809.392; 3268.125;  117.125;    0.000
809.581; 3458.125;  186.125;    0.000
809.770; 3349.125;  122.125;    0.000
809.958; 3301.125;  140.125;    0.000
810.147; 3329.125;  130.125;    0.000
810.335; 3380.125;  112.125;    0.000
810.524; 3365.125;  106.125;    0.000
810.713; 3395.125;  154.125;    0.000
810.901; 3439.125;  131.125;    0.000
811.090; 3429.125;  164.125;    0.000
811.278; 3418.125;  159.125;    0.000
811.467; 3493.125;  194.125;    0.000
811.655; 3508.125;  164.125;    0.000
811.844; 3576.125;  149.125;    0.000
812.032; 3523.125;  169.125;    0.000
812.220; 3475.125;  163.125;    0.000
812.409; 3375.125;  134.125;    0.000
812.597; 3364.125;  165.125;    0.000
812.785; 3452.125;  180.125;    0.000
812.974; 3412.125;  166.125;    0.000
813.162; 3410.125;  171.125;    0.000
813.350; 3342.125;  142.125;    0.000
813.539; 3386.125;  126.125;    0.000
813.727; 3516.125;  153.125;    0.000
813.915; 3468.125;  138.125;    0.000
814.103; 3429.125;  191.125;    0.000
814.291; 3483.125;  142.125;    0.000
814.479; 3517.125;  156.125;    0.000
814.668; 3484.125;  152.125;    0.000
814.856; 3542.125;  150.125;    0.000
815.044; 3487.125;  165.125;    0.000
815.232; 3676.125;  172.125;    0.000
815.420; 3637.125;  147.125;    0.000
815.608; 3550.125;  143.125;    0.000
815.796; 3557.125;  126.125;    0.000
815.984; 3550.125;  152.125;    0.000
816.172; 3518.125;  129.125;    0.000
816.360; 3611.125;  177.125;    0.000
816.548; 3679.125;  141.125;    0.000
816.736; 3763.125;  142.125;    0.000
816.924; 3835.125;  161.125;    0.000
817.111; 3843.125;  138.125;    0.000
817.299; 3846.125;  112.125;    0.000
817.487; 4070.125;  180.125;    0.000
817.675; 4278.125;  138.125;    0.000
817.863; 4494.125;  172.125;    0.000
818.050; 5150.125;  142.125;    0.000
818.238; 6807.125;  151.125;    0.000
818.426; 9095.125;  129.125;    0.000
818.613; 8629.125;  124.125;    0.000
818.801; 8765.125;  209.125;    0.000
818.989; 8617.125;  178.125;    0.000
819.176; 7582.125;  155.125;    0.000
819.364; 8424.125;  174.125;    0.000
819.552;10603.125;  131.125;    0.000
819.739; 7641.125;  184.125;    0.000
819.927; 6473.125;  132.125;    0.000
820.114; 6167.125;  173.125;    0.000
820.302; 6132.125;  140.125;    0.000
820.489; 5982.125;  133.125;    0.000
820.677; 5821.125;  167.125;    0.000
820.864; 6157.125;  161.125;    0.000
821.052; 6840.125;  134.125;    0.000
821.239; 7644.125;  149.125;    0.000
821.426; 8389.125;  160.125;    0.000
821.614;11173.125;  143.125;    0.000
821.801;12537.125;  118.125;    0.000
821.988;10848.125;  154.125;    0.000
822.176;10292.125;  112.125;    0.000
822.363;10649.125;  131.125;    0.000
822.550; 9709.125;  131.125;    0.000
822.737; 8479.125;  104.125;    0.000
822.924; 7810.125;  160.125;    0.000
823.112; 7434.125;  161.125;    0.000
823.299; 6919.125;  169.125;    0.000
823.486; 6569.125;  129.125;    0.000
823.673; 6110.125;  135.125;    0.000
823.860; 6119.125;  169.125;    0.000
824.047; 6269.125;  124.125;    0.000
824.234; 7008.125;  160.125;    0.000
824.421; 7357.125;  114.125;    0.000
824.608; 6455.125;  191.125;    0.000
824.795; 5538.125;  160.125;    0.000
824.982; 5201.125;  139.125;    0.000
825.169; 4930.125;  121.125;    0.000
825.356; 4829.125;  148.125;    0.000
825.543; 4448.125;  167.125;    0.000
825.730; 4333.125;  103.125;    0.000
825.917; 4157.125;  113.125;    0.000
826.104; 4189.125;  188.125;    0.000
826.290; 3929.125;  193.125;    0.000
826.477; 3908.125;  175.125;    0.000
826.664; 3809.125;  151.125;    0.000
826.851; 3767.125;  122.125;    0.000
827.038; 3651.125;  121.125;    0.000
827.224; 3615.125;  124.125;    0.000
827.411; 3596.125;  155.125;    0.000
827.598; 3575.125;  127.125;    0.000
827.784; 3488.125;  140.125;    0.000
827.971; 3296.125;  114.125;    0.000
828.157; 3324.125;  135.125;    0.000
828.344; 3254.125;  173.125;    0.000
828.531; 3274.125;  113.125;    0.000
828.717; 3286.125;  137.125;    0.000
828.904; 3210.125;  158.125;    0.000
829.090; 3232.125;  199.125;    0.000
829.277; 3265.125;  156.125;    0.000
829.463; 3203.125;  154.125;    0.000
829.650; 3145.125;  174.125;    0.000
829.836; 3167.125;  136.125;    0.000
830.022; 3036.125;  143.125;    0.000
830.209; 3009.125;  157.125;    0.000
830.395; 3024.125;  156.125;    0.000
830.581; 2981.125;  148.125;    0.000
830.768; 2932.125;  169.125;    0.000
830.954; 2970.125;  169.125;    0.000
831.140; 2923.125;  124.125;    0.000
831.327; 2934.125;  157.125;    0.000
831.513; 2907.125;  163.125;    0.000
831.699; 2944.125;  176.125;    0.000
831.885; 2871.125;  154.125;    0.000
832.071; 2848.125;  159.125;    0.000
832.257; 2891.125;  142.125;    0.000
832.444; 2882.125;  159.125;    0.000
832.630; 2822.125;  129.125;    0.000
832.816; 2806.125;  132.125;    0.000
833.002; 2836.125;  125.125;    0.000
833.188; 2806.125;  144.125;    0.000
833.374; 2859.125;  131.125;    0.000
833.560; 2793.125;  154.125;    0.000
833.746; 2753.125;  171.125;    0.000
833.932; 2714.125;  162.125;    0.000
834.118; 2739.125;  131.125;    0.000
834.303; 2744.125;  113.125;    0.000
834.489; 2855.125;  170.125;    0.000
834.675; 2765.125;  177.125;    0.000
834.861; 2673.125;  154.125;    0.000
835.047; 2730.125;  171.125;    0.000
835.233; 2738.125;   98.125;    0.000
835.418; 2734.125;  138.125;    0.000
835.604; 2665.125;  140.125;    0.000
835.790; 2587.125;  130.125;    0.000
835.976; 2661.125;  129.125;    0.000
836.161; 2723.125;  142.125;    0.000
836.347; 2643.125;  128.125;    0.000
836.533; 2657.125;  143.125;    0.000
836.718; 2654.125;  164.125;    0.000
836.904; 2721.125;  172.125;    0.000
837.089; 2630.125;  152.125;    0.000
837.275; 2680.125;  143.125;    0.000
837.460; 2621.125;  125.125;    0.000
837.646; 2629.125;  137.125;    0.000
837.831; 2619.125;  153.125;    0.000
838.017; 2737.125;  171.125;    0.000
838.202; 2594.125;  111.125;    0.000
838.388; 2753.125;  140.125;    0.000
838.573; 2645.125;  158.125;    0.000
838.759; 2818.125;  188.125;    0.000
838.944; 2721.125;  125.125;    0.000
839.129; 2721.125;  123.125;    0.000
839.315; 2747.125;  181.125;    0.000
839.500; 2707.125;  150.125;    0.000
839.685; 2631.125;  109.125;    0.000
839.870; 2709.125;  202.125;    0.000
840.056; 2703.125;  101.125;    0.000
840.241; 2690.125;  184.125;    0.000
840.426; 2772.125;  192.125;    0.000
840.611; 2752.125;  180.125;    0.000
840.796; 2809.125;  156.125;    0.000
840.981; 2874.125;  142.125;    0.000
841.166; 2843.125;  161.125;    0.000
841.352; 2810.125;  185.125;    0.000
841.537; 2832.125;  139.125;    0.000
841.722; 2871.125;  143.125;    0.000
841.907; 2859.125;  140.125;    0.000
842.092; 3040.125;  176.125;    0.000
842.277; 2943.125;  136.125;    0.000
842.461; 3034.125;  155.125;    0.000
842.646; 3100.125;  163.125;    0.000
842.831; 3164.125;  153.125;    0.000
843.016; 3236.125;  187.125;    0.000
843.201; 3264.125;  179.125;    0.000
843.386; 3445.125;  167.125;    0.000
843.571; 3558.125;  129.125;    0.000
843.755; 3802.125;  136.125;    0.000
843.940; 3982.125;  121.125;    0.000
844.125; 4508.125;  157.125;    0.000
844.310; 5297.125;  175.125;    0.000
844.494; 7217.125;  164.125;    0.000
844.679;10067.125;  167.125;    0.000
844.864; 9911.125;  166.125;    0.000
845.048; 7638.125;  132.125;    0.000
845.233; 6415.125;  175.125;    0.000
845.418; 5607.125;  159.125;    0.000
845.602; 4914.125;  147.125;    0.000
845.787; 4568.125;  132.125;    0.000
845.971; 4301.125;  187.125;    0.000
846.156; 3880.125;  141.125;    0.000
846.340; 3728.125;  153.125;    0.000
846.525; 3657.125;  157.125;    0.000
846.709; 3512.125;  117.125;    0.000
846.893; 3295.125;  147.125;    0.000
847.078; 3278.125;  170.125;    0.000
847.262; 3188.125;  150.125;    0.000
847.447; 3005.125;  132.125;    0.000
847.631; 2966.125;  144.125;    0.000
847.815; 2998.125;  157.125;    0.000
848.000; 2911.125;  164.125;    0.000
848.184; 2850.125;  174.125;    0.000
848.368; 2751.125;  149.125;    0.000
848.552; 2743.125;  143.125;    0.000
848.736; 2691.125;  132.125;    0.000
848.921; 2682.125;  147.125;    0.000
849.105; 2707.125;  150.125;    0.000
849.289; 2652.125;  146.125;    0.000
849.473; 2668.125;  167.125;    0.000
849.657; 2664.125;  149.125;    0.000
849.841; 2583.125;  181.125;    0.000
850.025; 2594.125;  154.125;    0.000
850.209; 2566.125;  152.125;    0.000
850.393; 2556.125;  139.125;    0.000
850.577; 2576.125;  128.125;    0.000
850.761; 2536.125;  194.125;    0.000
850.945; 2439.125;  152.125;    0.000
851.129; 2491.125;  157.125;    0.000
851.313; 2532.125;  181.125;    0.000
851.497; 2438.125;  145.125;    0.000
851.680; 2512.125;  168.125;    0.000
851.864; 2498.125;  185.125;    0.000
852.048; 2482.125;  170.125;    0.000
852.232; 2416.125;  192.125;    0.000
852.416; 2501.125;  182.125;    0.000
852.599; 2468.125;  169.125;    0.000
852.783; 2481.125;  168.125;    0.000
852.967; 2453.125;  184.125;    0.000
853.150; 2456.125;  163.125;    0.000
853.334; 2427.125;  164.125;    0.000
853.518; 2430.125;  190.125;    0.000
853.701; 2379.125;  137.125;    0.000
853.885; 2447.125;  177.125;    0.000
854.068; 2470.125;  163.125;    0.000
854.252; 2678.125;  139.125;    0.000
854.435; 2623.125;  152.125;    0.000
854.619; 2474.125;  148.125;    0.000
854.802; 2442.125;  168.125;    0.000
854.986; 2455.125;  157.125;    0.000
855.169; 2447.125;  147.125;    0.000
855.353; 2504.125;  173.125;    0.000
855.536; 2433.125;  127.125;    0.000
855.719; 2423.125;  191.125;    0.000
855.903; 2470.125;  186.125;    0.000
856.086; 2480.125;  145.125;    0.000
856.269; 2480.125;  130.125;    0.000
856.452; 2519.125;  153.125;    0.000
856.636; 2590.125;  129.125;    0.000
856.819; 2789.125;  134.125;    0.000
857.002; 2892.125;  152.125;    0.000
857.185; 2760.125;  140.125;    0.000
857.368; 2622.125;  170.125;    0.000
857.552; 2635.125;  132.125;    0.000
857.735; 2643.125;  160.125;    0.000
857.918; 2584.125;  139.125;    0.000
858.101; 2580.125;  159.125;    0.000
858.284; 2505.125;  136.125;    0.000
858.467; 2564.125;  147.125;    0.000
858.650; 2548.125;  153.125;    0.000
858.833; 2636.125;  113.125;    0.000
859.016; 2672.125;  167.125;    0.000
859.199; 2885.125;  141.125;    0.000
859.382; 3198.125;  155.125;    0.000
859.564; 3402.125;  136.125;    0.000
859.747; 3256.125;  142.125;    0.000
859.930; 3098.125;  141.125;    0.000
860.113; 3013.125;  156.125;    0.000
860.296; 3083.125;  167.125;    0.000
860.478; 2917.125;  121.125;    0.000
860.661; 2818.125;  230.125;    0.000
860.844; 2933.125;  186.125;    0.000
861.027; 2883.125;  155.125;    0.000
861.209; 2854.125;  151.125;    0.000
861.392; 2819.125;  162.125;    0.000
861.575; 2919.125;  150.125;    0.000
861.757; 2959.125;  162.125;    0.000
861.940; 2858.125;  207.125;    0.000
862.122; 2995.125;  113.125;    0.000
862.305; 2978.125;  114.125;    0.000
862.487; 3192.125;  162.125;    0.000
862.670; 3368.125;  148.125;    0.000
862.852; 3937.125;  131.125;    0.000
863.035; 4832.125;  174.125;    0.000
863.217; 4777.125;  170.125;    0.000
863.400; 4250.125;  148.125;    0.000
863.582; 3918.125;  129.125;    0.000
863.764; 3745.125;  181.125;    0.000
863.947; 3572.125;  152.125;    0.000
864.129; 3519.125;  178.125;    0.000
864.311; 3483.125;  139.125;    0.000
864.493; 3331.125;  166.125;    0.000
864.676; 3411.125;  148.125;    0.000
864.858; 3306.125;  123.125;    0.000
865.040; 3346.125;  180.125;    0.000
865.222; 3320.125;  131.125;    0.000
865.404; 3374.125;  146.125;    0.000
865.587; 3564.125;  175.125;    0.000
865.769; 3693.125;  183.125;    0.000
865.951; 3725.125;  171.125;    0.000
866.133; 3720.125;  165.125;    0.000
866.315; 3769.125;  138.125;    0.000
866.497; 3674.125;  139.125;    0.000
866.679; 3751.125;  167.125;    0.000
866.861; 3947.125;  151.125;    0.000
867.043; 4136.125;  190.125;    0.000
867.225; 4425.125;  140.125;    0.000
867.407; 4639.125;  125.125;    0.000
867.589; 5338.125;  141.125;    0.000
867.770; 6380.125;  149.125;    0.000
867.952; 8922.125;  138.125;    0.000
868.134;11689.125;  153.125;    0.000
868.316;11754.125;  148.125;    0.000
868.498;11231.125;  180.125;    0.000
868.679; 9768.125;  152.125;    0.000
868.861; 8205.125;  174.125;    0.000
869.043; 7005.125;  152.125;    0.000
869.224; 6155.125;  177.125;    0.000
869.406; 5480.125;  171.125;    0.000
869.588; 5146.125;  177.125;    0.000
869.769; 4821.125;  174.125;    0.000
869.951; 4739.125;  167.125;    0.000
870.132; 4792.125;  144.125;    0.000
870.314; 5284.125;  143.125;    0.000
870.495; 5431.125;  162.125;    0.000
870.677; 5011.125;  136.125;    0.000
870.858; 4794.125;  155.125;    0.000
871.040; 5038.125;  179.125;    0.000
871.221; 5702.125;  177.125;    0.000
871.403; 5264.125;  180.125;    0.000
871.584; 4914.125;  157.125;    0.000
871.765; 5037.125;  183.125;    0.000
871.947; 5385.125;  169.125;    0.000
872.128; 4823.125;  162.125;    0.000
872.309; 4230.125;  159.125;    0.000
872.491; 3813.125;  148.125;    0.000
872.672; 3725.125;  163.125;    0.000
872.853; 3567.125;  152.125;    0.000
873.034; 3502.125;  166.125;    0.000
873.215; 3295.125;  155.125;    0.000
873.396; 3113.125;  147.125;    0.000
873.578; 3023.125;  147.125;    0.000
873.759; 2914.125;  153.125;    0.000
873.940; 2875.125;  194.125;    0.000
874.121; 2802.125;  179.125;    0.000
874.302; 2773.125;  155.125;    0.000
874.483; 2596.125;  131.125;    0.000
874.664; 2775.125;  106.125;    0.000
874.845; 2706.125;  122.125;    0.000
875.026; 2665.125;  127.125;    0.000
875.207; 2489.125;  151.125;    0.000
875.388; 2614.125;  149.125;    0.000
875.568; 2544.125;  164.125;    0.000
875.749; 2471.125;  176.125;    0.000
875.930; 2497.125;  207.125;    0.000
876.111; 2385.125;  177.125;    0.000
876.292; 2319.125;  178.125;    0.000
876.472; 2320.125;  163.125;    0.000
876.653; 2334.125;  159.125;    0.000
876.834; 2273.125;  177.125;    0.000
877.015; 2319.125;  212.125;    0.000
877.195; 2326.125;  166.125;    0.000
877.376; 2230.125;  157.125;    0.000
877.556; 2249.125;  175.125;    0.000
877.737; 2281.125;  220.125;    0.000
877.918; 2222.125;  163.125;    0.000
878.098; 2157.125;  166.125;    0.000
878.279; 2195.125;  136.125;    0.000
878.459; 2159.125;  167.125;    0.000
878.640; 2181.125;  167.125;    0.000
878.820; 2159.125;  155.125;    0.000
879.000; 2133.125;  158.125;    0.000
879.181; 2186.125;  155.125;    0.000
879.361; 2104.125;  181.125;    0.000
879.542; 2173.125;  181.125;    0.000
879.722; 2150.125;  117.125;    0.000
879.902; 2143.125;  180.125;    0.000
880.083; 2093.125;  139.125;    0.000
880.263; 2156.125;  168.125;    0.000
880.443; 2261.125;  206.125;    0.000
880.623; 2551.125;  132.125;    0.000
880.803; 2810.125;  149.125;    0.000
880.984; 2411.125;  189.125;    0.000
881.164; 2312.125;  171.125;    0.000
881.344; 2315.125;  150.125;    0.000
881.524; 2270.125;  185.125;    0.000
881.704; 2259.125;  152.125;    0.000
881.884; 2344.125;  188.125;    0.000
882.064; 2400.125;  155.125;    0.000
882.244; 2470.125;  182.125;    0.000
882.424; 2417.125;  154.125;    0.000
882.604; 2356.125;  175.125;    0.000
882.784; 2324.125;  137.125;    0.000
882.964; 2150.125;  135.125;    0.000
883.144; 2123.125;  142.125;    0.000
883.324; 2207.125;  192.125;    0.000
883.504; 2176.125;  193.125;    0.000
883.683; 2132.125;  208.125;    0.000
883.863; 2131.125;  127.125;    0.000
884.043; 2076.125;  140.125;    0.000
884.223; 2074.125;  167.125;    0.000
884.402; 2030.125;  156.125;    0.000
884.582; 1994.125;  185.125;    0.000
884.762; 1982.125;  187.125;    0.000
884.941; 2042.125;  201.125;    0.000
885.121; 2019.125;  157.125;    0.000
885.301; 2017.125;  173.125;    0.000
885.480; 2021.125;  158.125;    0.000
885.660; 2003.125;  153.125;    0.000
885.839; 2019.125;  144.125;    0.000
886.019; 1930.125;  184.125;    0.000
886.198; 1945.125;  132.125;    0.000
886.378; 1941.125;  124.125;    0.000
886.557; 1940.125;  146.125;    0.000
886.737; 1886.125;  157.125;    0.000
886.916; 1987.125;  203.125;    0.000
887.095; 1915.125;  151.125;    0.000
887.275; 1899.125;  143.125;    0.000
887.454; 1930.125;  140.125;    0.000
887.633; 1931.125;  196.125;    0.000
887.813; 1916.125;  161.125;    0.000
887.992; 1968.125;  183.125;    0.000
888.171; 1890.125;  153.125;    0.000
888.350; 2005.125;  185.125;    0.000
888.530; 1922.125;  163.125;    0.000
888.709; 1928.125;  174.125;    0.000
888.888; 1920.125;  179.125;    0.000
889.067; 1885.125;  178.125;    0.000
889.246; 1999.125;  184.125;    0.000
889.425; 1943.125;  169.125;    0.000
889.604; 1924.125;  210.125;    0.000
889.783; 1970.125;  183.125;    0.000
889.962; 1779.125;  116.125;    0.000
890.141; 2002.125;  179.125;    0.000
890.320; 1854.125;  182.125;    0.000
890.499; 1922.125;  188.125;    0.000
890.678; 1903.125;  167.125;    0.000
890.857; 1890.125;  141.125;    0.000
891.036; 1911.125;  179.125;    0.000
891.214; 1873.125;  156.125;    0.000
891.393; 1873.125;  209.125;    0.000
891.572; 1912.125;  181.125;    0.000
891.751; 1971.125;  172.125;    0.000
891.930; 1914.125;  169.125;    0.000
892.108; 1973.125;  131.125;    0.000
892.287; 1933.125;  162.125;    0.000
892.466; 1950.125;  178.125;    0.000
892.644; 1922.125;  161.125;    0.000
892.823; 1877.125;  180.125;    0.000
893.001; 1907.125;  179.125;    0.000
893.180; 1919.125;  152.125;    0.000
893.359; 1987.125;  184.125;    0.000
893.537; 1957.125;  178.125;    0.000
893.716; 2013.125;  169.125;    0.000
893.894; 1964.125;  159.125;    0.000
894.073; 1906.125;  179.125;    0.000
894.251; 1960.125;  167.125;    0.000
894.429; 1869.125;  142.125;    0.000
894.608; 1937.125;  166.125;    0.000
894.786; 1892.125;  153.125;    0.000
894.964; 1861.125;  181.125;    0.000
895.143; 1902.125;  161.125;    0.000
895.321; 1867.125;  198.125;    0.000
895.499; 1899.125;  184.125;    0.000
895.677; 1874.125;  178.125;    0.000
895.856; 1923.125;  226.125;    0.000
896.034; 1829.125;  180.125;    0.000
896.212; 1954.125;  200.125;    0.000
896.390; 1892.125;  161.125;    0.000
896.568; 1983.125;  204.125;    0.000
896.746; 1964.125;  136.125;    0.000
896.924; 1933.125;  171.125;    0.000
897.102; 1965.125;  203.125;    0.000
897.280; 1950.125;  142.125;    0.000
897.458; 1890.125;  159.125;    0.000
897.636; 1938.125;  163.125;    0.000
897.814; 1883.125;  137.125;    0.000
897.992; 1951.125;  199.125;    0.000
898.170; 1905.125;  176.125;    0.000
898.348; 1941.125;  195.125;    0.000
898.526; 1923.125;  199.125;    0.000
898.704; 1972.125;  260.125;    0.000
898.882; 1928.125;  185.125;    0.000
899.059; 1987.125;  169.125;    0.000
899.237; 1991.125;  197.125;    0.000
899.415; 1974.125;  207.125;    0.000
899.593; 1932.125;  169.125;    0.000
899.770; 1920.125;  182.125;    0.000
899.948; 2014.125;  198.125;    0.000
900.125; 2036.125;  200.125;    0.000
900.303; 1987.125;  165.125;    0.000
900.481; 2070.125;  182.125;    0.000
900.658; 2046.125;  206.125;    0.000
900.836; 2025.125;  188.125;    0.000
901.013; 2054.125;  169.125;    0.000
901.191; 2098.125;  172.125;    0.000
901.368; 1979.125;  170.125;    0.000
901.546; 2147.125;  234.125;    0.000
901.723; 2125.125;  173.125;    0.000
901.901; 2229.125;  190.125;    0.000
902.078; 2295.125;  145.125;    0.000
902.255; 2206.125;  204.125;    0.000
902.433; 2272.125;  198.125;    0.000
902.610; 2269.125;  190.125;    0.000
902.787; 2329.125;  204.125;    0.000
902.964; 2376.125;  208.125;    0.000
903.142; 2403.125;  187.125;    0.000
903.319; 2462.125;  216.125;    0.000
903.496; 2495.125;  186.125;    0.000
903.673; 2491.125;  201.125;    0.000
903.850; 2444.125;  195.125;    0.000
904.027; 2684.125;  211.125;    0.000
904.204; 2675.125;  197.125;    0.000
904.381; 2940.125;  198.125;    0.000
904.558; 3306.125;  188.125;    0.000
904.735; 3718.125;  207.125;    0.000
904.912; 3820.125;  217.125;    0.000
905.089; 3716.125;  188.125;    0.000
905.266; 3430.125;  160.125;    0.000
905.443; 3277.125;  221.125;    0.000
905.620; 2923.125;  163.125;    0.000
905.797; 2886.125;  186.125;    0.000
905.974; 2916.125;  205.125;    0.000
906.151; 2719.125;  159.125;    0.000
906.327; 2805.125;  206.125;    0.000
906.504; 2754.125;  201.125;    0.000
906.681; 2643.125;  202.125;    0.000
906.858; 2572.125;  188.125;    0.000
907.034; 2622.125;  207.125;    0.000
907.211; 2507.125;  182.125;    0.000
907.388; 2531.125;  184.125;    0.000
907.564; 2412.125;  148.125;    0.000
907.741; 2394.125;  181.125;    0.000
907.917; 2351.125;  191.125;    0.000
908.094; 2264.125;  210.125;    0.000
908.271; 2228.125;  171.125;    0.000
908.447; 2302.125;  241.125;    0.000
908.623; 2245.125;  188.125;    0.000
908.800; 2312.125;  205.125;    0.000
908.976; 2206.125;  210.125;    0.000
909.153; 2184.125;  193.125;    0.000
909.329; 2225.125;  206.125;    0.000
909.505; 2171.125;  181.125;    0.000
909.682; 2152.125;  192.125;    0.000
909.858; 2113.125;  134.125;    0.000
910.034; 2208.125;  214.125;    0.000
910.211; 2063.125;  182.125;    0.000
910.387; 2046.125;  194.125;    0.000
910.563; 2092.125;  199.125;    0.000
910.739; 2065.125;  188.125;    0.000
910.915; 2092.125;  192.125;    0.000
911.091; 2104.125;  198.125;    0.000
911.268; 2123.125;  178.125;    0.000
911.444; 2038.125;  201.125;    0.000
911.620; 2105.125;  181.125;    0.000
911.796; 1916.125;  185.125;    0.000
911.972; 2064.125;  176.125;    0.000
912.148; 2122.125;  196.125;    0.000
912.324; 2057.125;  192.125;    0.000
912.500; 2017.125;  204.125;    0.000
912.676; 2008.125;  164.125;    0.000
912.851; 2008.125;  193.125;    0.000
913.027; 1953.125;  175.125;    0.000
913.203; 2089.125;  193.125;    0.000
913.379; 2009.125;  213.125;    0.000
913.555; 1928.125;  211.125;    0.000
913.730; 1996.125;  194.125;    0.000
913.906; 1991.125;  153.125;    0.000
914.082; 2035.125;  212.125;    0.000
914.258; 2003.125;  194.125;    0.000
914.433; 2044.125;  191.125;    0.000
914.609; 1970.125;  208.125;    0.000
914.784; 2006.125;  176.125;    0.000
914.960; 2020.125;  227.125;    0.000
915.136; 1950.125;  152.125;    0.000
915.311; 1986.125;  171.125;    0.000
915.487; 1969.125;  173.125;    0.000
915.662; 2027.125;  189.125;    0.000
915.838; 2018.125;  179.125;    0.000
916.013; 2075.125;  191.125;    0.000
916.189; 2073.125;  207.125;    0.000
916.364; 2045.125;  194.125;    0.000
916.539; 1942.125;  174.125;    0.000
916.715; 1949.125;  207.125;    0.000
916.890; 2020.125;  193.125;    0.000
917.065; 1997.125;  199.125;    0.000
917.240; 1945.125;  214.125;    0.000
917.416; 2025.125;  194.125;    0.000
917.591; 2089.125;  213.125;    0.000
917.766; 2054.125;  194.125;    0.000
917.941; 1931.125;  201.125;    0.000
918.116; 1975.125;  198.125;    0.000
918.292; 1935.125;  176.125;    0.000
918.467; 2045.125;  190.125;    0.000
918.642; 2001.125;  200.125;    0.000
918.817; 1996.125;  186.125;    0.000
918.992; 1972.125;  174.125;    0.000
919.167; 2024.125;  197.125;    0.000
919.342; 2017.125;  188.125;    0.000
919.517; 2013.125;  179.125;    0.000
919.692; 2012.125;  182.125;    0.000
919.867; 2054.125;  216.125;    0.000
920.041; 1970.125;  208.125;    0.000
920.216; 2099.125;  223.125;    0.000
920.391; 2137.125;  203.125;    0.000
920.566; 2184.125;  202.125;    0.000
920.741; 2149.125;  197.125;    0.000
920.915; 2127.125;  223.125;    0.000
921.090; 2216.125;  183.125;    0.000
921.265; 2393.125;  169.125;    0.000
921.439; 2572.125;  212.125;    0.000
921.614; 2391.125;  190.125;    0.000
921.789; 2306.125;  177.125;    0.000
921.963; 2266.125;  233.125;    0.000
922.138; 2213.125;  156.125;    0.000
922.312; 2170.125;  193.125;    0.000
922.487; 2222.125;  208.125;    0.000
922.661; 2275.125;  212.125;    0.000
922.836; 2393.125;  210.125;    0.000
923.010; 2365.125;  183.125;    0.000
923.185; 2313.125;  228.125;    0.000
923.359; 2209.125;  227.125;    0.000
923.534; 2208.125;  189.125;    0.000
923.708; 2327.125;  210.125;    0.000
923.882; 2415.125;  217.125;    0.000
924.057; 2195.125;  195.125;    0.000
924.231; 2183.125;  201.125;    0.000
924.405; 2282.125;  188.125;    0.000
924.579; 2286.125;  188.125;    0.000
924.753; 2230.125;  174.125;    0.000
924.928; 2312.125;  179.125;    0.000
925.102; 2260.125;  186.125;    0.000
925.276; 2367.125;  201.125;    0.000
925.450; 2343.125;  211.125;    0.000
925.624; 2411.125;  238.125;    0.000
925.798; 2410.125;  191.125;    0.000
925.972; 2502.125;  192.125;    0.000
926.146; 2756.125;  198.125;    0.000
926.320; 2928.125;  151.125;    0.000
926.494; 3154.125;  202.125;    0.000
926.668; 3327.125;  197.125;    0.000
926.842; 3451.125;  177.125;    0.000
927.016; 3342.125;  202.125;    0.000
927.190; 3244.125;  207.125;    0.000
927.363; 3093.125;  180.125;    0.000
927.537; 3078.125;  212.125;    0.000
927.711; 2966.125;  148.125;    0.000
927.885; 2875.125;  196.125;    0.000
928.058; 2820.125;  173.125;    0.000
928.232; 2769.125;  219.125;    0.000
928.406; 2749.125;  141.125;    0.000
928.579; 2677.125;  157.125;    0.000
928.753; 2662.125;  205.125;    0.000
928.927; 2526.125;  196.125;    0.000
929.100; 2657.125;  237.125;    0.000
929.274; 2523.125;  166.125;    0.000
929.447; 2539.125;  150.125;    0.000
929.621; 2449.125;  188.125;    0.000
929.794; 2521.125;  169.125;    0.000
929.968; 2443.125;  194.125;    0.000
930.141; 2374.125;  226.125;    0.000
930.315; 2372.125;  196.125;    0.000
930.488; 2363.125;  233.125;    0.000
930.661; 2303.125;  188.125;    0.000
930.835; 2280.125;  170.125;    0.000
931.008; 2275.125;  176.125;    0.000
931.181; 2190.125;  175.125;    0.000
931.354; 2224.125;  212.125;    0.000
931.528; 2214.125;  177.125;    0.000
931.701; 2178.125;  218.125;    0.000
931.874; 2190.125;  175.125;    0.000
932.047; 2103.125;  157.125;    0.000
932.220; 2162.125;  187.125;    0.000
932.393; 2065.125;  166.125;    0.000
932.566; 2103.125;  168.125;    0.000
932.739; 2127.125;  203.125;    0.000
932.912; 2156.125;  202.125;    0.000
933.085; 2077.125;  209.125;    0.000
933.258; 2137.125;  196.125;    0.000
933.431; 2060.125;  207.125;    0.000
933.604; 2050.125;  201.125;    0.000
933.777; 2136.125;  202.125;    0.000
933.950; 1983.125;  184.125;    0.000
934.123; 2025.125;  167.125;    0.000
934.296; 1992.125;  209.125;    0.000
934.468; 2033.125;  216.125;    0.000
934.641; 2016.125;  156.125;    0.000
934.814; 1940.125;  215.125;    0.000
934.987; 1997.125;  201.125;    0.000
935.159; 2096.125;  176.125;    0.000
935.332; 2029.125;  203.125;    0.000
935.505; 2004.125;  163.125;    0.000
935.677; 1990.125;  169.125;    0.000
935.850; 1993.125;  178.125;    0.000
936.022; 1976.125;  187.125;    0.000
936.195; 1975.125;  207.125;    0.000
936.367; 1932.125;  191.125;    0.000
936.540; 2033.125;  214.125;    0.000
936.712; 2033.125;  202.125;    0.000
936.885; 2014.125;  195.125;    0.000
937.057; 2018.125;  173.125;    0.000
937.229; 2040.125;  179.125;    0.000
937.402; 2067.125;  174.125;    0.000
937.574; 2125.125;  140.125;    0.000
937.746; 2243.125;  153.125;    0.000
937.919; 2235.125;  196.125;    0.000
938.091; 2364.125;  173.125;    0.000
938.263; 2510.125;  206.125;    0.000
938.435; 2733.125;  213.125;    0.000
938.608; 2976.125;  204.125;    0.000
938.780; 3512.125;  199.125;    0.000
938.952; 3468.125;  190.125;    0.000
939.124; 3689.125;  182.125;    0.000
939.296; 4061.125;  188.125;    0.000
939.468; 4154.125;  119.125;    0.000
939.640; 3820.125;  171.125;    0.000
939.812; 3500.125;  222.125;    0.000
939.984; 3101.125;  172.125;    0.000
940.156; 2877.125;  171.125;    0.000
940.328; 2669.125;  215.125;    0.000
940.500; 2610.125;  179.125;    0.000
940.672; 2534.125;  178.125;    0.000
940.843; 2383.125;  193.125;    0.000
941.015; 2393.125;  207.125;    0.000
941.187; 2361.125;  179.125;    0.000
941.359; 2291.125;  191.125;    0.000
941.531; 2159.125;  160.125;    0.000
941.702; 2280.125;  208.125;    0.000
941.874; 2233.125;  143.125;    0.000
942.046; 2161.125;  189.125;    0.000
942.217; 2162.125;  167.125;    0.000
942.389; 2040.125;  199.125;    0.000
942.560; 2114.125;  179.125;    0.000
942.732; 2009.125;  209.125;    0.000
942.904; 1989.125;  180.125;    0.000
943.075; 1941.125;  197.125;    0.000
943.247; 1950.125;  207.125;    0.000
943.418; 1909.125;  183.125;    0.000
943.589; 1917.125;  176.125;    0.000
943.761; 1955.125;  165.125;    0.000
943.932; 1897.125;  170.125;    0.000
944.104; 1885.125;  147.125;    0.000
944.275; 1891.125;  149.125;    0.000
944.446; 1831.125;  191.125;    0.000
944.617; 1770.125;  128.125;    0.000
944.789; 1903.125;  166.125;    0.000
944.960; 1851.125;  195.125;    0.000
945.131; 1824.125;  164.125;    0.000
945.302; 1930.125;  229.125;    0.000
945.473; 1865.125;  153.125;    0.000
945.645; 1934.125;  166.125;    0.000
945.816; 1954.125;  187.125;    0.000
945.987; 1886.125;  193.125;    0.000
946.158; 1985.125;  166.125;    0.000
946.329; 1951.125;  196.125;    0.000
946.500; 1879.125;  152.125;    0.000
946.671; 1909.125;  161.125;    0.000
946.842; 1879.125;  176.125;    0.000
947.013; 1795.125;  188.125;    0.000
947.183; 1872.125;  213.125;    0.000
947.354; 1780.125;  163.125;    0.000
947.525; 1873.125;  204.125;    0.000
947.696; 1804.125;  159.125;    0.000
947.867; 1816.125;  197.125;    0.000
948.037; 1724.125;  174.125;    0.000
948.208; 1846.125;  163.125;    0.000
948.379; 1903.125;  189.125;    0.000
948.550; 1788.125;  173.125;    0.000
948.720; 1744.125;  186.125;    0.000
948.891; 1774.125;  166.125;    0.000
949.061; 1773.125;  197.125;    0.000
949.232; 1682.125;  168.125;    0.000
949.403; 1742.125;  188.125;    0.000
949.573; 1792.125;  164.125;    0.000
949.744; 1751.125;  194.125;    0.000
949.914; 1751.125;  154.125;    0.000
950.085; 1773.125;  197.125;    0.000
950.255; 1697.125;  187.125;    0.000
950.425; 1772.125;  193.125;    0.000
950.596; 1716.125;  182.125;    0.000
950.766; 1824.125;  202.125;    0.000
950.936; 1781.125;  230.125;    0.000
951.107; 1743.125;  133.125;    0.000
951.277; 1730.125;  234.125;    0.000
951.447; 1720.125;  200.125;    0.000
951.617; 1808.125;  212.125;    0.000
951.788; 1761.125;  176.125;    0.000
951.958; 1778.125;  218.125;    0.000
952.128; 1739.125;  198.125;    0.000
952.298; 1704.125;  185.125;    0.000
952.468; 1794.125;  231.125;    0.000
952.638; 1753.125;  213.125;    0.000
952.808; 1689.125;  218.125;    0.000
952.978; 1730.125;  252.125;    0.000
953.148; 1752.125;  200.125;    0.000
953.318; 1717.125;  243.125;    0.000
953.488; 1657.125;  140.125;    0.000
953.658; 1641.125;  208.125;    0.000
953.828; 1649.125;  179.125;    0.000
953.998; 1642.125;  211.125;    0.000
954.167; 1715.125;  197.125;    0.000
954.337; 1689.125;  217.125;    0.000
954.507; 1685.125;  219.125;    0.000
954.677; 1645.125;  201.125;    0.000
954.846; 1727.125;  241.125;    0.000
955.016; 1646.125;  222.125;    0.000
955.186; 1613.125;  200.125;    0.000
955.355; 1691.125;  247.125;    0.000
955.525; 1695.125;  212.125;    0.000
955.695; 1682.125;  200.125;    0.000
955.864; 1635.125;  196.125;    0.000
956.034; 1697.125;  195.125;    0.000
956.203; 1692.125;  243.125;    0.000
956.373; 1622.125;  197.125;    0.000
956.542; 1649.125;  237.125;    0.000
956.711; 1684.125;  249.125;    0.000
956.881; 1609.125;  235.125;    0.000
957.050; 1716.125;  259.125;    0.000
957.220; 1683.125;  234.125;    0.000
957.389; 1637.125;  250.125;    0.000
957.558; 1628.125;  214.125;    0.000
957.727; 1603.125;  225.125;    0.000
957.897; 1654.125;  211.125;    0.000
958.066; 1584.125;  200.125;    0.000
958.235; 1527.125;  202.125;    0.000
958.404; 1578.125;  242.125;    0.000
958.573; 1598.125;  222.125;    0.000
958.743; 1603.125;  191.125;    0.000
958.912; 1568.125;  183.125;    0.000
959.081; 1608.125;  212.125;    0.000
959.250; 1525.125;  192.125;    0.000
959.419; 1575.125;  238.125;    0.000
959.588; 1552.125;  205.125;    0.000
959.757; 1542.125;  213.125;    0.000
959.926; 1606.125;  217.125;    0.000
960.094; 1549.125;  215.125;    0.000
960.263; 1524.125;  220.125;    0.000
960.432; 1512.125;  164.125;    0.000
960.601; 1487.125;  228.125;    0.000
960.770; 1537.125;  176.125;    0.000
960.939; 1551.125;  201.125;    0.000
961.107; 1528.125;  183.125;    0.000
961.276; 1576.125;  199.125;    0.000
961.445; 1596.125;  205.125;    0.000
961.613; 1551.125;  183.125;    0.000
961.782; 1596.125;  216.125;    0.000
961.951; 1564.125;  169.125;    0.000
962.119; 1564.125;  211.125;    0.000
962.288; 1538.125;  204.125;    0.000
962.456; 1540.125;  187.125;    0.000
962.625; 1602.125;  223.125;    0.000
962.793; 1518.125;  200.125;    0.000
962.962; 1502.125;  185.125;    0.000
963.130; 1491.125;  195.125;    0.000
963.298; 1600.125;  187.125;    0.000
963.467; 1487.125;  247.125;    0.000
963.635; 1589.125;  165.125;    0.000
963.803; 1533.125;  192.125;    0.000
963.972; 1542.125;  191.125;    0.000
964.140; 1506.125;  163.125;    0.000
964.308; 1538.125;  161.125;    0.000
964.477; 1469.125;  182.125;    0.000
964.645; 1563.125;  195.125;    0.000
964.813; 1519.125;  165.125;    0.000
964.981; 1509.125;  193.125;    0.000
965.149; 1571.125;  174.125;    0.000
965.317; 1575.125;  194.125;    0.000
965.485; 1508.125;  209.125;    0.000
965.653; 1580.125;  210.125;    0.000
965.821; 1503.125;  194.125;    0.000
965.989; 1586.125;  182.125;    0.000
966.157; 1520.125;  180.125;    0.000
966.325; 1506.125;  198.125;    0.000
966.493; 1548.125;  182.125;    0.000
966.661; 1482.125;  200.125;    0.000
966.829; 1573.125;  190.125;    0.000
966.996; 1538.125;  221.125;    0.000
967.164; 1553.125;  176.125;    0.000
967.332; 1558.125;  228.125;    0.000
967.500; 1441.125;  177.125;    0.000
967.667; 1505.125;  202.125;    0.000
967.835; 1575.125;  220.125;    0.000
968.003; 1527.125;  183.125;    0.000
968.170; 1539.125;  163.125;    0.000
968.338; 1461.125;  162.125;    0.000
968.505; 1513.125;  198.125;    0.000
968.673; 1544.125;  213.125;    0.000
968.841; 1544.125;  131.125;    0.000
969.008; 1500.125;  225.125;    0.000
969.175; 1509.125;  202.125;    0.000
969.343; 1563.125;  222.125;    0.000
969.510; 1552.125;  230.125;    0.000
969.678; 1470.125;  161.125;    0.000
969.845; 1572.125;  208.125;    0.000
970.012; 1517.125;  186.125;    0.000
970.180; 1578.125;  226.125;    0.000
970.347; 1534.125;  222.125;    0.000
970.514; 1503.125;  206.125;    0.000
970.681; 1526.125;  173.125;    0.000
970.849; 1563.125;  190.125;    0.000
971.016; 1555.125;  220.125;    0.000
971.183; 1551.125;  202.125;    0.000
971.350; 1592.125;  196.125;    0.000
971.517; 1533.125;  218.125;    0.000
971.684; 1622.125;  228.125;    0.000
971.851; 1546.125;  235.125;    0.000
972.018; 1570.125;  200.125;    0.000
972.185; 1546.125;  183.125;    0.000
972.352; 1543.125;  216.125;    0.000
972.519; 1593.125;  227.125;    0.000
972.686; 1445.125;  209.125;    0.000
972.853; 1573.125;  157.125;    0.000
973.020; 1523.125;  179.125;    0.000
973.186; 1528.125;  173.125;    0.000
973.353; 1507.125;  189.125;    0.000
973.520; 1455.125;  228.125;    0.000
973.687; 1521.125;  190.125;    0.000
973.853; 1536.125;  197.125;    0.000
974.020; 1562.125;  208.125;    0.000
974.187; 1538.125;  158.125;    0.000
974.353; 1544.125;  201.125;    0.000
974.520; 1413.125;  158.125;    0.000
974.687; 1544.125;  192.125;    0.000
974.853; 1533.125;  177.125;    0.000
975.020; 1531.125;  212.125;    0.000
975.186; 1486.125;  200.125;    0.000
975.353; 1521.125;  208.125;    0.000
975.519; 1474.125;  169.125;    0.000
975.685; 1491.125;  176.125;    0.000
975.852; 1572.125;  201.125;    0.000
976.018; 1477.125;  209.125;    0.000
976.184; 1551.125;  197.125;    0.000
976.351; 1479.125;  196.125;    0.000
976.517; 1534.125;  243.125;    0.000
976.683; 1502.125;  210.125;    0.000
976.849; 1577.125;  226.125;    0.000
977.016; 1450.125;  218.125;    0.000
977.182; 1452.125;  213.125;    0.000
977.348; 1493.125;  205.125;    0.000
977.514; 1479.125;  210.125;    0.000
977.680; 1493.125;  226.125;    0.000
977.846; 1535.125;  206.125;    0.000
978.012; 1492.125;  222.125;    0.000
978.178; 1415.125;  216.125;    0.000
978.344; 1462.125;  172.125;    0.000
978.510; 1497.125;  210.125;    0.000
978.676; 1486.125;  184.125;    0.000
978.842; 1514.125;  190.125;    0.000
979.008; 1500.125;  203.125;    0.000
979.174; 1529.125;  211.125;    0.000
979.340; 1497.125;  190.125;    0.000
979.505; 1513.125;  235.125;    0.000
979.671; 1515.125;  182.125;    0.000
979.837; 1536.125;  235.125;    0.000
980.003; 1431.125;  183.125;    0.000
980.168; 1443.125;  220.125;    0.000
980.334; 1433.125;  161.125;    0.000
980.499; 1598.125;  212.125;    0.000
980.665; 1588.125;  219.125;    0.000
980.831; 1522.125;  201.125;    0.000
980.996; 1476.125;  189.125;    0.000
981.162; 1561.125;  222.125;    0.000
981.327; 1489.125;  173.125;    0.000
981.493; 1542.125;  197.125;    0.000
981.658; 1547.125;  178.125;    0.000
981.823; 1530.125;  196.125;    0.000
981.989; 1493.125;  248.125;    0.000
982.154; 1589.125;  222.125;    0.000
982.319; 1541.125;  226.125;    0.000
982.485; 1568.125;  188.125;    0.000
982.650; 1537.125;  203.125;    0.000
982.815; 1603.125;  237.125;    0.000
982.980; 1539.125;  210.125;    0.000
983.146; 1577.125;  202.125;    0.000
983.311; 1494.125;  195.125;    0.000
983.476; 1525.125;  207.125;    0.000
983.641; 1554.125;  198.125;    0.000
983.806; 1468.125;  136.125;    0.000
983.971; 1549.125;  248.125;    0.000
984.136; 1453.125;  213.125;    0.000
984.301; 1515.125;  181.125;    0.000
984.466; 1499.125;  210.125;    0.000
984.631; 1474.125;  219.125;    0.000
984.796; 1489.125;  207.125;    0.000
984.961; 1535.125;  214.125;    0.000
985.126; 1574.125;  218.125;    0.000
985.291; 1494.125;  214.125;    0.000
985.455; 1511.125;  187.125;    0.000
985.620; 1459.125;  191.125;    0.000
985.785; 1502.125;  190.125;    0.000
985.950; 1503.125;  184.125;    0.000
986.114; 1497.125;  242.125;    0.000
986.279; 1532.125;  251.125;    0.000
986.444; 1562.125;  177.125;    0.000
986.608; 1595.125;  216.125;    0.000
986.773; 1572.125;  211.125;    0.000
986.937; 1609.125;  244.125;    0.000
987.102; 1622.125;  187.125;    0.000
987.266; 1547.125;  178.125;    0.000
987.431; 1570.125;  205.125;    0.000
987.595; 1600.125;  221.125;    0.000
987.760; 1587.125;  205.125;    0.000
987.924; 1527.125;  195.125;    0.000
988.088; 1582.125;  184.125;    0.000
988.253; 1527.125;  188.125;    0.000
988.417; 1518.125;  196.125;    0.000
988.581; 1448.125;  218.125;    0.000
988.746; 1544.125;  203.125;    0.000
988.910; 1531.125;  195.125;    0.000
989.074; 1532.125;  187.125;    0.000
989.238; 1529.125;  243.125;    0.000
989.402; 1604.125;  242.125;    0.000
989.566; 1476.125;  205.125;    0.000
989.731; 1494.125;  195.125;    0.000
989.895; 1482.125;  211.125;    0.000
990.059; 1553.125;  175.125;    0.000
990.223; 1438.125;  176.125;    0.000
990.387; 1528.125;  234.125;    0.000
990.551; 1531.125;  231.125;    0.000
990.714; 1521.125;  209.125;    0.000
990.878; 1527.125;  187.125;    0.000
991.042; 1407.125;  183.125;    0.000
991.206; 1506.125;  216.125;    0.000
991.370; 1532.125;  257.125;    0.000
991.534; 1493.125;  188.125;    0.000
991.697; 1606.125;  203.125;    0.000
991.861; 1572.125;  219.125;    0.000
992.025; 1545.125;  221.125;    0.000
992.188; 1478.125;  188.125;    0.000
992.352; 1459.125;  205.125;    0.000
992.516; 1529.125;  189.125;    0.000
992.679; 1492.125;  207.125;    0.000
992.843; 1477.125;  210.125;    0.000
993.006; 1527.125;  191.125;    0.000
993.170; 1540.125;  228.125;    0.000
993.333; 1483.125;  142.125;    0.000
993.497; 1514.125;  175.125;    0.000
993.660; 1437.125;  220.125;    0.000
993.824; 1484.125;  193.125;    0.000
993.987; 1486.125;  219.125;    0.000
994.150; 1466.125;  166.125;    0.000
994.314; 1535.125;  207.125;    0.000
994.477; 1515.125;  227.125;    0.000
994.640; 1452.125;  210.125;    0.000
994.803; 1423.125;  219.125;    0.000
994.967; 1447.125;  192.125;    0.000
995.130; 1490.125;  197.125;    0.000
995.293; 1496.125;  189.125;    0.000
995.456; 1460.125;  180.125;    0.000
995.619; 1492.125;  239.125;    0.000
995.782; 1536.125;  209.125;    0.000
995.945; 1495.125;  216.125;    0.000
996.108; 1488.125;  198.125;    0.000
996.271; 1486.125;  205.125;    0.000
996.434; 1402.125;  205.125;    0.000
996.597; 1490.125;  208.125;    0.000
996.760; 1432.125;  205.125;    0.000
996.923; 1462.125;  174.125;    0.000
997.086; 1489.125;  198.125;    0.000
997.248; 1533.125;  214.125;    0.000
997.411; 1511.125;  237.125;    0.000
997.574; 1476.125;  182.125;    0.000
997.737; 1423.125;  188.125;    0.000
997.899; 1463.125;  216.125;    0.000
998.062; 1445.125;  210.125;    0.000
998.225; 1522.125;  202.125;    0.000
998.387; 1436.125;  202.125;    0.000
998.550; 1424.125;  193.125;    0.000
998.712; 1398.125;  225.125;    0.000
998.875; 1491.125;  228.125;    0.000
999.037; 1415.125;  186.125;    0.000
999.200; 1426.125;  212.125;    0.000
999.362; 1452.125;  234.125;    0.000
999.525; 1523.125;  170.125;    0.000
999.687; 1408.125;  191.125;    0.000
999.849; 1426.125;  218.125;    0.000
1000.012; 1489.125;  187.125;    0.000
1000.174; 1498.125;  216.125;    0.000
1000.336; 1438.125;  194.125;    0.000
1000.499; 1512.125;  209.125;    0.000
1000.661; 1527.125;  208.125;    0.000
1000.823; 1489.125;  197.125;    0.000
1000.985; 1517.125;  201.125;    0.000
1001.147; 1569.125;  234.125;    0.000
1001.309; 1482.125;  180.125;    0.000
1001.471; 1580.125;  223.125;    0.000
1001.633; 1533.125;  198.125;    0.000
1001.796; 1605.125;  200.125;    0.000
1001.958; 1575.125;  204.125;    0.000
1002.119; 1649.125;  193.125;    0.000
1002.281; 1576.125;  205.125;    0.000
1002.443; 1711.125;  236.125;    0.000
1002.605; 1783.125;  197.125;    0.000
1002.767; 1840.125;  223.125;    0.000
1002.929; 1859.125;  220.125;    0.000
1003.091; 1904.125;  214.125;    0.000
1003.252; 2094.125;  233.125;    0.000
1003.414; 2086.125;  230.125;    0.000
1003.576; 2182.125;  203.125;    0.000
1003.738; 2222.125;  201.125;    0.000
1003.899; 2368.125;  222.125;    0.000
1004.061; 2525.125;  208.125;    0.000
1004.222; 2681.125;  194.125;    0.000
1004.384; 2707.125;  205.125;    0.000
1004.546; 2801.125;  162.125;    0.000
1004.707; 2862.125;  232.125;    0.000
1004.869; 2911.125;  223.125;    0.000
1005.030; 2877.125;  204.125;    0.000
1005.191; 2780.125;  214.125;    0.000
1005.353; 2723.125;  226.125;    0.000
1005.514; 2667.125;  201.125;    0.000
1005.675; 2476.125;  205.125;    0.000
1005.837; 2421.125;  235.125;    0.000
1005.998; 2316.125;  210.125;    0.000
1006.159; 2290.125;  214.125;    0.000
1006.321; 2260.125;  236.125;    0.000
1006.482; 2288.125;  214.125;    0.000
1006.643; 2455.125;  213.125;    0.000
1006.804; 2538.125;  204.125;    0.000
1006.965; 2669.125;  212.125;    0.000
1007.126; 2662.125;  251.125;    0.000
1007.287; 2560.125;  238.125;    0.000
1007.448; 2650.125;  198.125;    0.000
1007.609; 2623.125;  241.125;    0.000
1007.770; 2515.125;  213.125;    0.000
1007.931; 2427.125;  225.125;    0.000
1008.092; 2536.125;  204.125;    0.000
1008.253; 2575.125;  220.125;    0.000
1008.414; 2612.125;  180.125;    0.000
1008.575; 2684.125;  224.125;    0.000
1008.736; 2734.125;  164.125;    0.000
1008.896; 2672.125;  247.125;    0.000
1009.057; 2634.125;  263.125;    0.000
1009.218; 2576.125;  233.125;    0.000
1009.379; 2614.125;  207.125;    0.000
1009.539; 2723.125;  221.125;    0.000
1009.700; 2782.125;  209.125;    0.000
1009.860; 2753.125;  217.125;    0.000
1010.021; 2740.125;  182.125;    0.000
1010.182; 2733.125;  233.125;    0.000
1010.342; 2706.125;  210.125;    0.000
1010.503; 2805.125;  232.125;    0.000
1010.663; 2857.125;  228.125;    0.000
1010.823; 3010.125;  212.125;    0.000
1010.984; 3027.125;  244.125;    0.000
1011.144; 3069.125;  200.125;    0.000
1011.305; 2991.125;  237.125;    0.000
1011.465; 3225.125;  225.125;    0.000
1011.625; 3331.125;  215.125;    0.000
1011.785; 3312.125;  235.125;    0.000
1011.946; 3235.125;  231.125;    0.000
1012.106; 3124.125;  206.125;    0.000
1012.266; 3093.125;  218.125;    0.000
1012.426; 3236.125;  249.125;    0.000
1012.586; 3242.125;  217.125;    0.000
1012.746; 3286.125;  231.125;    0.000
1012.906; 3110.125;  230.125;    0.000
1013.066; 3221.125;  260.125;    0.000
1013.226; 3142.125;  206.125;    0.000
1013.386; 3091.125;  220.125;    0.000
1013.546; 3151.125;  233.125;    0.000
1013.706; 3007.125;  194.125;    0.000
1013.866; 3147.125;  209.125;    0.000
1014.026; 3053.125;  204.125;    0.000
1014.186; 3032.125;  203.125;    0.000
1014.346; 3092.125;  244.125;    0.000
1014.505; 3146.125;  206.125;    0.000
1014.665; 3212.125;  210.125;    0.000
1014.825; 3181.125;  235.125;    0.000
1014.985; 3102.125;  227.125;    0.000
1015.144; 3362.125;  237.125;    0.000
1015.304; 3575.125;  196.125;    0.000
1015.464; 3382.125;  228.125;    0.000
1015.623; 3343.125;  235.125;    0.000
1015.783; 3641.125;  187.125;    0.000
1015.942; 4063.125;  184.125;    0.000
1016.102; 4014.125;  245.125;    0.000
1016.261; 3699.125;  203.125;    0.000
1016.420; 4078.125;  209.125;    0.000
1016.580; 4787.125;  235.125;    0.000
1016.739; 4540.125;  175.125;    0.000
1016.899; 4373.125;  220.125;    0.000
1017.058; 4590.125;  219.125;    0.000
1017.217; 4985.125;  238.125;    0.000
1017.376; 4624.125;  235.125;    0.000
1017.536; 4122.125;  195.125;    0.000
1017.695; 4167.125;  215.125;    0.000
1017.854; 4187.125;  231.125;    0.000
1018.013; 4247.125;  184.125;    0.000
1018.172; 3948.125;  179.125;    0.000
1018.331; 3857.125;  205.125;    0.000
1018.490; 4120.125;  203.125;    0.000
1018.649; 4442.125;  261.125;    0.000
1018.808; 4670.125;  253.125;    0.000
1018.967; 4468.125;  201.125;    0.000
1019.126; 4497.125;  216.125;    0.000
1019.285; 4646.125;  169.125;    0.000
1019.444; 4697.125;  226.125;    0.000
1019.603; 4513.125;  252.125;    0.000
1019.762; 4218.125;  206.125;    0.000
1019.921; 4117.125;  235.125;    0.000
1020.079; 4405.125;  192.125;    0.000
1020.238; 4759.125;  226.125;    0.000
1020.397; 4863.125;  231.125;    0.000
1020.555; 4313.125;  218.125;    0.000
1020.714; 4337.125;  235.125;    0.000
1020.873; 4773.125;  229.125;    0.000
1021.031; 5044.125;  234.125;    0.000
1021.190; 4690.125;  223.125;    0.000
1021.348; 4515.125;  186.125;    0.000
1021.507; 4749.125;  201.125;    0.000
1021.665; 5203.125;  222.125;    0.000
1021.824; 5090.125;  208.125;    0.000
1021.982; 4715.125;  209.125;    0.000
1022.141; 4546.125;  224.125;    0.000
1022.299; 5011.125;  214.125;    0.000
1022.457; 5504.125;  176.125;    0.000
1022.616; 5167.125;  211.125;    0.000
1022.774; 4596.125;  218.125;    0.000
1022.932; 4589.125;  205.125;    0.000
1023.090; 5196.125;  246.125;    0.000
1023.249; 5512.125;  249.125;    0.000
1023.407; 5128.125;  235.125;    0.000
1023.565; 4548.125;  202.125;    0.000
1023.723; 4869.125;  210.125;    0.000
1023.881; 5290.125;  206.125;    0.000
1024.039; 5428.125;  240.125;    0.000
1024.197; 5090.125;  275.125;    0.000
1024.355; 4710.125;  228.125;    0.000
1024.513; 4841.125;  234.125;    0.000
1024.671; 5475.125;  222.125;    0.000
1024.829; 5510.125;  241.125;    0.000
1024.987; 5301.125;  209.125;    0.000
1025.145; 4777.125;  227.125;    0.000
1025.302; 4789.125;  208.125;    0.000
1025.460; 5410.125;  210.125;    0.000
1025.618; 5769.125;  192.125;    0.000
1025.776; 5553.125;  220.125;    0.000
1025.933; 4919.125;  223.125;    0.000
1026.091; 5029.125;  189.125;    0.000
1026.249; 5491.125;  210.125;    0.000
1026.406; 6041.125;  231.125;    0.000
1026.564; 5607.125;  247.125;    0.000
1026.721; 5292.125;  213.125;    0.000
1026.879; 5013.125;  208.125;    0.000
1027.036; 5400.125;  222.125;    0.000
1027.194; 5949.125;  253.125;    0.000
1027.351; 6174.125;  239.125;    0.000
1027.509; 5648.125;  232.125;    0.000
1027.666; 5039.125;  251.125;    0.000
1027.823; 5452.125;  212.125;    0.000
1027.981; 5817.125;  260.125;    0.000
1028.138; 6357.125;  263.125;    0.000
1028.295; 5948.125;  251.125;    0.000
1028.452; 5460.125;  249.125;    0.000
1028.609; 5322.125;  259.125;    0.000
1028.767; 5735.125;  255.125;    0.000
1028.924; 6299.125;  201.125;    0.000
1029.081; 6248.125;  217.125;    0.000
1029.238; 5880.125;  230.125;    0.000
1029.395; 5553.125;  263.125;    0.000
1029.552; 5500.125;  207.125;    0.000
1029.709; 5910.125;  220.125;    0.000
1029.866; 6274.125;  214.125;    0.000
1030.023; 6322.125;  224.125;    0.000
1030.180; 5755.125;  209.125;    0.000
1030.337; 5668.125;  269.125;    0.000
1030.494; 5651.125;  207.125;    0.000
1030.650; 6005.125;  230.125;    0.000
1030.807; 6379.125;  217.125;    0.000
1030.964; 5856.125;  212.125;    0.000
1031.121; 6014.125;  220.125;    0.000
1031.277; 5566.125;  233.125;    0.000
1031.434; 5865.125;  266.125;    0.000
1031.591; 6274.125;  270.125;    0.000
1031.747; 6388.125;  229.125;    0.000
1031.904; 6397.125;  227.125;    0.000
1032.060; 6319.125;  210.125;    0.000
1032.217; 6215.125;  218.125;    0.000
1032.373; 6611.125;  190.125;    0.000
1032.530; 6450.125;  236.125;    0.000
1032.686; 7235.125;  199.125;    0.000
1032.843; 7142.125;  216.125;    0.000
1032.999; 6808.125;  204.125;    0.000
1033.155; 7490.125;  208.125;    0.000
1033.312; 7371.125;  231.125;    0.000
1033.468; 8446.125;  213.125;    0.000
1033.624; 8937.125;  235.125;    0.000
1033.780; 8950.125;  233.125;    0.000
1033.937; 9121.125;  201.125;    0.000
1034.093; 8566.125;  233.125;    0.000
1034.249; 9163.125;  214.125;    0.000
1034.405; 9291.125;  245.125;    0.000
1034.561; 9599.125;  228.125;    0.000
1034.717;10041.125;  234.125;    0.000
1034.873; 9697.125;  248.125;    0.000
1035.029; 9832.125;  220.125;    0.000
1035.185; 9294.125;  294.125;    0.000
1035.341; 9428.125;  231.125;    0.000
1035.497;10437.125;  254.125;    0.000
1035.653;10535.125;  225.125;    0.000
1035.809;11390.125;  243.125;    0.000
1035.964;12061.125;  216.125;    0.000
1036.120;11092.125;  199.125;    0.000
1036.276;11101.125;  220.125;    0.000
1036.432;11206.125;  210.125;    0.000
1036.587;10533.125;  225.125;    0.000
1036.743;11481.125;  245.125;    0.000
1036.899;12398.125;  219.125;    0.000
1037.054;11967.125;  157.125;    0.000
1037.210;13329.125;  208.125;    0.000
1037.365;13391.125;  230.125;    0.000
1037.521;12295.125;  236.125;    0.000
1037.676;12261.125;  193.125;    0.000
1037.832;11810.125;  246.125;    0.000
1037.987;12005.125;  231.125;    0.000
1038.143;12242.125;  234.125;    0.000
1038.298;14282.125;  219.125;    0.000
1038.453;13627.125;  230.125;    0.000
1038.609;14647.125;  254.125;    0.000
1038.764;14697.125;  249.125;    0.000
1038.919;13345.125;  224.125;    0.000
1039.074;14117.125;  209.125;    0.000
1039.229;13086.125;  214.125;    0.000
1039.385;13480.125;  268.125;    0.000
1039.540;13659.125;  268.125;    0.000
1039.695;14835.125;  229.125;    0.000
1039.850;15543.125;  252.125;    0.000
1040.005;16377.125;  248.125;    0.000
1040.160;17040.125;  215.125;    0.000
1040.315;16100.125;  239.125;    0.000
1040.470;16046.125;  210.125;    0.000
1040.625;15072.125;  239.125;    0.000
1040.780;15409.125;  251.125;    0.000
1040.935;14992.125;  247.125;    0.000
1041.089;16040.125;  215.125;    0.000
1041.244;18461.125;  210.125;    0.000
1041.399;18742.125;  237.125;    0.000
1041.554;19579.125;  253.125;    0.000
1041.708;21464.125;  227.125;    0.000
1041.863;20862.125;  219.125;    0.000
1042.018;20037.125;  246.125;    0.000
1042.172;19747.125;  236.125;    0.000
1042.327;19206.125;  272.125;    0.000
1042.481;20206.125;  197.125;    0.000
1042.636;19827.125;  213.125;    0.000
1042.791;20069.125;  250.125;    0.000
1042.945;23518.125;  267.125;    0.000
1043.099;25029.125;  257.125;    0.000
1043.254;23835.125;  206.125;    0.000
1043.408;25450.125;  266.125;    0.000
1043.563;26967.125;  232.125;    0.000
1043.717;26387.125;  241.125;    0.000
1043.871;25087.125;  248.125;    0.000
1044.025;24212.125;  234.125;    0.000
1044.180;23309.125;  222.125;    0.000
1044.334;24658.125;  235.125;    0.000
1044.488;25132.125;  270.125;    0.000
1044.642;24656.125;  215.125;    0.000
1044.796;27778.125;  212.125;    0.000
1044.950;32135.125;  228.125;    0.000
1045.104;33957.125;  223.125;    0.000
1045.258;34436.125;  236.125;    0.000
1045.412;33094.125;  225.125;    0.000
1045.566;33091.125;  245.125;    0.000
1045.720;32120.125;  201.125;    0.000
1045.874;29163.125;  229.125;    0.000
1046.028;28188.125;  243.125;    0.000
1046.182;27767.125;  212.125;    0.000
1046.336;29000.125;  256.125;    0.000
1046.489;29878.125;  234.125;    0.000
1046.643;30150.125;  246.125;    0.000
1046.797;33072.125;  219.125;    0.000
1046.951;35778.125;  231.125;    0.000
1047.104;34516.125;  285.125;    0.000
1047.258;37037.125;  256.125;    0.000
1047.411;38443.125;  232.125;    0.000
1047.565;38022.125;  269.125;    0.000
1047.719;37513.125;  213.125;    0.000
1047.872;35464.125;  210.125;    0.000
1048.026;34309.125;  251.125;    0.000
1048.179;33724.125;  213.125;    0.000
1048.332;32803.125;  212.125;    0.000
1048.486;32641.125;  218.125;    0.000
1048.639;32710.125;  218.125;    0.000
1048.792;33645.125;  247.125;    0.000
1048.946;36578.125;  208.125;    0.000
1049.099;40460.125;  247.125;    0.000
1049.252;40029.125;  274.125;    0.000
1049.406;38015.125;  232.125;    0.000
1049.559;40415.125;  251.125;    0.000
1049.712;44699.125;  243.125;    0.000
1049.865;47038.125;  219.125;    0.000
1050.018;45581.125;  216.125;    0.000
1050.171;41340.125;  237.125;    0.000
1050.324;39404.125;  291.125;    0.000
1050.477;42186.125;  241.125;    0.000
1050.630;44749.125;  245.125;    0.000
1050.783;45701.125;  213.125;    0.000
1050.936;43630.125;  246.125;    0.000
1051.089;40248.125;  255.125;    0.000
1051.242;42695.125;  228.125;    0.000
1051.394;47379.125;  276.125;    0.000
1051.547;49133.125;  246.125;    0.000
1051.700;46995.125;  252.125;    0.000
1051.853;43380.125;  267.125;    0.000
1052.005;44882.125;  261.125;    0.000
1052.158;50010.125;  313.125;    0.000
1052.311;54187.125;  264.125;    0.000
1052.463;53242.125;  271.125;    0.000
1052.616;46396.125;  291.125;    0.000
1052.768;42493.125;  298.125;    0.000
1052.921;43027.125;  262.125;    0.000
1053.073;46334.125;  307.125;    0.000
1053.226;50929.125;  301.125;    0.000
1053.378;58330.125;  309.125;    0.000
1053.531;62003.125;  280.125;    0.000
1053.683;58526.125;  258.125;    0.000
1053.835;50855.125;  267.125;    0.000
1053.988;39041.125;  294.125;    0.000
1054.140; 7069.125;  292.125;    0.000
1054.292; 1760.125;  249.125;    0.000
1054.444; 1365.125;  288.125;    0.000
1054.596; 1222.125;  275.125;    0.000
1054.749; 1145.125;  284.125;    0.000
1054.901; 1073.125;  291.125;    0.000
1055.053;  948.125;  274.125;    0.000
1055.205;  963.125;  313.125;    0.000
1055.357;  907.125;  309.125;    0.000
1055.509;  889.125;  283.125;    0.000
1055.661;  879.125;  341.125;    0.000
1055.813;  844.125;  288.125;    0.000
1055.965;  822.125;  300.125;    0.000
1056.116;  798.125;  296.125;    0.000
1056.268;  825.125;  319.125;    0.000
1056.420;  786.125;  298.125;    0.000

