
Integration time [ms]:   0.300
Averaging Nr. [scans]: 1
Smoothing Nr. [pixels]: 0
Data measured with spectrometer [name]: UV1
Wave   ;Sample   ;Dark     ;Reference
[nm]   ;[counts] ;[counts] ;[counts] 

236.381;  139.900;  149.925;    0.000
236.451;  205.900;  206.925;    0.000
236.520;  183.900;  212.925;    0.000
236.590;  199.900;  189.925;    0.000
236.660;  156.900;  184.925;    0.000
236.730;  215.900;  186.925;    0.000
236.799;  218.900;  191.925;    0.000
236.869;  179.900;  184.925;    0.000
236.939;  179.900;  176.925;    0.000
237.009;  184.900;  184.925;    0.000
237.078;  205.900;  189.925;    0.000
237.148;  171.900;  217.925;    0.000
237.218;  163.900;  192.925;    0.000
237.287;  177.900;  182.925;    0.000
237.357;  172.900;  196.925;    0.000
237.427;  166.900;  144.925;    0.000
237.496;  601.900;  224.925;    0.000
237.566;  549.900;  210.925;    0.000
237.636;  528.900;  165.925;    0.000
237.705;  598.900;  214.925;    0.000
237.775;  539.900;  194.925;    0.000
237.845;  564.900;  214.925;    0.000
237.914;  554.900;  191.925;    0.000
237.984;  624.900;  218.925;    0.000
238.054;  601.900;  187.925;    0.000
238.123;  563.900;  179.925;    0.000
238.193;  554.900;  177.925;    0.000
238.263;  611.900;  225.925;    0.000
238.332;  526.900;  197.925;    0.000
238.402;  580.900;  183.925;    0.000
238.471;  555.900;  181.925;    0.000
238.541;  597.900;  200.925;    0.000
238.611;  553.900;  170.925;    0.000
238.680;  539.900;  170.925;    0.000
238.750;  536.900;  175.925;    0.000
238.819;  579.900;  180.925;    0.000
238.889;  588.900;  190.925;    0.000
238.958;  578.900;  207.925;    0.000
239.028;  615.900;  201.925;    0.000
239.097;  554.900;  181.925;    0.000
239.167;  569.900;  222.925;    0.000
239.237;  612.900;  221.925;    0.000
239.306;  573.900;  147.925;    0.000
239.376;  575.900;  188.925;    0.000
239.445;  555.900;  198.925;    0.000
239.515;  528.900;  191.925;    0.000
239.584;  594.900;  178.925;    0.000
239.654;  526.900;  147.925;    0.000
239.723;  581.900;  212.925;    0.000
239.793;  509.900;  185.925;    0.000
239.862;  562.900;  157.925;    0.000
239.932;  481.900;  181.925;    0.000
240.001;  535.900;  163.925;    0.000
240.070;  544.900;  194.925;    0.000
240.140;  534.900;  202.925;    0.000
240.209;  543.900;  180.925;    0.000
240.279;  530.900;  188.925;    0.000
240.348;  533.900;  189.925;    0.000
240.418;  544.900;  143.925;    0.000
240.487;  593.900;  195.925;    0.000
240.556;  571.900;  170.925;    0.000
240.626;  529.900;  172.925;    0.000
240.695;  556.900;  202.925;    0.000
240.765;  496.900;  191.925;    0.000
240.834;  520.900;  177.925;    0.000
240.903;  601.900;  189.925;    0.000
240.973;  528.900;  196.925;    0.000
241.042;  514.900;  183.925;    0.000
241.112;  574.900;  189.925;    0.000
241.181;  554.900;  186.925;    0.000
241.250;  566.900;  168.925;    0.000
241.320;  524.900;  200.925;    0.000
241.389;  503.900;  185.925;    0.000
241.458;  543.900;  194.925;    0.000
241.528;  561.900;  165.925;    0.000
241.597;  585.900;  200.925;    0.000
241.666;  528.900;  184.925;    0.000
241.736;  567.900;  176.925;    0.000
241.805;  493.900;  165.925;    0.000
241.874;  516.900;  200.925;    0.000
241.943;  548.900;  184.925;    0.000
242.013;  584.900;  212.925;    0.000
242.082;  533.900;  200.925;    0.000
242.151;  566.900;  196.925;    0.000
242.221;  574.900;  182.925;    0.000
242.290;  528.900;  222.925;    0.000
242.359;  478.900;  142.925;    0.000
242.428;  610.900;  180.925;    0.000
242.498;  495.900;  180.925;    0.000
242.567;  565.900;  181.925;    0.000
242.636;  536.900;  203.925;    0.000
242.705;  549.900;  209.925;    0.000
242.774;  575.900;  172.925;    0.000
242.844;  525.900;  218.925;    0.000
242.913;  546.900;  188.925;    0.000
242.982;  546.900;  193.925;    0.000
243.051;  518.900;  202.925;    0.000
243.120;  541.900;  174.925;    0.000
243.190;  512.900;  165.925;    0.000
243.259;  573.900;  206.925;    0.000
243.328;  559.900;  166.925;    0.000
243.397;  575.900;  167.925;    0.000
243.466;  540.900;  163.925;    0.000
243.535;  526.900;  162.925;    0.000
243.605;  482.900;  159.925;    0.000
243.674;  485.900;  171.925;    0.000
243.743;  505.900;  189.925;    0.000
243.812;  498.900;  169.925;    0.000
243.881;  475.900;  145.925;    0.000
243.950;  495.900;  197.925;    0.000
244.019;  540.900;  189.925;    0.000
244.088;  548.900;  200.925;    0.000
244.158;  557.900;  208.925;    0.000
244.227;  501.900;  154.925;    0.000
244.296;  497.900;  142.925;    0.000
244.365;  542.900;  198.925;    0.000
244.434;  524.900;  162.925;    0.000
244.503;  518.900;  186.925;    0.000
244.572;  508.900;  143.925;    0.000
244.641;  520.900;  145.925;    0.000
244.710;  521.900;  159.925;    0.000
244.779;  480.900;  175.925;    0.000
244.848;  501.900;  163.925;    0.000
244.917;  520.900;  157.925;    0.000
244.986;  510.900;  166.925;    0.000
245.055;  530.900;  211.925;    0.000
245.124;  546.900;  155.925;    0.000
245.193;  518.900;  187.925;    0.000
245.262;  520.900;  152.925;    0.000
245.331;  495.900;  177.925;    0.000
245.400;  485.900;  157.925;    0.000
245.469;  525.900;  195.925;    0.000
245.538;  493.900;  199.925;    0.000
245.607;  516.900;  194.925;    0.000
245.676;  529.900;  170.925;    0.000
245.745;  514.900;  208.925;    0.000
245.814;  482.900;  185.925;    0.000
245.883;  472.900;  165.925;    0.000
245.952;  502.900;  151.925;    0.000
246.021;  520.900;  171.925;    0.000
246.090;  521.900;  174.925;    0.000
246.159;  435.900;  192.925;    0.000
246.227;  476.900;  178.925;    0.000
246.296;  479.900;  159.925;    0.000
246.365;  498.900;  189.925;    0.000
246.434;  522.900;  205.925;    0.000
246.503;  469.900;  174.925;    0.000
246.572;  548.900;  203.925;    0.000
246.641;  497.900;  169.925;    0.000
246.710;  491.900;  186.925;    0.000
246.779;  493.900;  196.925;    0.000
246.847;  514.900;  209.925;    0.000
246.916;  468.900;  177.925;    0.000
246.985;  474.900;  188.925;    0.000
247.054;  485.900;  189.925;    0.000
247.123;  466.900;  196.925;    0.000
247.192;  535.900;  210.925;    0.000
247.260;  500.900;  164.925;    0.000
247.329;  497.900;  204.925;    0.000
247.398;  522.900;  204.925;    0.000
247.467;  471.900;  160.925;    0.000
247.536;  521.900;  193.925;    0.000
247.604;  494.900;  208.925;    0.000
247.673;  430.900;  168.925;    0.000
247.742;  407.900;  182.925;    0.000
247.811;  485.900;  186.925;    0.000
247.879;  450.900;  166.925;    0.000
247.948;  445.900;  192.925;    0.000
248.017;  469.900;  178.925;    0.000
248.086;  489.900;  193.925;    0.000
248.154;  492.900;  191.925;    0.000
248.223;  493.900;  207.925;    0.000
248.292;  478.900;  168.925;    0.000
248.361;  500.900;  211.925;    0.000
248.429;  460.900;  196.925;    0.000
248.498;  424.900;  163.925;    0.000
248.567;  460.900;  159.925;    0.000
248.635;  517.900;  194.925;    0.000
248.704;  446.900;  205.925;    0.000
248.773;  442.900;  190.925;    0.000
248.841;  456.900;  179.925;    0.000
248.910;  542.900;  193.925;    0.000
248.979;  444.900;  167.925;    0.000
249.047;  483.900;  166.925;    0.000
249.116;  435.900;  191.925;    0.000
249.185;  494.900;  203.925;    0.000
249.253;  425.900;  140.925;    0.000
249.322;  480.900;  173.925;    0.000
249.390;  443.900;  165.925;    0.000
249.459;  465.900;  173.925;    0.000
249.528;  467.900;  203.925;    0.000
249.596;  424.900;  204.925;    0.000
249.665;  442.900;  176.925;    0.000
249.733;  459.900;  178.925;    0.000
249.802;  480.900;  190.925;    0.000
249.871;  499.900;  171.925;    0.000
249.939;  450.900;  160.925;    0.000
250.008;  489.900;  220.925;    0.000
250.076;  487.900;  211.925;    0.000
250.145;  502.900;  145.925;    0.000
250.213;  445.900;  177.925;    0.000
250.282;  473.900;  186.925;    0.000
250.350;  438.900;  170.925;    0.000
250.419;  471.900;  195.925;    0.000
250.487;  493.900;  194.925;    0.000
250.556;  488.900;  178.925;    0.000
250.624;  490.900;  193.925;    0.000
250.693;  409.900;  167.925;    0.000
250.761;  489.900;  253.925;    0.000
250.830;  504.900;  241.925;    0.000
250.898;  450.900;  161.925;    0.000
250.967;  443.900;  178.925;    0.000
251.035;  436.900;  189.925;    0.000
251.104;  420.900;  166.925;    0.000
251.172;  496.900;  178.925;    0.000
251.241;  419.900;  174.925;    0.000
251.309;  459.900;  197.925;    0.000
251.378;  450.900;  172.925;    0.000
251.446;  434.900;  157.925;    0.000
251.514;  510.900;  197.925;    0.000
251.583;  491.900;  191.925;    0.000
251.651;  483.900;  154.925;    0.000
251.720;  463.900;  198.925;    0.000
251.788;  481.900;  226.925;    0.000
251.856;  427.900;  164.925;    0.000
251.925;  437.900;  181.925;    0.000
251.993;  435.900;  203.925;    0.000
252.062;  445.900;  211.925;    0.000
252.130;  466.900;  185.925;    0.000
252.198;  447.900;  190.925;    0.000
252.267;  426.900;  176.925;    0.000
252.335;  421.900;  179.925;    0.000
252.403;  416.900;  173.925;    0.000
252.472;  405.900;  172.925;    0.000
252.540;  407.900;  187.925;    0.000
252.608;  489.900;  204.925;    0.000
252.677;  456.900;  179.925;    0.000
252.745;  448.900;  192.925;    0.000
252.813;  396.900;  168.925;    0.000
252.881;  377.900;  157.925;    0.000
252.950;  386.900;  188.925;    0.000
253.018;  410.900;  191.925;    0.000
253.086;  398.900;  164.925;    0.000
253.155;  374.900;  172.925;    0.000
253.223;  362.900;  168.925;    0.000
253.291;  345.900;  190.925;    0.000
253.359;  371.900;  205.925;    0.000
253.428;  425.900;  228.925;    0.000
253.496;  413.900;  170.925;    0.000
253.564;  369.900;  164.925;    0.000
253.632;  360.900;  159.925;    0.000
253.700;  379.900;  166.925;    0.000
253.769;  400.900;  172.925;    0.000
253.837;  404.900;  157.925;    0.000
253.905;  404.900;  168.925;    0.000
253.973;  368.900;  179.925;    0.000
254.041;  397.900;  187.925;    0.000
254.110;  346.900;  186.925;    0.000
254.178;  382.900;  156.925;    0.000
254.246;  344.900;  132.925;    0.000
254.314;  378.900;  191.925;    0.000
254.382;  366.900;  189.925;    0.000
254.450;  365.900;  163.925;    0.000
254.518;  413.900;  172.925;    0.000
254.587;  396.900;  162.925;    0.000
254.655;  387.900;  191.925;    0.000
254.723;  383.900;  184.925;    0.000
254.791;  408.900;  169.925;    0.000
254.859;  414.900;  186.925;    0.000
254.927;  392.900;  207.925;    0.000
254.995;  367.900;  143.925;    0.000
255.063;  365.900;  198.925;    0.000
255.131;  374.900;  168.925;    0.000
255.199;  365.900;  183.925;    0.000
255.267;  386.900;  159.925;    0.000
255.336;  411.900;  197.925;    0.000
255.404;  420.900;  177.925;    0.000
255.472;  407.900;  204.925;    0.000
255.540;  382.900;  169.925;    0.000
255.608;  405.900;  141.925;    0.000
255.676;  389.900;  176.925;    0.000
255.744;  430.900;  184.925;    0.000
255.812;  371.900;  158.925;    0.000
255.880;  411.900;  202.925;    0.000
255.948;  426.900;  184.925;    0.000
256.016;  392.900;  192.925;    0.000
256.084;  393.900;  204.925;    0.000
256.152;  421.900;  191.925;    0.000
256.220;  381.900;  187.925;    0.000
256.288;  387.900;  176.925;    0.000
256.356;  414.900;  146.925;    0.000
256.424;  364.900;  164.925;    0.000
256.491;  392.900;  161.925;    0.000
256.559;  368.900;  167.925;    0.000
256.627;  425.900;  180.925;    0.000
256.695;  397.900;  159.925;    0.000
256.763;  468.900;  166.925;    0.000
256.831;  418.900;  166.925;    0.000
256.899;  398.900;  161.925;    0.000
256.967;  418.900;  116.925;    0.000
257.035;  398.900;  195.925;    0.000
257.103;  510.900;  227.925;    0.000
257.171;  401.900;  147.925;    0.000
257.238;  431.900;  158.925;    0.000
257.306;  457.900;  188.925;    0.000
257.374;  449.900;  153.925;    0.000
257.442;  415.900;  159.925;    0.000
257.510;  412.900;  201.925;    0.000
257.578;  409.900;  137.925;    0.000
257.646;  472.900;  172.925;    0.000
257.713;  462.900;  164.925;    0.000
257.781;  469.900;  163.925;    0.000
257.849;  456.900;  174.925;    0.000
257.917;  490.900;  164.925;    0.000
257.985;  416.900;  126.925;    0.000
258.052;  453.900;  158.925;    0.000
258.120;  486.900;  151.925;    0.000
258.188;  482.900;  169.925;    0.000
258.256;  499.900;  110.925;    0.000
258.324;  540.900;  193.925;    0.000
258.391;  496.900;  157.925;    0.000
258.459;  529.900;  193.925;    0.000
258.527;  543.900;  150.925;    0.000
258.595;  487.900;  173.925;    0.000
258.662;  500.900;  168.925;    0.000
258.730;  550.900;  190.925;    0.000
258.798;  496.900;  164.925;    0.000
258.865;  495.900;  165.925;    0.000
258.933;  555.900;  162.925;    0.000
259.001;  586.900;  174.925;    0.000
259.069;  475.900;  139.925;    0.000
259.136;  556.900;  160.925;    0.000
259.204;  561.900;  174.925;    0.000
259.272;  595.900;  161.925;    0.000
259.339;  543.900;  157.925;    0.000
259.407;  575.900;  159.925;    0.000
259.475;  586.900;  134.925;    0.000
259.542;  546.900;  179.925;    0.000
259.610;  611.900;  172.925;    0.000
259.677;  565.900;  152.925;    0.000
259.745;  601.900;  131.925;    0.000
259.813;  641.900;  185.925;    0.000
259.880;  585.900;  183.925;    0.000
259.948;  625.900;  168.925;    0.000
260.016;  576.900;  160.925;    0.000
260.083;  644.900;  163.925;    0.000
260.151;  554.900;  162.925;    0.000
260.218;  690.900;  171.925;    0.000
260.286;  688.900;  154.925;    0.000
260.353;  716.900;  182.925;    0.000
260.421;  614.900;  187.925;    0.000
260.489;  677.900;  185.925;    0.000
260.556;  671.900;  165.925;    0.000
260.624;  684.900;  185.925;    0.000
260.691;  684.900;  175.925;    0.000
260.759;  723.900;  201.925;    0.000
260.826;  664.900;  150.925;    0.000
260.894;  689.900;  142.925;    0.000
260.961;  734.900;  156.925;    0.000
261.029;  690.900;  161.925;    0.000
261.096;  679.900;  172.925;    0.000
261.164;  676.900;  149.925;    0.000
261.231;  680.900;  191.925;    0.000
261.299;  665.900;  182.925;    0.000
261.366;  711.900;  156.925;    0.000
261.434;  719.900;  188.925;    0.000
261.501;  750.900;  170.925;    0.000
261.568;  774.900;  167.925;    0.000
261.636;  820.900;  169.925;    0.000
261.703;  761.900;  200.925;    0.000
261.771;  779.900;  170.925;    0.000
261.838;  741.900;  175.925;    0.000
261.906;  691.900;  135.925;    0.000
261.973;  786.900;  184.925;    0.000
262.040;  820.900;  176.925;    0.000
262.108;  793.900;  201.925;    0.000
262.175;  798.900;  141.925;    0.000
262.243;  859.900;  175.925;    0.000
262.310;  727.900;  112.925;    0.000
262.377;  806.900;  158.925;    0.000
262.445;  838.900;  162.925;    0.000
262.512;  785.900;  184.925;    0.000
262.579;  789.900;  185.925;    0.000
262.647;  805.900;  158.925;    0.000
262.714;  781.900;  197.925;    0.000
262.781;  849.900;  133.925;    0.000
262.849;  780.900;  146.925;    0.000
262.916;  792.900;  204.925;    0.000
262.983;  828.900;  191.925;    0.000
263.051;  866.900;  140.925;    0.000
263.118;  824.900;  154.925;    0.000
263.185;  880.900;  169.925;    0.000
263.252;  778.900;  150.925;    0.000
263.320;  874.900;  145.925;    0.000
263.387;  869.900;  144.925;    0.000
263.454;  870.900;  193.925;    0.000
263.522;  858.900;  160.925;    0.000
263.589;  929.900;  153.925;    0.000
263.656;  923.900;  178.925;    0.000
263.723;  852.900;  136.925;    0.000
263.790;  861.900;  162.925;    0.000
263.858;  935.900;  164.925;    0.000
263.925;  982.900;  146.925;    0.000
263.992;  957.900;  191.925;    0.000
264.059;  932.900;  180.925;    0.000
264.126; 1020.900;  183.925;    0.000
264.194;  979.900;  174.925;    0.000
264.261; 1031.900;  187.925;    0.000
264.328;  902.900;  179.925;    0.000
264.395;  986.900;  166.925;    0.000
264.462; 1030.900;  197.925;    0.000
264.529;  949.900;  209.925;    0.000
264.597;  951.900;  173.925;    0.000
264.664; 1055.900;  193.925;    0.000
264.731; 1031.900;  165.925;    0.000
264.798; 1009.900;  148.925;    0.000
264.865; 1002.900;  186.925;    0.000
264.932;  959.900;  152.925;    0.000
264.999;  971.900;  166.925;    0.000
265.066; 1027.900;  186.925;    0.000
265.133;  954.900;  172.925;    0.000
265.201; 1049.900;  159.925;    0.000
265.268;  959.900;  164.925;    0.000
265.335; 1035.900;  161.925;    0.000
265.402; 1013.900;  157.925;    0.000
265.469;  987.900;  134.925;    0.000
265.536; 1080.900;  191.925;    0.000
265.603;  981.900;  170.925;    0.000
265.670; 1093.900;  162.925;    0.000
265.737;  968.900;  172.925;    0.000
265.804; 1017.900;  151.925;    0.000
265.871; 1022.900;  191.925;    0.000
265.938; 1062.900;  173.925;    0.000
266.005; 1096.900;  201.925;    0.000
266.072; 1058.900;  156.925;    0.000
266.139; 1078.900;  191.925;    0.000
266.206; 1081.900;  151.925;    0.000
266.273; 1069.900;  194.925;    0.000
266.340; 1014.900;  120.925;    0.000
266.407; 1087.900;  130.925;    0.000
266.474; 1137.900;  137.925;    0.000
266.541; 1046.900;  139.925;    0.000
266.608; 1086.900;  139.925;    0.000
266.675; 1133.900;  198.925;    0.000
266.742; 1071.900;  165.925;    0.000
266.808; 1118.900;  174.925;    0.000
266.875; 1143.900;  169.925;    0.000
266.942; 1071.900;  137.925;    0.000
267.009; 1060.900;  181.925;    0.000
267.076; 1171.900;  204.925;    0.000
267.143; 1189.900;  179.925;    0.000
267.210; 1235.900;  160.925;    0.000
267.277; 1127.900;  154.925;    0.000
267.344; 1204.900;  178.925;    0.000
267.410; 1145.900;  190.925;    0.000
267.477; 1166.900;  193.925;    0.000
267.544; 1115.900;  168.925;    0.000
267.611; 1079.900;  177.925;    0.000
267.678; 1186.900;  205.925;    0.000
267.745; 1172.900;  205.925;    0.000
267.811; 1075.900;  164.925;    0.000
267.878; 1165.900;  166.925;    0.000
267.945; 1095.900;  160.925;    0.000
268.012; 1223.900;  172.925;    0.000
268.079; 1274.900;  186.925;    0.000
268.145; 1183.900;  188.925;    0.000
268.212; 1158.900;  181.925;    0.000
268.279; 1175.900;  158.925;    0.000
268.346; 1129.900;  192.925;    0.000
268.412; 1231.900;  159.925;    0.000
268.479; 1185.900;  176.925;    0.000
268.546; 1079.900;  170.925;    0.000
268.613; 1237.900;  133.925;    0.000
268.679; 1212.900;  170.925;    0.000
268.746; 1211.900;  185.925;    0.000
268.813; 1134.900;  170.925;    0.000
268.879; 1141.900;  149.925;    0.000
268.946; 1242.900;  176.925;    0.000
269.013; 1152.900;  153.925;    0.000
269.079; 1193.900;  156.925;    0.000
269.146; 1143.900;  143.925;    0.000
269.213; 1160.900;  170.925;    0.000
269.280; 1199.900;  202.925;    0.000
269.346; 1196.900;  180.925;    0.000
269.413; 1148.900;  162.925;    0.000
269.479; 1131.900;  175.925;    0.000
269.546; 1128.900;  151.925;    0.000
269.613; 1067.900;  159.925;    0.000
269.679; 1254.900;  190.925;    0.000
269.746; 1178.900;  159.925;    0.000
269.813; 1161.900;  151.925;    0.000
269.879; 1038.900;  169.925;    0.000
269.946; 1149.900;  169.925;    0.000
270.012; 1225.900;  185.925;    0.000
270.079; 1189.900;  133.925;    0.000
270.145; 1094.900;  161.925;    0.000
270.212; 1131.900;  156.925;    0.000
270.279; 1184.900;  176.925;    0.000
270.345; 1122.900;  140.925;    0.000
270.412; 1174.900;  162.925;    0.000
270.478; 1081.900;  148.925;    0.000
270.545; 1171.900;  146.925;    0.000
270.611; 1162.900;  168.925;    0.000
270.678; 1031.900;  164.925;    0.000
270.744; 1069.900;  117.925;    0.000
270.811; 1148.900;  196.925;    0.000
270.877; 1207.900;  151.925;    0.000
270.944; 1091.900;  174.925;    0.000
271.010; 1147.900;  180.925;    0.000
271.077; 1172.900;  162.925;    0.000
271.143; 1118.900;  178.925;    0.000
271.210; 1097.900;  159.925;    0.000
271.276; 1157.900;  143.925;    0.000
271.342; 1155.900;  196.925;    0.000
271.409; 1108.900;  161.925;    0.000
271.475; 1059.900;  153.925;    0.000
271.542; 1056.900;  147.925;    0.000
271.608; 1152.900;  175.925;    0.000
271.675; 1081.900;  134.925;    0.000
271.741; 1218.900;  182.925;    0.000
271.807; 1135.900;  174.925;    0.000
271.874; 1106.900;  169.925;    0.000
271.940; 1118.900;  179.925;    0.000
272.007; 1082.900;  173.925;    0.000
272.073; 1139.900;  133.925;    0.000
272.139; 1169.900;  191.925;    0.000
272.206; 1153.900;  168.925;    0.000
272.272; 1149.900;  179.925;    0.000
272.338; 1147.900;  224.925;    0.000
272.405; 1129.900;  156.925;    0.000
272.471; 1064.900;  175.925;    0.000
272.537; 1136.900;  190.925;    0.000
272.604; 1158.900;  199.925;    0.000
272.670; 1097.900;  156.925;    0.000
272.736; 1106.900;  198.925;    0.000
272.802; 1094.900;  169.925;    0.000
272.869; 1090.900;  141.925;    0.000
272.935; 1073.900;  145.925;    0.000
273.001; 1060.900;  156.925;    0.000
273.068; 1103.900;  157.925;    0.000
273.134; 1125.900;  184.925;    0.000
273.200; 1161.900;  158.925;    0.000
273.266; 1156.900;  150.925;    0.000
273.333; 1148.900;  176.925;    0.000
273.399; 1075.900;  118.925;    0.000
273.465; 1122.900;  184.925;    0.000
273.531; 1070.900;  179.925;    0.000
273.597; 1100.900;  167.925;    0.000
273.664; 1240.900;  186.925;    0.000
273.730; 1125.900;  137.925;    0.000
273.796; 1069.900;  148.925;    0.000
273.862; 1131.900;  183.925;    0.000
273.928; 1130.900;  179.925;    0.000
273.995; 1144.900;  189.925;    0.000
274.061; 1132.900;  188.925;    0.000
274.127; 1106.900;  132.925;    0.000
274.193; 1041.900;  135.925;    0.000
274.259; 1091.900;  177.925;    0.000
274.325; 1132.900;  178.925;    0.000
274.391; 1172.900;  140.925;    0.000
274.457; 1245.900;  158.925;    0.000
274.524; 1162.900;  175.925;    0.000
274.590; 1043.900;  182.925;    0.000
274.656; 1194.900;  165.925;    0.000
274.722; 1200.900;  152.925;    0.000
274.788; 1154.900;  159.925;    0.000
274.854; 1117.900;  143.925;    0.000
274.920; 1169.900;  117.925;    0.000
274.986; 1097.900;  140.925;    0.000
275.052; 1136.900;  174.925;    0.000
275.118; 1201.900;  129.925;    0.000
275.184; 1220.900;  173.925;    0.000
275.250; 1230.900;  196.925;    0.000
275.316; 1240.900;  142.925;    0.000
275.382; 1288.900;  149.925;    0.000
275.448; 1226.900;  178.925;    0.000
275.514; 1148.900;  136.925;    0.000
275.580; 1195.900;  140.925;    0.000
275.646; 1118.900;  133.925;    0.000
275.712; 1140.900;  162.925;    0.000
275.778; 1165.900;  129.925;    0.000
275.844; 1118.900;  156.925;    0.000
275.910; 1245.900;  172.925;    0.000
275.976; 1321.900;  158.925;    0.000
276.042; 1252.900;  141.925;    0.000
276.108; 1368.900;  212.925;    0.000
276.174; 1333.900;  148.925;    0.000
276.240; 1194.900;  134.925;    0.000
276.306; 1288.900;  149.925;    0.000
276.372; 1306.900;  126.925;    0.000
276.437; 1344.900;  168.925;    0.000
276.503; 1298.900;  158.925;    0.000
276.569; 1379.900;  191.925;    0.000
276.635; 1250.900;  130.925;    0.000
276.701; 1449.900;  161.925;    0.000
276.767; 1402.900;  148.925;    0.000
276.833; 1331.900;  147.925;    0.000
276.899; 1347.900;  149.925;    0.000
276.964; 1347.900;  181.925;    0.000
277.030; 1516.900;  186.925;    0.000
277.096; 1403.900;  132.925;    0.000
277.162; 1419.900;  181.925;    0.000
277.228; 1425.900;  166.925;    0.000
277.293; 1527.900;  154.925;    0.000
277.359; 1414.900;  181.925;    0.000
277.425; 1551.900;  184.925;    0.000
277.491; 1653.900;  150.925;    0.000
277.557; 1806.900;  159.925;    0.000
277.622; 2539.900;  129.925;    0.000
277.688; 2425.900;  184.925;    0.000
277.754; 2543.900;  182.925;    0.000
277.820; 2700.900;  149.925;    0.000
277.885; 3021.900;  185.925;    0.000
277.951; 4137.900;  164.925;    0.000
278.017; 3382.900;  162.925;    0.000
278.083; 2753.900;  189.925;    0.000
278.148; 2860.900;  184.925;    0.000
278.214; 2706.900;  188.925;    0.000
278.280; 2894.900;  206.925;    0.000
278.345; 2701.900;  187.925;    0.000
278.411; 2286.900;  174.925;    0.000
278.477; 2272.900;  190.925;    0.000
278.542; 2459.900;  154.925;    0.000
278.608; 2475.900;  191.925;    0.000
278.674; 2814.900;  243.925;    0.000
278.739; 2847.900;  141.925;    0.000
278.805; 3390.900;  171.925;    0.000
278.871; 3489.900;  181.925;    0.000
278.936; 4601.900;  191.925;    0.000
279.002; 6723.900;  201.925;    0.000
279.067; 9419.900;  174.925;    0.000
279.133; 9083.900;  165.925;    0.000
279.199; 7546.900;  122.925;    0.000
279.264; 7920.900;  159.925;    0.000
279.330; 9599.900;  170.925;    0.000
279.395;13909.900;  173.925;    0.000
279.461;22189.900;  200.925;    0.000
279.527;27075.900;  199.925;    0.000
279.592;22602.900;  203.925;    0.000
279.658;15587.900;  209.925;    0.000
279.723;14788.900;  188.925;    0.000
279.789;16846.900;  180.925;    0.000
279.854;13251.900;  137.925;    0.000
279.920;10345.900;  223.925;    0.000
279.985; 9421.900;  186.925;    0.000
280.051; 9290.900;  198.925;    0.000
280.116;11713.900;  178.925;    0.000
280.182;19871.900;  176.925;    0.000
280.247;24766.900;  195.925;    0.000
280.313;19304.900;  165.925;    0.000
280.378;11289.900;  153.925;    0.000
280.444; 7794.900;  181.925;    0.000
280.509; 5897.900;  188.925;    0.000
280.574; 5297.900;  149.925;    0.000
280.640; 4394.900;  164.925;    0.000
280.705; 3900.900;  166.925;    0.000
280.771; 3723.900;  188.925;    0.000
280.836; 3472.900;  188.925;    0.000
280.902; 3230.900;  168.925;    0.000
280.967; 3163.900;  202.925;    0.000
281.032; 3128.900;  197.925;    0.000
281.098; 2721.900;  138.925;    0.000
281.163; 2748.900;  160.925;    0.000
281.229; 2719.900;  212.925;    0.000
281.294; 2551.900;  227.925;    0.000
281.359; 2450.900;  200.925;    0.000
281.425; 2468.900;  189.925;    0.000
281.490; 2322.900;  176.925;    0.000
281.555; 2351.900;  182.925;    0.000
281.621; 2165.900;  169.925;    0.000
281.686; 2211.900;  182.925;    0.000
281.751; 2186.900;  208.925;    0.000
281.816; 2093.900;  166.925;    0.000
281.882; 2039.900;  181.925;    0.000
281.947; 1942.900;  178.925;    0.000
282.012; 1975.900;  167.925;    0.000
282.078; 1939.900;  170.925;    0.000
282.143; 2070.900;  157.925;    0.000
282.208; 2045.900;  158.925;    0.000
282.273; 1909.900;  187.925;    0.000
282.339; 1793.900;  185.925;    0.000
282.404; 1963.900;  201.925;    0.000
282.469; 1831.900;  202.925;    0.000
282.534; 1928.900;  185.925;    0.000
282.600; 1856.900;  125.925;    0.000
282.665; 1852.900;  162.925;    0.000
282.730; 1857.900;  174.925;    0.000
282.795; 1925.900;  179.925;    0.000
282.860; 1868.900;  190.925;    0.000
282.926; 1662.900;  200.925;    0.000
282.991; 1766.900;  161.925;    0.000
283.056; 1786.900;  175.925;    0.000
283.121; 1866.900;  181.925;    0.000
283.186; 1842.900;  221.925;    0.000
283.251; 1739.900;  168.925;    0.000
283.316; 1723.900;  156.925;    0.000
283.382; 1831.900;  197.925;    0.000
283.447; 1777.900;  210.925;    0.000
283.512; 1779.900;  164.925;    0.000
283.577; 1791.900;  212.925;    0.000
283.642; 1701.900;  186.925;    0.000
283.707; 1709.900;  182.925;    0.000
283.772; 1688.900;  127.925;    0.000
283.837; 1725.900;  160.925;    0.000
283.902; 1813.900;  162.925;    0.000
283.967; 1762.900;  151.925;    0.000
284.032; 1768.900;  175.925;    0.000
284.097; 1752.900;  235.925;    0.000
284.163; 1826.900;  136.925;    0.000
284.228; 1770.900;  209.925;    0.000
284.293; 1755.900;  163.925;    0.000
284.358; 1788.900;  169.925;    0.000
284.423; 1800.900;  145.925;    0.000
284.488; 1749.900;  134.925;    0.000
284.553; 1911.900;  158.925;    0.000
284.618; 1875.900;  163.925;    0.000
284.683; 1962.900;  168.925;    0.000
284.748; 1930.900;  170.925;    0.000
284.812; 2118.900;  151.925;    0.000
284.877; 2429.900;  169.925;    0.000
284.942; 2667.900;  179.925;    0.000
285.007; 3303.900;  202.925;    0.000
285.072; 4587.900;  171.925;    0.000
285.137; 7465.900;  173.925;    0.000
285.202;10064.900;  196.925;    0.000
285.267; 8275.900;  193.925;    0.000
285.332; 5063.900;  151.925;    0.000
285.397; 3517.900;  183.925;    0.000
285.462; 3206.900;  168.925;    0.000
285.527; 2574.900;  166.925;    0.000
285.591; 2499.900;  124.925;    0.000
285.656; 2293.900;  145.925;    0.000
285.721; 2236.900;  155.925;    0.000
285.786; 2037.900;  170.925;    0.000
285.851; 2017.900;  175.925;    0.000
285.916; 2033.900;  186.925;    0.000
285.981; 1972.900;  204.925;    0.000
286.045; 1892.900;  237.925;    0.000
286.110; 1936.900;  197.925;    0.000
286.175; 1858.900;  143.925;    0.000
286.240; 1958.900;  167.925;    0.000
286.305; 1844.900;  202.925;    0.000
286.369; 1718.900;  214.925;    0.000
286.434; 1866.900;  206.925;    0.000
286.499; 1901.900;  177.925;    0.000
286.564; 1881.900;  201.925;    0.000
286.628; 1660.900;  153.925;    0.000
286.693; 1775.900;  161.925;    0.000
286.758; 1769.900;  181.925;    0.000
286.823; 1750.900;  176.925;    0.000
286.887; 1886.900;  158.925;    0.000
286.952; 1782.900;  198.925;    0.000
287.017; 1817.900;  196.925;    0.000
287.082; 1764.900;  154.925;    0.000
287.146; 1689.900;  178.925;    0.000
287.211; 1801.900;  165.925;    0.000
287.276; 1679.900;  165.925;    0.000
287.340; 1774.900;  178.925;    0.000
287.405; 1774.900;  177.925;    0.000
287.470; 1662.900;  141.925;    0.000
287.534; 1854.900;  224.925;    0.000
287.599; 1625.900;  184.925;    0.000
287.663; 1701.900;  177.925;    0.000
287.728; 1791.900;  144.925;    0.000
287.793; 1767.900;  210.925;    0.000
287.857; 1731.900;  198.925;    0.000
287.922; 1758.900;  168.925;    0.000
287.987; 1712.900;  168.925;    0.000
288.051; 1693.900;  200.925;    0.000
288.116; 1737.900;  199.925;    0.000
288.180; 1687.900;  211.925;    0.000
288.245; 1633.900;  182.925;    0.000
288.309; 1722.900;  180.925;    0.000
288.374; 1760.900;  196.925;    0.000
288.439; 1708.900;  187.925;    0.000
288.503; 1713.900;  159.925;    0.000
288.568; 1720.900;  207.925;    0.000
288.632; 1659.900;  210.925;    0.000
288.697; 1636.900;  196.925;    0.000
288.761; 1748.900;  175.925;    0.000
288.826; 1752.900;  159.925;    0.000
288.890; 1686.900;  183.925;    0.000
288.955; 1815.900;  149.925;    0.000
289.019; 1752.900;  194.925;    0.000
289.084; 1720.900;  171.925;    0.000
289.148; 1698.900;  191.925;    0.000
289.212; 1621.900;  217.925;    0.000
289.277; 1669.900;  196.925;    0.000
289.341; 1642.900;  211.925;    0.000
289.406; 1744.900;  165.925;    0.000
289.470; 1725.900;  197.925;    0.000
289.535; 1656.900;  208.925;    0.000
289.599; 1764.900;  192.925;    0.000
289.663; 1679.900;  169.925;    0.000
289.728; 1704.900;  168.925;    0.000
289.792; 1740.900;  192.925;    0.000
289.857; 1686.900;  202.925;    0.000
289.921; 1700.900;  176.925;    0.000
289.985; 1823.900;  164.925;    0.000
290.050; 1660.900;  166.925;    0.000
290.114; 1658.900;  192.925;    0.000
290.178; 1667.900;  155.925;    0.000
290.243; 1708.900;  158.925;    0.000
290.307; 1677.900;  192.925;    0.000
290.371; 1764.900;  161.925;    0.000
290.436; 1679.900;  182.925;    0.000
290.500; 1793.900;  147.925;    0.000
290.564; 1682.900;  209.925;    0.000
290.629; 1722.900;  172.925;    0.000
290.693; 1826.900;  192.925;    0.000
290.757; 1767.900;  147.925;    0.000
290.821; 1754.900;  139.925;    0.000
290.886; 1707.900;  186.925;    0.000
290.950; 1641.900;  196.925;    0.000
291.014; 1863.900;  166.925;    0.000
291.078; 1649.900;  143.925;    0.000
291.143; 1675.900;  171.925;    0.000
291.207; 1871.900;  187.925;    0.000
291.271; 1674.900;  208.925;    0.000
291.335; 1691.900;  195.925;    0.000
291.399; 1700.900;  139.925;    0.000
291.464; 1853.900;  139.925;    0.000
291.528; 1933.900;  183.925;    0.000
291.592; 1827.900;  152.925;    0.000
291.656; 1791.900;  155.925;    0.000
291.720; 1692.900;  191.925;    0.000
291.784; 1944.900;  185.925;    0.000
291.849; 1764.900;  175.925;    0.000
291.913; 1683.900;  152.925;    0.000
291.977; 1785.900;  203.925;    0.000
292.041; 1838.900;  181.925;    0.000
292.105; 1736.900;  168.925;    0.000
292.169; 1618.900;  133.925;    0.000
292.233; 1747.900;  156.925;    0.000
292.297; 1774.900;  173.925;    0.000
292.361; 1789.900;  124.925;    0.000
292.425; 1762.900;  138.925;    0.000
292.490; 1741.900;  110.925;    0.000
292.554; 1845.900;  180.925;    0.000
292.618; 1967.900;  178.925;    0.000
292.682; 1956.900;  156.925;    0.000
292.746; 1983.900;  151.925;    0.000
292.810; 2396.900;  183.925;    0.000
292.874; 2884.900;  156.925;    0.000
292.938; 2753.900;  195.925;    0.000
293.002; 2592.900;  200.925;    0.000
293.066; 2389.900;  171.925;    0.000
293.130; 2270.900;  163.925;    0.000
293.194; 2208.900;  174.925;    0.000
293.258; 2236.900;  167.925;    0.000
293.322; 2132.900;  212.925;    0.000
293.386; 2158.900;  189.925;    0.000
293.450; 2141.900;  169.925;    0.000
293.514; 2488.900;  175.925;    0.000
293.577; 2904.900;  169.925;    0.000
293.641; 3702.900;  186.925;    0.000
293.705; 3993.900;  222.925;    0.000
293.769; 3396.900;  150.925;    0.000
293.833; 3018.900;  165.925;    0.000
293.897; 2532.900;  152.925;    0.000
293.961; 2535.900;  179.925;    0.000
294.025; 2370.900;  159.925;    0.000
294.089; 2378.900;  181.925;    0.000
294.152; 2297.900;  188.925;    0.000
294.216; 2132.900;  170.925;    0.000
294.280; 2207.900;  167.925;    0.000
294.344; 2089.900;  151.925;    0.000
294.408; 2051.900;  180.925;    0.000
294.472; 2022.900;  144.925;    0.000
294.536; 1924.900;  171.925;    0.000
294.599; 1927.900;  157.925;    0.000
294.663; 1806.900;  139.925;    0.000
294.727; 1865.900;  208.925;    0.000
294.791; 1929.900;  152.925;    0.000
294.855; 1930.900;  181.925;    0.000
294.918; 1891.900;  136.925;    0.000
294.982; 1781.900;  155.925;    0.000
295.046; 1912.900;  200.925;    0.000
295.110; 1818.900;  190.925;    0.000
295.173; 1779.900;  156.925;    0.000
295.237; 1779.900;  160.925;    0.000
295.301; 1690.900;  145.925;    0.000
295.364; 1832.900;  166.925;    0.000
295.428; 1803.900;  125.925;    0.000
295.492; 1697.900;  154.925;    0.000
295.556; 1817.900;  172.925;    0.000
295.619; 1753.900;  210.925;    0.000
295.683; 1790.900;  181.925;    0.000
295.747; 1715.900;  176.925;    0.000
295.810; 1812.900;  181.925;    0.000
295.874; 1694.900;  160.925;    0.000
295.938; 1678.900;  119.925;    0.000
296.001; 1623.900;  206.925;    0.000
296.065; 1659.900;  136.925;    0.000
296.128; 1550.900;  156.925;    0.000
296.192; 1693.900;  174.925;    0.000
296.256; 1683.900;  145.925;    0.000
296.319; 1497.900;  167.925;    0.000
296.383; 1711.900;  168.925;    0.000
296.447; 1637.900;  190.925;    0.000
296.510; 1638.900;  165.925;    0.000
296.574; 1753.900;  184.925;    0.000
296.637; 1712.900;  155.925;    0.000
296.701; 1583.900;  168.925;    0.000
296.764; 1656.900;  161.925;    0.000
296.828; 1619.900;  218.925;    0.000
296.891; 1676.900;  176.925;    0.000
296.955; 1634.900;  169.925;    0.000
297.018; 1621.900;  168.925;    0.000
297.082; 1596.900;  176.925;    0.000
297.145; 1645.900;  171.925;    0.000
297.209; 1602.900;  196.925;    0.000
297.272; 1583.900;  170.925;    0.000
297.336; 1546.900;  156.925;    0.000
297.399; 1544.900;  168.925;    0.000
297.463; 1594.900;  203.925;    0.000
297.526; 1647.900;  164.925;    0.000
297.590; 1573.900;  175.925;    0.000
297.653; 1647.900;  170.925;    0.000
297.717; 1568.900;  156.925;    0.000
297.780; 1541.900;  149.925;    0.000
297.843; 1665.900;  156.925;    0.000
297.907; 1568.900;  129.925;    0.000
297.970; 1597.900;  163.925;    0.000
298.034; 1570.900;  162.925;    0.000
298.097; 1610.900;  182.925;    0.000
298.160; 1578.900;  194.925;    0.000
298.224; 1572.900;  178.925;    0.000
298.287; 1552.900;  147.925;    0.000
298.350; 1565.900;  187.925;    0.000
298.414; 1553.900;  193.925;    0.000
298.477; 1467.900;  127.925;    0.000
298.540; 1408.900;  181.925;    0.000
298.604; 1512.900;  163.925;    0.000
298.667; 1544.900;  177.925;    0.000
298.730; 1540.900;  192.925;    0.000
298.794; 1501.900;  183.925;    0.000
298.857; 1582.900;  194.925;    0.000
298.920; 1490.900;  147.925;    0.000
298.984; 1518.900;  184.925;    0.000
299.047; 1490.900;  218.925;    0.000
299.110; 1532.900;  171.925;    0.000
299.173; 1499.900;  177.925;    0.000
299.237; 1557.900;  181.925;    0.000
299.300; 1503.900;  170.925;    0.000
299.363; 1519.900;  185.925;    0.000
299.426; 1496.900;  193.925;    0.000
299.489; 1445.900;  184.925;    0.000
299.553; 1440.900;  194.925;    0.000
299.616; 1553.900;  171.925;    0.000
299.679; 1581.900;  182.925;    0.000
299.742; 1520.900;  138.925;    0.000
299.805; 1358.900;  172.925;    0.000
299.868; 1556.900;  191.925;    0.000
299.932; 1546.900;  193.925;    0.000
299.995; 1462.900;  201.925;    0.000
300.058; 1452.900;  177.925;    0.000
300.121; 1631.900;  178.925;    0.000
300.184; 1398.900;  171.925;    0.000
300.247; 1361.900;  184.925;    0.000
300.310; 1469.900;  200.925;    0.000
300.374; 1476.900;  172.925;    0.000
300.437; 1491.900;  187.925;    0.000
300.500; 1493.900;  211.925;    0.000
300.563; 1398.900;  190.925;    0.000
300.626; 1496.900;  196.925;    0.000
300.689; 1488.900;  162.925;    0.000
300.752; 1323.900;  163.925;    0.000
300.815; 1478.900;  207.925;    0.000
300.878; 1437.900;  221.925;    0.000
300.941; 1432.900;  176.925;    0.000
301.004; 1450.900;  193.925;    0.000
301.067; 1547.900;  165.925;    0.000
301.130; 1427.900;  179.925;    0.000
301.193; 1424.900;  196.925;    0.000
301.256; 1454.900;  210.925;    0.000
301.319; 1449.900;  196.925;    0.000
301.382; 1391.900;  162.925;    0.000
301.445; 1387.900;  233.925;    0.000
301.508; 1366.900;  176.925;    0.000
301.571; 1423.900;  185.925;    0.000
301.634; 1430.900;  202.925;    0.000
301.697; 1321.900;  189.925;    0.000
301.760; 1469.900;  224.925;    0.000
301.823; 1449.900;  212.925;    0.000
301.885; 1343.900;  196.925;    0.000
301.948; 1393.900;  169.925;    0.000
302.011; 1364.900;  160.925;    0.000
302.074; 1450.900;  202.925;    0.000
302.137; 1386.900;  130.925;    0.000
302.200; 1409.900;  188.925;    0.000
302.263; 1374.900;  196.925;    0.000
302.326; 1348.900;  172.925;    0.000
302.388; 1411.900;  197.925;    0.000
302.451; 1465.900;  203.925;    0.000
302.514; 1348.900;  164.925;    0.000
302.577; 1381.900;  170.925;    0.000
302.640; 1390.900;  156.925;    0.000
302.703; 1413.900;  188.925;    0.000
302.765; 1396.900;  213.925;    0.000
302.828; 1470.900;  212.925;    0.000
302.891; 1384.900;  203.925;    0.000
302.954; 1543.900;  148.925;    0.000
303.016; 1410.900;  168.925;    0.000
303.079; 1396.900;  206.925;    0.000
303.142; 1513.900;  210.925;    0.000
303.205; 1364.900;  189.925;    0.000
303.267; 1437.900;  174.925;    0.000
303.330; 1435.900;  198.925;    0.000
303.393; 1398.900;  207.925;    0.000
303.456; 1374.900;  177.925;    0.000
303.518; 1344.900;  192.925;    0.000
303.581; 1334.900;  171.925;    0.000
303.644; 1339.900;  193.925;    0.000
303.706; 1381.900;  185.925;    0.000
303.769; 1413.900;  198.925;    0.000
303.832; 1316.900;  192.925;    0.000
303.894; 1435.900;  199.925;    0.000
303.957; 1417.900;  160.925;    0.000
304.020; 1452.900;  184.925;    0.000
304.082; 1510.900;  191.925;    0.000
304.145; 1394.900;  216.925;    0.000
304.207; 1415.900;  175.925;    0.000
304.270; 1482.900;  192.925;    0.000
304.333; 1408.900;  218.925;    0.000
304.395; 1371.900;  195.925;    0.000
304.458; 1487.900;  206.925;    0.000
304.520; 1413.900;  229.925;    0.000
304.583; 1425.900;  202.925;    0.000
304.646; 1398.900;  159.925;    0.000
304.708; 1333.900;  167.925;    0.000
304.771; 1381.900;  141.925;    0.000
304.833; 1476.900;  184.925;    0.000
304.896; 1404.900;  197.925;    0.000
304.958; 1471.900;  179.925;    0.000
305.021; 1374.900;  175.925;    0.000
305.083; 1450.900;  182.925;    0.000
305.146; 1552.900;  182.925;    0.000
305.208; 1472.900;  174.925;    0.000
305.271; 1369.900;  157.925;    0.000
305.333; 1523.900;  185.925;    0.000
305.396; 1403.900;  199.925;    0.000
305.458; 1490.900;  203.925;    0.000
305.520; 1440.900;  195.925;    0.000
305.583; 1352.900;  152.925;    0.000
305.645; 1543.900;  200.925;    0.000
305.708; 1361.900;  149.925;    0.000
305.770; 1395.900;  211.925;    0.000
305.833; 1510.900;  189.925;    0.000
305.895; 1502.900;  200.925;    0.000
305.957; 1465.900;  166.925;    0.000
306.020; 1410.900;  186.925;    0.000
306.082; 1467.900;  197.925;    0.000
306.144; 1491.900;  200.925;    0.000
306.207; 1457.900;  180.925;    0.000
306.269; 1390.900;  209.925;    0.000
306.331; 1521.900;  205.925;    0.000
306.394; 1405.900;  176.925;    0.000
306.456; 1417.900;  184.925;    0.000
306.518; 1516.900;  210.925;    0.000
306.581; 1361.900;  162.925;    0.000
306.643; 1400.900;  196.925;    0.000
306.705; 1388.900;  204.925;    0.000
306.768; 1412.900;  158.925;    0.000
306.830; 1432.900;  205.925;    0.000
306.892; 1412.900;  189.925;    0.000
306.954; 1396.900;  188.925;    0.000
307.017; 1438.900;  180.925;    0.000
307.079; 1382.900;  197.925;    0.000
307.141; 1428.900;  184.925;    0.000
307.203; 1454.900;  182.925;    0.000
307.266; 1372.900;  166.925;    0.000
307.328; 1501.900;  186.925;    0.000
307.390; 1523.900;  176.925;    0.000
307.452; 1446.900;  194.925;    0.000
307.514; 1477.900;  225.925;    0.000
307.577; 1416.900;  209.925;    0.000
307.639; 1466.900;  203.925;    0.000
307.701; 1529.900;  214.925;    0.000
307.763; 1475.900;  203.925;    0.000
307.825; 1536.900;  202.925;    0.000
307.887; 1510.900;  244.925;    0.000
307.949; 1475.900;  173.925;    0.000
308.012; 1510.900;  219.925;    0.000
308.074; 1491.900;  157.925;    0.000
308.136; 1586.900;  215.925;    0.000
308.198; 1487.900;  186.925;    0.000
308.260; 1487.900;  186.925;    0.000
308.322; 1531.900;  201.925;    0.000
308.384; 1509.900;  218.925;    0.000
308.446; 1465.900;  159.925;    0.000
308.508; 1531.900;  191.925;    0.000
308.570; 1555.900;  185.925;    0.000
308.632; 1605.900;  208.925;    0.000
308.694; 1614.900;  161.925;    0.000
308.756; 1634.900;  169.925;    0.000
308.818; 1513.900;  187.925;    0.000
308.880; 1635.900;  192.925;    0.000
308.942; 1628.900;  194.925;    0.000
309.004; 1635.900;  206.925;    0.000
309.066; 1607.900;  204.925;    0.000
309.128; 1584.900;  181.925;    0.000
309.190; 1745.900;  166.925;    0.000
309.252; 1652.900;  213.925;    0.000
309.314; 1655.900;  249.925;    0.000
309.376; 1717.900;  238.925;    0.000
309.438; 1758.900;  206.925;    0.000
309.500; 1666.900;  185.925;    0.000
309.562; 1814.900;  214.925;    0.000
309.624; 1667.900;  216.925;    0.000
309.686; 1698.900;  197.925;    0.000
309.747; 1725.900;  171.925;    0.000
309.809; 1605.900;  198.925;    0.000
309.871; 1627.900;  185.925;    0.000
309.933; 1625.900;  172.925;    0.000
309.995; 1655.900;  168.925;    0.000
310.057; 1642.900;  177.925;    0.000
310.119; 1506.900;  207.925;    0.000
310.180; 1547.900;  180.925;    0.000
310.242; 1570.900;  202.925;    0.000
310.304; 1517.900;  200.925;    0.000
310.366; 1593.900;  222.925;    0.000
310.428; 1495.900;  179.925;    0.000
310.489; 1551.900;  196.925;    0.000
310.551; 1589.900;  203.925;    0.000
310.613; 1532.900;  198.925;    0.000
310.675; 1564.900;  203.925;    0.000
310.737; 1519.900;  195.925;    0.000
310.798; 1581.900;  204.925;    0.000
310.860; 1602.900;  195.925;    0.000
310.922; 1632.900;  195.925;    0.000
310.983; 1506.900;  225.925;    0.000
311.045; 1599.900;  203.925;    0.000
311.107; 1592.900;  194.925;    0.000
311.169; 1541.900;  185.925;    0.000
311.230; 1542.900;  175.925;    0.000
311.292; 1631.900;  220.925;    0.000
311.354; 1537.900;  189.925;    0.000
311.415; 1498.900;  187.925;    0.000
311.477; 1440.900;  180.925;    0.000
311.539; 1431.900;  175.925;    0.000
311.600; 1559.900;  192.925;    0.000
311.662; 1560.900;  212.925;    0.000
311.724; 1629.900;  217.925;    0.000
311.785; 1594.900;  218.925;    0.000
311.847; 1577.900;  219.925;    0.000
311.908; 1595.900;  202.925;    0.000
311.970; 1512.900;  186.925;    0.000
312.032; 1552.900;  212.925;    0.000
312.093; 1557.900;  203.925;    0.000
312.155; 1514.900;  165.925;    0.000
312.216; 1577.900;  183.925;    0.000
312.278; 1548.900;  167.925;    0.000
312.339; 1472.900;  190.925;    0.000
312.401; 1578.900;  219.925;    0.000
312.462; 1559.900;  190.925;    0.000
312.524; 1584.900;  203.925;    0.000
312.585; 1558.900;  191.925;    0.000
312.647; 1592.900;  197.925;    0.000
312.708; 1563.900;  203.925;    0.000
312.770; 1611.900;  203.925;    0.000
312.831; 1560.900;  155.925;    0.000
312.893; 1505.900;  189.925;    0.000
312.954; 1642.900;  212.925;    0.000
313.016; 1567.900;  179.925;    0.000
313.077; 1657.900;  209.925;    0.000
313.139; 1582.900;  185.925;    0.000
313.200; 1630.900;  180.925;    0.000
313.261; 1621.900;  220.925;    0.000
313.323; 1605.900;  171.925;    0.000
313.384; 1458.900;  180.925;    0.000
313.446; 1661.900;  202.925;    0.000
313.507; 1597.900;  172.925;    0.000
313.568; 1578.900;  192.925;    0.000
313.630; 1518.900;  191.925;    0.000
313.691; 1537.900;  176.925;    0.000
313.752; 1588.900;  175.925;    0.000
313.814; 1600.900;  202.925;    0.000
313.875; 1679.900;  186.925;    0.000
313.936; 1571.900;  199.925;    0.000
313.998; 1560.900;  164.925;    0.000
314.059; 1656.900;  159.925;    0.000
314.120; 1570.900;  175.925;    0.000
314.182; 1499.900;  181.925;    0.000
314.243; 1489.900;  157.925;    0.000
314.304; 1490.900;  168.925;    0.000
314.365; 1536.900;  203.925;    0.000
314.427; 1623.900;  151.925;    0.000
314.488; 1507.900;  174.925;    0.000
314.549; 1626.900;  184.925;    0.000
314.610; 1559.900;  198.925;    0.000
314.672; 1600.900;  193.925;    0.000
314.733; 1547.900;  171.925;    0.000
314.794; 1591.900;  141.925;    0.000
314.855; 1727.900;  184.925;    0.000
314.917; 1611.900;  175.925;    0.000
314.978; 1584.900;  190.925;    0.000
315.039; 1623.900;  183.925;    0.000
315.100; 1661.900;  204.925;    0.000
315.161; 1609.900;  202.925;    0.000
315.222; 1605.900;  177.925;    0.000
315.283; 1556.900;  191.925;    0.000
315.345; 1519.900;  185.925;    0.000
315.406; 1496.900;  194.925;    0.000
315.467; 1538.900;  167.925;    0.000
315.528; 1628.900;  174.925;    0.000
315.589; 1442.900;  197.925;    0.000
315.650; 1531.900;  192.925;    0.000
315.711; 1624.900;  181.925;    0.000
315.772; 1625.900;  157.925;    0.000
315.833; 1630.900;  189.925;    0.000
315.894; 1553.900;  184.925;    0.000
315.955; 1591.900;  202.925;    0.000
316.016; 1508.900;  220.925;    0.000
316.078; 1518.900;  180.925;    0.000
316.139; 1651.900;  240.925;    0.000
316.200; 1628.900;  190.925;    0.000
316.261; 1515.900;  179.925;    0.000
316.322; 1504.900;  176.925;    0.000
316.383; 1463.900;  188.925;    0.000
316.444; 1637.900;  228.925;    0.000
316.504; 1570.900;  199.925;    0.000
316.565; 1541.900;  221.925;    0.000
316.626; 1570.900;  204.925;    0.000
316.687; 1501.900;  192.925;    0.000
316.748; 1498.900;  220.925;    0.000
316.809; 1445.900;  175.925;    0.000
316.870; 1500.900;  164.925;    0.000
316.931; 1585.900;  208.925;    0.000
316.992; 1486.900;  224.925;    0.000
317.053; 1487.900;  204.925;    0.000
317.114; 1616.900;  199.925;    0.000
317.175; 1610.900;  230.925;    0.000
317.235; 1466.900;  186.925;    0.000
317.296; 1529.900;  224.925;    0.000
317.357; 1525.900;  154.925;    0.000
317.418; 1544.900;  219.925;    0.000
317.479; 1515.900;  229.925;    0.000
317.540; 1555.900;  201.925;    0.000
317.601; 1562.900;  180.925;    0.000
317.661; 1512.900;  179.925;    0.000
317.722; 1532.900;  193.925;    0.000
317.783; 1501.900;  164.925;    0.000
317.844; 1561.900;  232.925;    0.000
317.904; 1533.900;  222.925;    0.000
317.965; 1584.900;  199.925;    0.000
318.026; 1484.900;  200.925;    0.000
318.087; 1580.900;  182.925;    0.000
318.148; 1600.900;  216.925;    0.000
318.208; 1542.900;  239.925;    0.000
318.269; 1648.900;  163.925;    0.000
318.330; 1644.900;  204.925;    0.000
318.390; 1516.900;  191.925;    0.000
318.451; 1518.900;  200.925;    0.000
318.512; 1531.900;  181.925;    0.000
318.572; 1646.900;  233.925;    0.000
318.633; 1602.900;  220.925;    0.000
318.694; 1580.900;  179.925;    0.000
318.754; 1509.900;  214.925;    0.000
318.815; 1597.900;  214.925;    0.000
318.876; 1613.900;  220.925;    0.000
318.936; 1653.900;  212.925;    0.000
318.997; 1480.900;  201.925;    0.000
319.058; 1556.900;  215.925;    0.000
319.118; 1516.900;  251.925;    0.000
319.179; 1490.900;  240.925;    0.000
319.239; 1570.900;  240.925;    0.000
319.300; 1646.900;  232.925;    0.000
319.361; 1526.900;  211.925;    0.000
319.421; 1450.900;  219.925;    0.000
319.482; 1503.900;  228.925;    0.000
319.542; 1541.900;  216.925;    0.000
319.603; 1527.900;  190.925;    0.000
319.663; 1559.900;  227.925;    0.000
319.724; 1449.900;  191.925;    0.000
319.784; 1637.900;  196.925;    0.000
319.845; 1456.900;  190.925;    0.000
319.905; 1577.900;  221.925;    0.000
319.966; 1495.900;  219.925;    0.000
320.026; 1616.900;  233.925;    0.000
320.087; 1516.900;  204.925;    0.000
320.147; 1536.900;  189.925;    0.000
320.208; 1494.900;  200.925;    0.000
320.268; 1455.900;  217.925;    0.000
320.329; 1526.900;  216.925;    0.000
320.389; 1462.900;  228.925;    0.000
320.449; 1626.900;  236.925;    0.000
320.510; 1645.900;  234.925;    0.000
320.570; 1541.900;  176.925;    0.000
320.631; 1613.900;  228.925;    0.000
320.691; 1559.900;  228.925;    0.000
320.751; 1483.900;  188.925;    0.000
320.812; 1538.900;  223.925;    0.000
320.872; 1592.900;  268.925;    0.000
320.932; 1598.900;  226.925;    0.000
320.993; 1535.900;  216.925;    0.000
321.053; 1551.900;  236.925;    0.000
321.113; 1565.900;  197.925;    0.000
321.174; 1612.900;  218.925;    0.000
321.234; 1527.900;  229.925;    0.000
321.294; 1561.900;  208.925;    0.000
321.355; 1495.900;  248.925;    0.000
321.415; 1502.900;  218.925;    0.000
321.475; 1528.900;  173.925;    0.000
321.535; 1489.900;  234.925;    0.000
321.596; 1512.900;  202.925;    0.000
321.656; 1573.900;  246.925;    0.000
321.716; 1567.900;  235.925;    0.000
321.776; 1494.900;  210.925;    0.000
321.837; 1628.900;  217.925;    0.000
321.897; 1528.900;  215.925;    0.000
321.957; 1724.900;  239.925;    0.000
322.017; 1521.900;  173.925;    0.000
322.077; 1453.900;  263.925;    0.000
322.138; 1552.900;  232.925;    0.000
322.198; 1540.900;  211.925;    0.000
322.258; 1490.900;  213.925;    0.000
322.318; 1474.900;  168.925;    0.000
322.378; 1548.900;  251.925;    0.000
322.438; 1628.900;  212.925;    0.000
322.499; 1552.900;  265.925;    0.000
322.559; 1511.900;  210.925;    0.000
322.619; 1479.900;  242.925;    0.000
322.679; 1452.900;  229.925;    0.000
322.739; 1530.900;  216.925;    0.000
322.799; 1474.900;  238.925;    0.000
322.859; 1553.900;  249.925;    0.000
322.919; 1569.900;  211.925;    0.000
322.979; 1578.900;  244.925;    0.000
323.039; 1469.900;  226.925;    0.000
323.099; 1441.900;  223.925;    0.000
323.159; 1530.900;  232.925;    0.000
323.219; 1432.900;  203.925;    0.000
323.279; 1473.900;  218.925;    0.000
323.339; 1478.900;  231.925;    0.000
323.399; 1542.900;  255.925;    0.000
323.459; 1399.900;  244.925;    0.000
323.519; 1442.900;  213.925;    0.000
323.579; 1516.900;  193.925;    0.000
323.639; 1509.900;  191.925;    0.000
323.699; 1467.900;  199.925;    0.000
323.759; 1581.900;  246.925;    0.000
323.819; 1577.900;  206.925;    0.000
323.879; 1540.900;  238.925;    0.000
323.939; 1416.900;  229.925;    0.000
323.999; 1503.900;  219.925;    0.000
324.059; 1514.900;  177.925;    0.000
324.119; 1446.900;  235.925;    0.000
324.178; 1442.900;  211.925;    0.000
324.238; 1568.900;  168.925;    0.000
324.298; 1455.900;  205.925;    0.000
324.358; 1483.900;  224.925;    0.000
324.418; 1571.900;  235.925;    0.000
324.478; 1491.900;  187.925;    0.000
324.538; 1526.900;  230.925;    0.000
324.597; 1487.900;  206.925;    0.000
324.657; 1443.900;  180.925;    0.000
324.717; 1473.900;  175.925;    0.000
324.777; 1445.900;  169.925;    0.000
324.837; 1447.900;  165.925;    0.000
324.896; 1477.900;  205.925;    0.000
324.956; 1485.900;  216.925;    0.000
325.016; 1534.900;  197.925;    0.000
325.076; 1454.900;  220.925;    0.000
325.135; 1411.900;  242.925;    0.000
325.195; 1508.900;  186.925;    0.000
325.255; 1554.900;  160.925;    0.000
325.315; 1513.900;  198.925;    0.000
325.374; 1517.900;  208.925;    0.000
325.434; 1541.900;  209.925;    0.000
325.494; 1510.900;  191.925;    0.000
325.553; 1529.900;  190.925;    0.000
325.613; 1618.900;  229.925;    0.000
325.673; 1486.900;  172.925;    0.000
325.732; 1448.900;  160.925;    0.000
325.792; 1547.900;  177.925;    0.000
325.852; 1478.900;  201.925;    0.000
325.911; 1451.900;  226.925;    0.000
325.971; 1515.900;  224.925;    0.000
326.031; 1456.900;  202.925;    0.000
326.090; 1589.900;  232.925;    0.000
326.150; 1619.900;  230.925;    0.000
326.209; 1551.900;  201.925;    0.000
326.269; 1555.900;  202.925;    0.000
326.328; 1434.900;  203.925;    0.000
326.388; 1500.900;  194.925;    0.000
326.448; 1593.900;  233.925;    0.000
326.507; 1557.900;  192.925;    0.000
326.567; 1439.900;  163.925;    0.000
326.626; 1521.900;  227.925;    0.000
326.686; 1506.900;  177.925;    0.000
326.745; 1576.900;  210.925;    0.000
326.805; 1500.900;  198.925;    0.000
326.864; 1559.900;  185.925;    0.000
326.924; 1564.900;  255.925;    0.000
326.983; 1467.900;  208.925;    0.000
327.043; 1566.900;  241.925;    0.000
327.102; 1578.900;  183.925;    0.000
327.161; 1519.900;  210.925;    0.000
327.221; 1448.900;  213.925;    0.000
327.280; 1487.900;  194.925;    0.000
327.340; 1537.900;  212.925;    0.000
327.399; 1581.900;  209.925;    0.000
327.459; 1439.900;  229.925;    0.000
327.518; 1412.900;  196.925;    0.000
327.577; 1365.900;  197.925;    0.000
327.637; 1458.900;  210.925;    0.000
327.696; 1492.900;  196.925;    0.000
327.755; 1469.900;  216.925;    0.000
327.815; 1488.900;  240.925;    0.000
327.874; 1520.900;  250.925;    0.000
327.933; 1419.900;  229.925;    0.000
327.993; 1488.900;  202.925;    0.000
328.052; 1512.900;  178.925;    0.000
328.111; 1546.900;  230.925;    0.000
328.171; 1510.900;  207.925;    0.000
328.230; 1487.900;  170.925;    0.000
328.289; 1520.900;  205.925;    0.000
328.349; 1598.900;  235.925;    0.000
328.408; 1549.900;  231.925;    0.000
328.467; 1535.900;  217.925;    0.000
328.526; 1497.900;  239.925;    0.000
328.586; 1438.900;  214.925;    0.000
328.645; 1513.900;  205.925;    0.000
328.704; 1566.900;  211.925;    0.000
328.763; 1459.900;  208.925;    0.000
328.822; 1522.900;  251.925;    0.000
328.882; 1483.900;  211.925;    0.000
328.941; 1622.900;  232.925;    0.000
329.000; 1519.900;  235.925;    0.000
329.059; 1527.900;  222.925;    0.000
329.118; 1525.900;  265.925;    0.000
329.177; 1495.900;  237.925;    0.000
329.237; 1513.900;  258.925;    0.000
329.296; 1667.900;  225.925;    0.000
329.355; 1519.900;  227.925;    0.000
329.414; 1642.900;  212.925;    0.000
329.473; 1541.900;  250.925;    0.000
329.532; 1644.900;  263.925;    0.000
329.591; 1617.900;  212.925;    0.000
329.650; 1715.900;  219.925;    0.000
329.709; 1653.900;  218.925;    0.000
329.768; 1704.900;  195.925;    0.000
329.827; 1820.900;  223.925;    0.000
329.886; 1848.900;  230.925;    0.000
329.945; 1997.900;  211.925;    0.000
330.004; 2184.900;  247.925;    0.000
330.063; 2398.900;  193.925;    0.000
330.122; 3160.900;  229.925;    0.000
330.181; 3814.900;  223.925;    0.000
330.240; 3806.900;  199.925;    0.000
330.299; 3334.900;  211.925;    0.000
330.358; 2607.900;  198.925;    0.000
330.417; 2196.900;  190.925;    0.000
330.476; 1859.900;  237.925;    0.000
330.535; 1717.900;  239.925;    0.000
330.594; 1801.900;  207.925;    0.000
330.653; 1663.900;  193.925;    0.000
330.712; 1644.900;  225.925;    0.000
330.771; 1577.900;  236.925;    0.000
330.830; 1564.900;  219.925;    0.000
330.889; 1524.900;  211.925;    0.000
330.948; 1577.900;  194.925;    0.000
331.006; 1478.900;  190.925;    0.000
331.065; 1402.900;  192.925;    0.000
331.124; 1528.900;  195.925;    0.000
331.183; 1478.900;  191.925;    0.000
331.242; 1510.900;  203.925;    0.000
331.301; 1359.900;  183.925;    0.000
331.359; 1513.900;  196.925;    0.000
331.418; 1454.900;  209.925;    0.000
331.477; 1513.900;  255.925;    0.000
331.536; 1495.900;  237.925;    0.000
331.595; 1377.900;  217.925;    0.000
331.653; 1414.900;  198.925;    0.000
331.712; 1397.900;  194.925;    0.000
331.771; 1458.900;  229.925;    0.000
331.830; 1333.900;  254.925;    0.000
331.888; 1342.900;  218.925;    0.000
331.947; 1367.900;  211.925;    0.000
332.006; 1410.900;  261.925;    0.000
332.065; 1419.900;  204.925;    0.000
332.123; 1424.900;  225.925;    0.000
332.182; 1491.900;  193.925;    0.000
332.241; 1471.900;  201.925;    0.000
332.299; 1421.900;  182.925;    0.000
332.358; 1441.900;  244.925;    0.000
332.417; 1434.900;  218.925;    0.000
332.475; 1391.900;  218.925;    0.000
332.534; 1439.900;  228.925;    0.000
332.592; 1372.900;  199.925;    0.000
332.651; 1420.900;  204.925;    0.000
332.710; 1519.900;  217.925;    0.000
332.768; 1465.900;  195.925;    0.000
332.827; 1365.900;  182.925;    0.000
332.885; 1348.900;  247.925;    0.000
332.944; 1416.900;  170.925;    0.000
333.003; 1461.900;  200.925;    0.000
333.061; 1412.900;  243.925;    0.000
333.120; 1504.900;  235.925;    0.000
333.178; 1540.900;  195.925;    0.000
333.237; 1450.900;  217.925;    0.000
333.295; 1504.900;  252.925;    0.000
333.354; 1438.900;  201.925;    0.000
333.412; 1492.900;  181.925;    0.000
333.471; 1506.900;  239.925;    0.000
333.529; 1547.900;  214.925;    0.000
333.588; 1526.900;  232.925;    0.000
333.646; 1497.900;  202.925;    0.000
333.705; 1506.900;  232.925;    0.000
333.763; 1445.900;  215.925;    0.000
333.822; 1453.900;  187.925;    0.000
333.880; 1377.900;  186.925;    0.000
333.938; 1496.900;  185.925;    0.000
333.997; 1515.900;  234.925;    0.000
334.055; 1418.900;  255.925;    0.000
334.114; 1562.900;  225.925;    0.000
334.172; 1348.900;  209.925;    0.000
334.230; 1390.900;  194.925;    0.000
334.289; 1471.900;  213.925;    0.000
334.347; 1351.900;  235.925;    0.000
334.405; 1523.900;  242.925;    0.000
334.464; 1362.900;  208.925;    0.000
334.522; 1397.900;  197.925;    0.000
334.580; 1423.900;  204.925;    0.000
334.639; 1449.900;  217.925;    0.000
334.697; 1485.900;  183.925;    0.000
334.755; 1453.900;  196.925;    0.000
334.814; 1326.900;  216.925;    0.000
334.872; 1373.900;  190.925;    0.000
334.930; 1432.900;  162.925;    0.000
334.988; 1422.900;  261.925;    0.000
335.047; 1388.900;  220.925;    0.000
335.105; 1447.900;  190.925;    0.000
335.163; 1444.900;  201.925;    0.000
335.221; 1418.900;  213.925;    0.000
335.280; 1421.900;  202.925;    0.000
335.338; 1500.900;  210.925;    0.000
335.396; 1421.900;  255.925;    0.000
335.454; 1472.900;  216.925;    0.000
335.512; 1499.900;  242.925;    0.000
335.570; 1390.900;  227.925;    0.000
335.629; 1424.900;  225.925;    0.000
335.687; 1414.900;  227.925;    0.000
335.745; 1426.900;  194.925;    0.000
335.803; 1493.900;  221.925;    0.000
335.861; 1491.900;  217.925;    0.000
335.919; 1396.900;  214.925;    0.000
335.977; 1447.900;  209.925;    0.000
336.035; 1417.900;  215.925;    0.000
336.094; 1284.900;  198.925;    0.000
336.152; 1419.900;  222.925;    0.000
336.210; 1430.900;  225.925;    0.000
336.268; 1467.900;  234.925;    0.000
336.326; 1462.900;  209.925;    0.000
336.384; 1464.900;  271.925;    0.000
336.442; 1441.900;  207.925;    0.000
336.500; 1441.900;  226.925;    0.000
336.558; 1453.900;  219.925;    0.000
336.616; 1459.900;  260.925;    0.000
336.674; 1340.900;  205.925;    0.000
336.732; 1322.900;  225.925;    0.000
336.790; 1332.900;  191.925;    0.000
336.848; 1504.900;  219.925;    0.000
336.906; 1483.900;  230.925;    0.000
336.964; 1462.900;  226.925;    0.000
337.022; 1423.900;  266.925;    0.000
337.080; 1434.900;  231.925;    0.000
337.138; 1438.900;  249.925;    0.000
337.195; 1373.900;  207.925;    0.000
337.253; 1385.900;  207.925;    0.000
337.311; 1497.900;  225.925;    0.000
337.369; 1407.900;  211.925;    0.000
337.427; 1363.900;  196.925;    0.000
337.485; 1448.900;  269.925;    0.000
337.543; 1428.900;  227.925;    0.000
337.601; 1430.900;  260.925;    0.000
337.658; 1385.900;  237.925;    0.000
337.716; 1333.900;  222.925;    0.000
337.774; 1360.900;  256.925;    0.000
337.832; 1422.900;  223.925;    0.000
337.890; 1265.900;  188.925;    0.000
337.947; 1430.900;  212.925;    0.000
338.005; 1356.900;  217.925;    0.000
338.063; 1336.900;  200.925;    0.000
338.121; 1391.900;  217.925;    0.000
338.178; 1342.900;  236.925;    0.000
338.236; 1417.900;  218.925;    0.000
338.294; 1468.900;  238.925;    0.000
338.352; 1410.900;  266.925;    0.000
338.409; 1323.900;  240.925;    0.000
338.467; 1385.900;  210.925;    0.000
338.525; 1396.900;  255.925;    0.000
338.583; 1384.900;  239.925;    0.000
338.640; 1409.900;  243.925;    0.000
338.698; 1409.900;  204.925;    0.000
338.756; 1430.900;  219.925;    0.000
338.813; 1364.900;  227.925;    0.000
338.871; 1398.900;  227.925;    0.000
338.928; 1374.900;  211.925;    0.000
338.986; 1346.900;  254.925;    0.000
339.044; 1429.900;  207.925;    0.000
339.101; 1368.900;  229.925;    0.000
339.159; 1411.900;  237.925;    0.000
339.216; 1345.900;  231.925;    0.000
339.274; 1433.900;  301.925;    0.000
339.332; 1382.900;  259.925;    0.000
339.389; 1390.900;  258.925;    0.000
339.447; 1445.900;  226.925;    0.000
339.504; 1470.900;  229.925;    0.000
339.562; 1396.900;  244.925;    0.000
339.619; 1443.900;  265.925;    0.000
339.677; 1469.900;  253.925;    0.000
339.734; 1394.900;  191.925;    0.000
339.792; 1381.900;  238.925;    0.000
339.849; 1372.900;  236.925;    0.000
339.907; 1339.900;  254.925;    0.000
339.964; 1326.900;  196.925;    0.000
340.022; 1329.900;  247.925;    0.000
340.079; 1418.900;  275.925;    0.000
340.137; 1300.900;  248.925;    0.000
340.194; 1383.900;  263.925;    0.000
340.252; 1337.900;  266.925;    0.000
340.309; 1380.900;  211.925;    0.000
340.366; 1301.900;  237.925;    0.000
340.424; 1378.900;  260.925;    0.000
340.481; 1375.900;  255.925;    0.000
340.538; 1430.900;  235.925;    0.000
340.596; 1290.900;  225.925;    0.000
340.653; 1464.900;  230.925;    0.000
340.711; 1447.900;  272.925;    0.000
340.768; 1431.900;  253.925;    0.000
340.825; 1329.900;  201.925;    0.000
340.883; 1409.900;  232.925;    0.000
340.940; 1372.900;  247.925;    0.000
340.997; 1365.900;  244.925;    0.000
341.054; 1345.900;  244.925;    0.000
341.112; 1330.900;  258.925;    0.000
341.169; 1350.900;  238.925;    0.000
341.226; 1380.900;  213.925;    0.000
341.284; 1362.900;  240.925;    0.000
341.341; 1374.900;  194.925;    0.000
341.398; 1333.900;  191.925;    0.000
341.455; 1349.900;  227.925;    0.000
341.512; 1388.900;  238.925;    0.000
341.570; 1375.900;  236.925;    0.000
341.627; 1417.900;  241.925;    0.000
341.684; 1296.900;  225.925;    0.000
341.741; 1380.900;  299.925;    0.000
341.798; 1392.900;  265.925;    0.000
341.856; 1303.900;  230.925;    0.000
341.913; 1468.900;  234.925;    0.000
341.970; 1374.900;  260.925;    0.000
342.027; 1374.900;  255.925;    0.000
342.084; 1418.900;  260.925;    0.000
342.141; 1341.900;  263.925;    0.000
342.198; 1424.900;  245.925;    0.000
342.255; 1415.900;  210.925;    0.000
342.313; 1359.900;  251.925;    0.000
342.370; 1433.900;  234.925;    0.000
342.427; 1428.900;  249.925;    0.000
342.484; 1330.900;  254.925;    0.000
342.541; 1399.900;  229.925;    0.000
342.598; 1435.900;  255.925;    0.000
342.655; 1422.900;  225.925;    0.000
342.712; 1428.900;  224.925;    0.000
342.769; 1389.900;  215.925;    0.000
342.826; 1393.900;  240.925;    0.000
342.883; 1423.900;  233.925;    0.000
342.940; 1363.900;  212.925;    0.000
342.997; 1400.900;  236.925;    0.000
343.054; 1370.900;  255.925;    0.000
343.111; 1336.900;  228.925;    0.000
343.168; 1483.900;  230.925;    0.000
343.225; 1453.900;  258.925;    0.000
343.282; 1290.900;  202.925;    0.000
343.339; 1393.900;  253.925;    0.000
343.395; 1384.900;  232.925;    0.000
343.452; 1505.900;  253.925;    0.000
343.509; 1442.900;  213.925;    0.000
343.566; 1489.900;  259.925;    0.000
343.623; 1398.900;  244.925;    0.000
343.680; 1464.900;  232.925;    0.000
343.737; 1362.900;  222.925;    0.000
343.794; 1441.900;  204.925;    0.000
343.850; 1452.900;  249.925;    0.000
343.907; 1559.900;  212.925;    0.000
343.964; 1496.900;  226.925;    0.000
344.021; 1377.900;  251.925;    0.000
344.078; 1512.900;  246.925;    0.000
344.134; 1488.900;  218.925;    0.000
344.191; 1573.900;  244.925;    0.000
344.248; 1550.900;  211.925;    0.000
344.305; 1450.900;  221.925;    0.000
344.361; 1532.900;  247.925;    0.000
344.418; 1516.900;  265.925;    0.000
344.475; 1420.900;  254.925;    0.000
344.532; 1565.900;  233.925;    0.000
344.588; 1437.900;  236.925;    0.000
344.645; 1438.900;  249.925;    0.000
344.702; 1496.900;  220.925;    0.000
344.758; 1484.900;  255.925;    0.000
344.815; 1422.900;  236.925;    0.000
344.872; 1388.900;  218.925;    0.000
344.928; 1573.900;  230.925;    0.000
344.985; 1484.900;  222.925;    0.000
345.042; 1500.900;  199.925;    0.000
345.098; 1423.900;  226.925;    0.000
345.155; 1450.900;  245.925;    0.000
345.212; 1494.900;  225.925;    0.000
345.268; 1498.900;  237.925;    0.000
345.325; 1552.900;  213.925;    0.000
345.381; 1467.900;  267.925;    0.000
345.438; 1519.900;  240.925;    0.000
345.495; 1441.900;  254.925;    0.000
345.551; 1521.900;  248.925;    0.000
345.608; 1462.900;  196.925;    0.000
345.664; 1369.900;  245.925;    0.000
345.721; 1501.900;  252.925;    0.000
345.777; 1438.900;  245.925;    0.000
345.834; 1310.900;  210.925;    0.000
345.890; 1501.900;  244.925;    0.000
345.947; 1506.900;  238.925;    0.000
346.003; 1410.900;  224.925;    0.000
346.060; 1455.900;  206.925;    0.000
346.116; 1415.900;  237.925;    0.000
346.173; 1550.900;  242.925;    0.000
346.229; 1537.900;  269.925;    0.000
346.285; 1479.900;  262.925;    0.000
346.342; 1565.900;  263.925;    0.000
346.398; 1493.900;  224.925;    0.000
346.455; 1557.900;  237.925;    0.000
346.511; 1482.900;  216.925;    0.000
346.567; 1521.900;  211.925;    0.000
346.624; 1502.900;  225.925;    0.000
346.680; 1482.900;  242.925;    0.000
346.737; 1398.900;  244.925;    0.000
346.793; 1533.900;  260.925;    0.000
346.849; 1502.900;  251.925;    0.000
346.906; 1451.900;  260.925;    0.000
346.962; 1607.900;  267.925;    0.000
347.018; 1487.900;  246.925;    0.000
347.074; 1384.900;  272.925;    0.000
347.131; 1451.900;  211.925;    0.000
347.187; 1459.900;  240.925;    0.000
347.243; 1519.900;  233.925;    0.000
347.300; 1577.900;  225.925;    0.000
347.356; 1510.900;  236.925;    0.000
347.412; 1535.900;  237.925;    0.000
347.468; 1517.900;  284.925;    0.000
347.524; 1523.900;  252.925;    0.000
347.581; 1532.900;  278.925;    0.000
347.637; 1575.900;  262.925;    0.000
347.693; 1533.900;  268.925;    0.000
347.749; 1416.900;  260.925;    0.000
347.805; 1463.900;  224.925;    0.000
347.862; 1600.900;  243.925;    0.000
347.918; 1527.900;  257.925;    0.000
347.974; 1552.900;  248.925;    0.000
348.030; 1488.900;  242.925;    0.000
348.086; 1511.900;  234.925;    0.000
348.142; 1582.900;  239.925;    0.000
348.198; 1573.900;  260.925;    0.000
348.254; 1506.900;  262.925;    0.000
348.311; 1584.900;  263.925;    0.000
348.367; 1487.900;  235.925;    0.000
348.423; 1503.900;  205.925;    0.000
348.479; 1532.900;  234.925;    0.000
348.535; 1541.900;  257.925;    0.000
348.591; 1486.900;  267.925;    0.000
348.647; 1419.900;  243.925;    0.000
348.703; 1523.900;  278.925;    0.000
348.759; 1546.900;  259.925;    0.000
348.815; 1568.900;  288.925;    0.000
348.871; 1413.900;  269.925;    0.000
348.927; 1469.900;  239.925;    0.000
348.983; 1519.900;  289.925;    0.000
349.039; 1423.900;  221.925;    0.000
349.095; 1438.900;  252.925;    0.000
349.151; 1476.900;  226.925;    0.000
349.207; 1508.900;  263.925;    0.000
349.263; 1571.900;  194.925;    0.000
349.319; 1519.900;  212.925;    0.000
349.374; 1585.900;  236.925;    0.000
349.430; 1390.900;  229.925;    0.000
349.486; 1562.900;  247.925;    0.000
349.542; 1497.900;  263.925;    0.000
349.598; 1569.900;  248.925;    0.000
349.654; 1634.900;  252.925;    0.000
349.710; 1499.900;  230.925;    0.000
349.766; 1529.900;  201.925;    0.000
349.821; 1558.900;  229.925;    0.000
349.877; 1536.900;  282.925;    0.000
349.933; 1613.900;  240.925;    0.000
349.989; 1599.900;  251.925;    0.000
350.045; 1508.900;  240.925;    0.000
350.100; 1537.900;  256.925;    0.000
350.156; 1616.900;  243.925;    0.000
350.212; 1516.900;  250.925;    0.000
350.268; 1481.900;  251.925;    0.000
350.323; 1584.900;  208.925;    0.000
350.379; 1496.900;  244.925;    0.000
350.435; 1508.900;  237.925;    0.000
350.491; 1474.900;  201.925;    0.000
350.546; 1564.900;  225.925;    0.000
350.602; 1546.900;  260.925;    0.000
350.658; 1674.900;  224.925;    0.000
350.713; 1546.900;  264.925;    0.000
350.769; 1539.900;  196.925;    0.000
350.825; 1580.900;  202.925;    0.000
350.880; 1567.900;  232.925;    0.000
350.936; 1657.900;  242.925;    0.000
350.992; 1455.900;  238.925;    0.000
351.047; 1547.900;  242.925;    0.000
351.103; 1448.900;  199.925;    0.000
351.158; 1519.900;  242.925;    0.000
351.214; 1574.900;  225.925;    0.000
351.270; 1447.900;  197.925;    0.000
351.325; 1547.900;  231.925;    0.000
351.381; 1516.900;  215.925;    0.000
351.436; 1555.900;  233.925;    0.000
351.492; 1551.900;  216.925;    0.000
351.547; 1607.900;  244.925;    0.000
351.603; 1491.900;  249.925;    0.000
351.658; 1366.900;  249.925;    0.000
351.714; 1497.900;  222.925;    0.000
351.769; 1675.900;  222.925;    0.000
351.825; 1633.900;  226.925;    0.000
351.880; 1479.900;  238.925;    0.000
351.936; 1469.900;  230.925;    0.000
351.991; 1570.900;  243.925;    0.000
352.047; 1521.900;  201.925;    0.000
352.102; 1518.900;  243.925;    0.000
352.158; 1537.900;  193.925;    0.000
352.213; 1448.900;  219.925;    0.000
352.268; 1447.900;  205.925;    0.000
352.324; 1518.900;  246.925;    0.000
352.379; 1475.900;  247.925;    0.000
352.434; 1606.900;  252.925;    0.000
352.490; 1528.900;  205.925;    0.000
352.545; 1523.900;  262.925;    0.000
352.601; 1657.900;  229.925;    0.000
352.656; 1599.900;  207.925;    0.000
352.711; 1567.900;  228.925;    0.000
352.767; 1540.900;  216.925;    0.000
352.822; 1647.900;  219.925;    0.000
352.877; 1542.900;  234.925;    0.000
352.932; 1517.900;  249.925;    0.000
352.988; 1543.900;  196.925;    0.000
353.043; 1584.900;  228.925;    0.000
353.098; 1517.900;  231.925;    0.000
353.153; 1561.900;  235.925;    0.000
353.209; 1564.900;  250.925;    0.000
353.264; 1657.900;  212.925;    0.000
353.319; 1548.900;  234.925;    0.000
353.374; 1484.900;  245.925;    0.000
353.430; 1642.900;  261.925;    0.000
353.485; 1666.900;  249.925;    0.000
353.540; 1636.900;  260.925;    0.000
353.595; 1592.900;  219.925;    0.000
353.650; 1538.900;  242.925;    0.000
353.705; 1585.900;  244.925;    0.000
353.761; 1543.900;  242.925;    0.000
353.816; 1540.900;  214.925;    0.000
353.871; 1600.900;  237.925;    0.000
353.926; 1627.900;  233.925;    0.000
353.981; 1458.900;  250.925;    0.000
354.036; 1603.900;  239.925;    0.000
354.091; 1486.900;  289.925;    0.000
354.146; 1574.900;  282.925;    0.000
354.201; 1591.900;  244.925;    0.000
354.256; 1461.900;  257.925;    0.000
354.311; 1619.900;  305.925;    0.000
354.367; 1597.900;  220.925;    0.000
354.422; 1615.900;  261.925;    0.000
354.477; 1547.900;  212.925;    0.000
354.532; 1618.900;  254.925;    0.000
354.587; 1487.900;  252.925;    0.000
354.642; 1532.900;  210.925;    0.000
354.697; 1569.900;  232.925;    0.000
354.751; 1603.900;  254.925;    0.000
354.806; 1621.900;  233.925;    0.000
354.861; 1571.900;  244.925;    0.000
354.916; 1670.900;  235.925;    0.000
354.971; 1500.900;  258.925;    0.000
355.026; 1609.900;  251.925;    0.000
355.081; 1662.900;  254.925;    0.000
355.136; 1583.900;  212.925;    0.000
355.191; 1505.900;  211.925;    0.000
355.246; 1544.900;  237.925;    0.000
355.301; 1570.900;  255.925;    0.000
355.355; 1707.900;  231.925;    0.000
355.410; 1587.900;  224.925;    0.000
355.465; 1576.900;  235.925;    0.000
355.520; 1510.900;  244.925;    0.000
355.575; 1561.900;  267.925;    0.000
355.630; 1621.900;  255.925;    0.000
355.684; 1483.900;  254.925;    0.000
355.739; 1476.900;  217.925;    0.000
355.794; 1511.900;  206.925;    0.000
355.849; 1572.900;  221.925;    0.000
355.904; 1568.900;  257.925;    0.000
355.958; 1543.900;  221.925;    0.000
356.013; 1526.900;  192.925;    0.000
356.068; 1641.900;  267.925;    0.000
356.123; 1646.900;  218.925;    0.000
356.177; 1610.900;  236.925;    0.000
356.232; 1637.900;  236.925;    0.000
356.287; 1623.900;  246.925;    0.000
356.341; 1576.900;  241.925;    0.000
356.396; 1431.900;  219.925;    0.000
356.451; 1589.900;  244.925;    0.000
356.505; 1542.900;  248.925;    0.000
356.560; 1637.900;  267.925;    0.000
356.615; 1520.900;  258.925;    0.000
356.669; 1689.900;  291.925;    0.000
356.724; 1626.900;  272.925;    0.000
356.778; 1509.900;  244.925;    0.000
356.833; 1478.900;  223.925;    0.000
356.888; 1606.900;  245.925;    0.000
356.942; 1606.900;  221.925;    0.000
356.997; 1721.900;  254.925;    0.000
357.051; 1624.900;  244.925;    0.000
357.106; 1643.900;  227.925;    0.000
357.160; 1599.900;  176.925;    0.000
357.215; 1589.900;  234.925;    0.000
357.269; 1582.900;  233.925;    0.000
357.324; 1642.900;  232.925;    0.000
357.378; 1539.900;  211.925;    0.000
357.433; 1563.900;  252.925;    0.000
357.487; 1622.900;  227.925;    0.000
357.542; 1557.900;  246.925;    0.000
357.596; 1597.900;  260.925;    0.000
357.651; 1581.900;  301.925;    0.000
357.705; 1533.900;  230.925;    0.000
357.760; 1585.900;  211.925;    0.000
357.814; 1594.900;  265.925;    0.000
357.868; 1596.900;  220.925;    0.000
357.923; 1548.900;  220.925;    0.000
357.977; 1610.900;  245.925;    0.000
358.032; 1528.900;  247.925;    0.000
358.086; 1539.900;  242.925;    0.000
358.140; 1656.900;  270.925;    0.000
358.195; 1576.900;  242.925;    0.000
358.249; 1601.900;  238.925;    0.000
358.303; 1634.900;  285.925;    0.000
358.358; 1485.900;  265.925;    0.000
358.412; 1726.900;  265.925;    0.000
358.466; 1674.900;  257.925;    0.000
358.521; 1594.900;  251.925;    0.000
358.575; 1613.900;  254.925;    0.000
358.629; 1442.900;  278.925;    0.000
358.683; 1575.900;  288.925;    0.000
358.738; 1645.900;  302.925;    0.000
358.792; 1585.900;  239.925;    0.000
358.846; 1568.900;  293.925;    0.000
358.900; 1571.900;  271.925;    0.000
358.954; 1547.900;  300.925;    0.000
359.009; 1560.900;  279.925;    0.000
359.063; 1530.900;  249.925;    0.000
359.117; 1614.900;  264.925;    0.000
359.171; 1679.900;  279.925;    0.000
359.225; 1671.900;  276.925;    0.000
359.280; 1644.900;  237.925;    0.000
359.334; 1577.900;  280.925;    0.000
359.388; 1563.900;  282.925;    0.000
359.442; 1677.900;  243.925;    0.000
359.496; 1481.900;  204.925;    0.000
359.550; 1590.900;  308.925;    0.000
359.604; 1664.900;  264.925;    0.000
359.658; 1627.900;  247.925;    0.000
359.712; 1608.900;  273.925;    0.000
359.766; 1528.900;  212.925;    0.000
359.820; 1591.900;  228.925;    0.000
359.875; 1630.900;  248.925;    0.000
359.929; 1707.900;  271.925;    0.000
359.983; 1508.900;  274.925;    0.000
360.037; 1580.900;  262.925;    0.000
360.091; 1581.900;  302.925;    0.000
360.145; 1561.900;  244.925;    0.000
360.199; 1499.900;  253.925;    0.000
360.253; 1530.900;  285.925;    0.000
360.306; 1666.900;  287.925;    0.000
360.360; 1572.900;  267.925;    0.000
360.414; 1646.900;  250.925;    0.000
360.468; 1597.900;  270.925;    0.000
360.522; 1625.900;  276.925;    0.000
360.576; 1627.900;  269.925;    0.000
360.630; 1614.900;  281.925;    0.000
360.684; 1639.900;  291.925;    0.000
360.738; 1618.900;  325.925;    0.000
360.792; 1642.900;  320.925;    0.000
360.846; 1633.900;  276.925;    0.000
360.899; 1657.900;  314.925;    0.000
360.953; 1643.900;  275.925;    0.000
361.007; 1655.900;  292.925;    0.000
361.061; 1589.900;  278.925;    0.000
361.115; 1520.900;  264.925;    0.000
361.168; 1604.900;  317.925;    0.000
361.222; 1521.900;  277.925;    0.000
361.276; 1637.900;  274.925;    0.000
361.330; 1654.900;  269.925;    0.000
361.384; 1628.900;  280.925;    0.000
361.437; 1664.900;  304.925;    0.000
361.491; 1548.900;  256.925;    0.000
361.545; 1608.900;  293.925;    0.000
361.599; 1563.900;  284.925;    0.000
361.652; 1580.900;  274.925;    0.000
361.706; 1686.900;  284.925;    0.000
361.760; 1486.900;  260.925;    0.000
361.813; 1540.900;  272.925;    0.000
361.867; 1625.900;  300.925;    0.000
361.921; 1530.900;  275.925;    0.000
361.974; 1663.900;  258.925;    0.000
362.028; 1541.900;  248.925;    0.000
362.082; 1600.900;  252.925;    0.000
362.135; 1518.900;  240.925;    0.000
362.189; 1561.900;  259.925;    0.000
362.242; 1655.900;  267.925;    0.000
362.296; 1568.900;  280.925;    0.000
362.350; 1624.900;  282.925;    0.000
362.403; 1599.900;  288.925;    0.000
362.457; 1498.900;  253.925;    0.000
362.510; 1581.900;  323.925;    0.000
362.564; 1590.900;  286.925;    0.000
362.617; 1578.900;  317.925;    0.000
362.671; 1549.900;  286.925;    0.000
362.724; 1615.900;  274.925;    0.000
362.778; 1548.900;  295.925;    0.000
362.831; 1499.900;  289.925;    0.000
362.885; 1577.900;  318.925;    0.000
362.938; 1618.900;  271.925;    0.000
362.992;  331.900;  285.925;    0.000
363.045;  288.900;  291.925;    0.000
363.099;  291.900;  276.925;    0.000
363.152;  284.900;  309.925;    0.000
363.205;  279.900;  263.925;    0.000
363.259;  257.900;  288.925;    0.000
363.312;  330.900;  333.925;    0.000
363.366;  263.900;  328.925;    0.000
363.419;  304.900;  328.925;    0.000
363.472;  281.900;  295.925;    0.000
363.526;  282.900;  334.925;    0.000
363.579;  303.900;  312.925;    0.000
363.632;  289.900;  274.925;    0.000
363.686;  278.900;  282.925;    0.000
363.739;  282.900;  289.925;    0.000
363.792;  295.900;  287.925;    0.000

