
Integration time [ms]:   0.300
Averaging Nr. [scans]: 1
Smoothing Nr. [pixels]: 0
Data measured with spectrometer [name]: VIS
Wave   ;Sample   ;Dark     ;Reference
[nm]   ;[counts] ;[counts] ;[counts] 

450.961;  216.200;  204.350;    0.000
451.100;  209.200;  243.350;    0.000
451.239;  191.200;  228.350;    0.000
451.377;  266.200;  250.350;    0.000
451.516;  240.200;  189.350;    0.000
451.655;  236.200;  235.350;    0.000
451.794;  249.200;  223.350;    0.000
451.932;  232.200;  269.350;    0.000
452.071;  243.200;  250.350;    0.000
452.210;  212.200;  262.350;    0.000
452.348;  214.200;  259.350;    0.000
452.487;  257.200;  231.350;    0.000
452.626;  226.200;  220.350;    0.000
452.764;  246.200;  252.350;    0.000
452.903;  270.200;  236.350;    0.000
453.042;  261.200;  217.350;    0.000
453.180; 1671.200;  273.350;    0.000
453.319; 1791.200;  261.350;    0.000
453.458; 1885.200;  219.350;    0.000
453.596; 1857.200;  307.350;    0.000
453.735; 1863.200;  246.350;    0.000
453.873; 1850.200;  270.350;    0.000
454.012; 1866.200;  232.350;    0.000
454.150; 1869.200;  211.350;    0.000
454.289; 1955.200;  245.350;    0.000
454.427; 1882.200;  224.350;    0.000
454.566; 1881.200;  252.350;    0.000
454.704; 1931.200;  225.350;    0.000
454.843; 1955.200;  195.350;    0.000
454.981; 1896.200;  258.350;    0.000
455.120; 1963.200;  191.350;    0.000
455.258; 2081.200;  243.350;    0.000
455.397; 1990.200;  188.350;    0.000
455.535; 2050.200;  219.350;    0.000
455.674; 1982.200;  184.350;    0.000
455.812; 2108.200;  225.350;    0.000
455.951; 2019.200;  201.350;    0.000
456.089; 2179.200;  187.350;    0.000
456.227; 2089.200;  199.350;    0.000
456.366; 2081.200;  235.350;    0.000
456.504; 2172.200;  216.350;    0.000
456.642; 2270.200;  256.350;    0.000
456.781; 2120.200;  201.350;    0.000
456.919; 2191.200;  231.350;    0.000
457.057; 2235.200;  181.350;    0.000
457.196; 2222.200;  231.350;    0.000
457.334; 2257.200;  229.350;    0.000
457.472; 2348.200;  242.350;    0.000
457.610; 2304.200;  221.350;    0.000
457.749; 2440.200;  218.350;    0.000
457.887; 2285.200;  213.350;    0.000
458.025; 2473.200;  228.350;    0.000
458.163; 2400.200;  204.350;    0.000
458.301; 2574.200;  230.350;    0.000
458.440; 2482.200;  200.350;    0.000
458.578; 2689.200;  222.350;    0.000
458.716; 2651.200;  137.350;    0.000
458.854; 2682.200;  259.350;    0.000
458.992; 2733.200;  172.350;    0.000
459.130; 2621.200;  253.350;    0.000
459.269; 2773.200;  212.350;    0.000
459.407; 2722.200;  212.350;    0.000
459.545; 2735.200;  225.350;    0.000
459.683; 2815.200;  225.350;    0.000
459.821; 2757.200;  192.350;    0.000
459.959; 2819.200;  205.350;    0.000
460.097; 2889.200;  199.350;    0.000
460.235; 2818.200;  232.350;    0.000
460.373; 2918.200;  248.350;    0.000
460.511; 2831.200;  225.350;    0.000
460.649; 2954.200;  204.350;    0.000
460.787; 2853.200;  221.350;    0.000
460.925; 2973.200;  181.350;    0.000
461.063; 2885.200;  243.350;    0.000
461.201; 2904.200;  212.350;    0.000
461.339; 3095.200;  229.350;    0.000
461.477; 2891.200;  162.350;    0.000
461.615; 2977.200;  232.350;    0.000
461.753; 2941.200;  193.350;    0.000
461.891; 3068.200;  217.350;    0.000
462.029; 3148.200;  224.350;    0.000
462.166; 3226.200;  222.350;    0.000
462.304; 3099.200;  185.350;    0.000
462.442; 3247.200;  246.350;    0.000
462.580; 3186.200;  246.350;    0.000
462.718; 3194.200;  235.350;    0.000
462.856; 3119.200;  230.350;    0.000
462.993; 3104.200;  266.350;    0.000
463.131; 2986.200;  208.350;    0.000
463.269; 2919.200;  218.350;    0.000
463.407; 2965.200;  215.350;    0.000
463.545; 3010.200;  200.350;    0.000
463.682; 3084.200;  206.350;    0.000
463.820; 3139.200;  211.350;    0.000
463.958; 3302.200;  206.350;    0.000
464.095; 3499.200;  193.350;    0.000
464.233; 3609.200;  203.350;    0.000
464.371; 3382.200;  258.350;    0.000
464.509; 3542.200;  219.350;    0.000
464.646; 3513.200;  210.350;    0.000
464.784; 3418.200;  206.350;    0.000
464.921; 3587.200;  233.350;    0.000
465.059; 3249.200;  186.350;    0.000
465.197; 3323.200;  213.350;    0.000
465.334; 3151.200;  202.350;    0.000
465.472; 3191.200;  236.350;    0.000
465.609; 3280.200;  206.350;    0.000
465.747; 3213.200;  208.350;    0.000
465.885; 3260.200;  198.350;    0.000
466.022; 3266.200;  210.350;    0.000
466.160; 3304.200;  245.350;    0.000
466.297; 3260.200;  226.350;    0.000
466.435; 3185.200;  235.350;    0.000
466.572; 3256.200;  226.350;    0.000
466.710; 3247.200;  266.350;    0.000
466.847; 3254.200;  258.350;    0.000
466.985; 3236.200;  228.350;    0.000
467.122; 3147.200;  201.350;    0.000
467.260; 3170.200;  170.350;    0.000
467.397; 3016.200;  174.350;    0.000
467.534; 3161.200;  244.350;    0.000
467.672; 3248.200;  247.350;    0.000
467.809; 2984.200;  182.350;    0.000
467.947; 3301.200;  208.350;    0.000
468.084; 3316.200;  206.350;    0.000
468.221; 3281.200;  249.350;    0.000
468.359; 3200.200;  253.350;    0.000
468.496; 3034.200;  208.350;    0.000
468.633; 3107.200;  189.350;    0.000
468.771; 3222.200;  216.350;    0.000
468.908; 3183.200;  240.350;    0.000
469.045; 3142.200;  234.350;    0.000
469.183; 3205.200;  203.350;    0.000
469.320; 3116.200;  230.350;    0.000
469.457; 3243.200;  219.350;    0.000
469.594; 3148.200;  233.350;    0.000
469.732; 3219.200;  230.350;    0.000
469.869; 3211.200;  239.350;    0.000
470.006; 3304.200;  224.350;    0.000
470.143; 3348.200;  241.350;    0.000
470.280; 3472.200;  234.350;    0.000
470.417; 3352.200;  236.350;    0.000
470.555; 3290.200;  207.350;    0.000
470.692; 3342.200;  251.350;    0.000
470.829; 3340.200;  238.350;    0.000
470.966; 3232.200;  242.350;    0.000
471.103; 3316.200;  215.350;    0.000
471.240; 3297.200;  237.350;    0.000
471.377; 3141.200;  235.350;    0.000
471.514; 3234.200;  256.350;    0.000
471.651; 3266.200;  198.350;    0.000
471.789; 3150.200;  215.350;    0.000
471.926; 3293.200;  210.350;    0.000
472.063; 3145.200;  237.350;    0.000
472.200; 3251.200;  265.350;    0.000
472.337; 3171.200;  240.350;    0.000
472.474; 3229.200;  195.350;    0.000
472.611; 3113.200;  228.350;    0.000
472.748; 3183.200;  234.350;    0.000
472.884; 3156.200;  230.350;    0.000
473.021; 3100.200;  219.350;    0.000
473.158; 3203.200;  253.350;    0.000
473.295; 3151.200;  207.350;    0.000
473.432; 3312.200;  238.350;    0.000
473.569; 3098.200;  236.350;    0.000
473.706; 3122.200;  203.350;    0.000
473.843; 3092.200;  232.350;    0.000
473.980; 3174.200;  207.350;    0.000
474.117; 3182.200;  182.350;    0.000
474.253; 3217.200;  261.350;    0.000
474.390; 2957.200;  211.350;    0.000
474.527; 3046.200;  229.350;    0.000
474.664; 3091.200;  181.350;    0.000
474.801; 3267.200;  250.350;    0.000
474.937; 3363.200;  196.350;    0.000
475.074; 3287.200;  213.350;    0.000
475.211; 3213.200;  232.350;    0.000
475.348; 3202.200;  228.350;    0.000
475.484; 3228.200;  240.350;    0.000
475.621; 3206.200;  235.350;    0.000
475.758; 3188.200;  232.350;    0.000
475.894; 3173.200;  227.350;    0.000
476.031; 3273.200;  233.350;    0.000
476.168; 3112.200;  205.350;    0.000
476.304; 3291.200;  263.350;    0.000
476.441; 3272.200;  255.350;    0.000
476.578; 3181.200;  191.350;    0.000
476.714; 3261.200;  218.350;    0.000
476.851; 3152.200;  224.350;    0.000
476.987; 3328.200;  225.350;    0.000
477.124; 3224.200;  231.350;    0.000
477.261; 3229.200;  291.350;    0.000
477.397; 3207.200;  218.350;    0.000
477.534; 3200.200;  209.350;    0.000
477.670; 3146.200;  210.350;    0.000
477.807; 3206.200;  199.350;    0.000
477.943; 3517.200;  219.350;    0.000
478.080; 3312.200;  234.350;    0.000
478.216; 3442.200;  196.350;    0.000
478.353; 3405.200;  234.350;    0.000
478.489; 3467.200;  219.350;    0.000
478.626; 3367.200;  209.350;    0.000
478.762; 3442.200;  206.350;    0.000
478.898; 3497.200;  209.350;    0.000
479.035; 3507.200;  232.350;    0.000
479.171; 3376.200;  219.350;    0.000
479.308; 3458.200;  226.350;    0.000
479.444; 3449.200;  184.350;    0.000
479.580; 3437.200;  192.350;    0.000
479.717; 3430.200;  247.350;    0.000
479.853; 3480.200;  181.350;    0.000
479.989; 3469.200;  212.350;    0.000
480.126; 3513.200;  187.350;    0.000
480.262; 3641.200;  217.350;    0.000
480.398; 3575.200;  249.350;    0.000
480.535; 3644.200;  196.350;    0.000
480.671; 3551.200;  199.350;    0.000
480.807; 3577.200;  231.350;    0.000
480.943; 3537.200;  192.350;    0.000
481.080; 3466.200;  206.350;    0.000
481.216; 3512.200;  189.350;    0.000
481.352; 3564.200;  215.350;    0.000
481.488; 3527.200;  223.350;    0.000
481.624; 3685.200;  235.350;    0.000
481.760; 3667.200;  218.350;    0.000
481.897; 3378.200;  204.350;    0.000
482.033; 3524.200;  243.350;    0.000
482.169; 3522.200;  239.350;    0.000
482.305; 3411.200;  221.350;    0.000
482.441; 3426.200;  162.350;    0.000
482.577; 3453.200;  241.350;    0.000
482.713; 3468.200;  223.350;    0.000
482.849; 3473.200;  195.350;    0.000
482.985; 3464.200;  230.350;    0.000
483.121; 3483.200;  230.350;    0.000
483.258; 3541.200;  254.350;    0.000
483.394; 3694.200;  199.350;    0.000
483.530; 3449.200;  209.350;    0.000
483.665; 3522.200;  196.350;    0.000
483.801; 3494.200;  208.350;    0.000
483.937; 3501.200;  202.350;    0.000
484.073; 3369.200;  247.350;    0.000
484.209; 3501.200;  188.350;    0.000
484.345; 3513.200;  241.350;    0.000
484.481; 3689.200;  247.350;    0.000
484.617; 3509.200;  248.350;    0.000
484.753; 3691.200;  255.350;    0.000
484.889; 3593.200;  253.350;    0.000
485.025; 3513.200;  226.350;    0.000
485.161; 3657.200;  207.350;    0.000
485.296; 3573.200;  247.350;    0.000
485.432; 3582.200;  255.350;    0.000
485.568; 3575.200;  216.350;    0.000
485.704; 3679.200;  232.350;    0.000
485.840; 3559.200;  231.350;    0.000
485.975; 3713.200;  233.350;    0.000
486.111; 3523.200;  207.350;    0.000
486.247; 3696.200;  211.350;    0.000
486.383; 3530.200;  219.350;    0.000
486.518; 3642.200;  213.350;    0.000
486.654; 3631.200;  216.350;    0.000
486.790; 3664.200;  253.350;    0.000
486.926; 3680.200;  229.350;    0.000
487.061; 3675.200;  241.350;    0.000
487.197; 3547.200;  218.350;    0.000
487.333; 3532.200;  221.350;    0.000
487.468; 3536.200;  206.350;    0.000
487.604; 3576.200;  254.350;    0.000
487.740; 3518.200;  240.350;    0.000
487.875; 3620.200;  260.350;    0.000
488.011; 3576.200;  232.350;    0.000
488.146; 3578.200;  206.350;    0.000
488.282; 3572.200;  236.350;    0.000
488.417; 3595.200;  255.350;    0.000
488.553; 3642.200;  221.350;    0.000
488.688; 3526.200;  233.350;    0.000
488.824; 3705.200;  246.350;    0.000
488.960; 3758.200;  267.350;    0.000
489.095; 3684.200;  217.350;    0.000
489.230; 3555.200;  226.350;    0.000
489.366; 3651.200;  232.350;    0.000
489.501; 3685.200;  220.350;    0.000
489.637; 3587.200;  245.350;    0.000
489.772; 3638.200;  228.350;    0.000
489.908; 3910.200;  250.350;    0.000
490.043; 3600.200;  239.350;    0.000
490.178; 3667.200;  213.350;    0.000
490.314; 3844.200;  270.350;    0.000
490.449; 3611.200;  245.350;    0.000
490.585; 3747.200;  218.350;    0.000
490.720; 3518.200;  243.350;    0.000
490.855; 3780.200;  196.350;    0.000
490.991; 3904.200;  208.350;    0.000
491.126; 3908.200;  268.350;    0.000
491.261; 3964.200;  226.350;    0.000
491.396; 3779.200;  201.350;    0.000
491.532; 3768.200;  213.350;    0.000
491.667; 3830.200;  183.350;    0.000
491.802; 3766.200;  239.350;    0.000
491.937; 3856.200;  228.350;    0.000
492.073; 3850.200;  258.350;    0.000
492.208; 3794.200;  218.350;    0.000
492.343; 3753.200;  205.350;    0.000
492.478; 3849.200;  247.350;    0.000
492.613; 3860.200;  217.350;    0.000
492.749; 3845.200;  258.350;    0.000
492.884; 3811.200;  208.350;    0.000
493.019; 3799.200;  248.350;    0.000
493.154; 3637.200;  231.350;    0.000
493.289; 3938.200;  226.350;    0.000
493.424; 3831.200;  216.350;    0.000
493.559; 3708.200;  205.350;    0.000
493.694; 3822.200;  203.350;    0.000
493.829; 3755.200;  231.350;    0.000
493.964; 3735.200;  200.350;    0.000
494.099; 3770.200;  253.350;    0.000
494.234; 3896.200;  244.350;    0.000
494.369; 3967.200;  239.350;    0.000
494.504; 3684.200;  223.350;    0.000
494.639; 3878.200;  263.350;    0.000
494.774; 3841.200;  240.350;    0.000
494.909; 3768.200;  231.350;    0.000
495.044; 3904.200;  195.350;    0.000
495.179; 3792.200;  231.350;    0.000
495.314; 3789.200;  231.350;    0.000
495.449; 3851.200;  239.350;    0.000
495.584; 3750.200;  201.350;    0.000
495.719; 3864.200;  201.350;    0.000
495.854; 4010.200;  201.350;    0.000
495.988; 3991.200;  239.350;    0.000
496.123; 3880.200;  199.350;    0.000
496.258; 4001.200;  256.350;    0.000
496.393; 3944.200;  214.350;    0.000
496.528; 4129.200;  220.350;    0.000
496.663; 4152.200;  207.350;    0.000
496.797; 4052.200;  241.350;    0.000
496.932; 4227.200;  215.350;    0.000
497.067; 4268.200;  240.350;    0.000
497.202; 4251.200;  177.350;    0.000
497.336; 4428.200;  221.350;    0.000
497.471; 4538.200;  228.350;    0.000
497.606; 4594.200;  213.350;    0.000
497.740; 4566.200;  217.350;    0.000
497.875; 4840.200;  182.350;    0.000
498.010; 5046.200;  230.350;    0.000
498.144; 5177.200;  217.350;    0.000
498.279; 5433.200;  194.350;    0.000
498.414; 5423.200;  270.350;    0.000
498.548; 5366.200;  184.350;    0.000
498.683; 5445.200;  188.350;    0.000
498.817; 5277.200;  216.350;    0.000
498.952; 5217.200;  208.350;    0.000
499.087; 5308.200;  236.350;    0.000
499.221; 5247.200;  219.350;    0.000
499.356; 5303.200;  263.350;    0.000
499.490; 5537.200;  221.350;    0.000
499.625; 5761.200;  233.350;    0.000
499.759; 5576.200;  245.350;    0.000
499.894; 5870.200;  241.350;    0.000
500.028; 5972.200;  237.350;    0.000
500.162; 5787.200;  282.350;    0.000
500.297; 6111.200;  232.350;    0.000
500.431; 5962.200;  266.350;    0.000
500.566; 6149.200;  254.350;    0.000
500.700; 6098.200;  238.350;    0.000
500.835; 5678.200;  264.350;    0.000
500.969; 5772.200;  165.350;    0.000
501.103; 5555.200;  190.350;    0.000
501.238; 5525.200;  274.350;    0.000
501.372; 5409.200;  270.350;    0.000
501.506; 5031.200;  231.350;    0.000
501.641; 5024.200;  224.350;    0.000
501.775; 4918.200;  224.350;    0.000
501.909; 4887.200;  218.350;    0.000
502.043; 4405.200;  238.350;    0.000
502.178; 4714.200;  289.350;    0.000
502.312; 4454.200;  225.350;    0.000
502.446; 4317.200;  295.350;    0.000
502.580; 4278.200;  200.350;    0.000
502.715; 4395.200;  256.350;    0.000
502.849; 4339.200;  226.350;    0.000
502.983; 4405.200;  250.350;    0.000
503.117; 4199.200;  229.350;    0.000
503.251; 4101.200;  267.350;    0.000
503.385; 3978.200;  237.350;    0.000
503.520; 4110.200;  210.350;    0.000
503.654; 3969.200;  204.350;    0.000
503.788; 4052.200;  236.350;    0.000
503.922; 3937.200;  225.350;    0.000
504.056; 3785.200;  222.350;    0.000
504.190; 3639.200;  220.350;    0.000
504.324; 3789.200;  257.350;    0.000
504.458; 3836.200;  223.350;    0.000
504.592; 3813.200;  252.350;    0.000
504.726; 3639.200;  216.350;    0.000
504.860; 3588.200;  231.350;    0.000
504.994; 3573.200;  228.350;    0.000
505.128; 3676.200;  239.350;    0.000
505.262; 3569.200;  245.350;    0.000
505.396; 3536.200;  231.350;    0.000
505.530; 3264.200;  211.350;    0.000
505.664; 3497.200;  223.350;    0.000
505.798; 3314.200;  239.350;    0.000
505.932; 3271.200;  232.350;    0.000
506.066; 3240.200;  263.350;    0.000
506.199; 3322.200;  231.350;    0.000
506.333; 3131.200;  213.350;    0.000
506.467; 3201.200;  241.350;    0.000
506.601; 3216.200;  233.350;    0.000
506.735; 3254.200;  235.350;    0.000
506.869; 3183.200;  269.350;    0.000
507.002; 3164.200;  244.350;    0.000
507.136; 3167.200;  258.350;    0.000
507.270; 3152.200;  218.350;    0.000
507.404; 3121.200;  191.350;    0.000
507.537; 3158.200;  226.350;    0.000
507.671; 3086.200;  243.350;    0.000
507.805; 3096.200;  234.350;    0.000
507.939; 3068.200;  234.350;    0.000
508.072; 3063.200;  261.350;    0.000
508.206; 3085.200;  220.350;    0.000
508.340; 3089.200;  241.350;    0.000
508.473; 3004.200;  214.350;    0.000
508.607; 3056.200;  232.350;    0.000
508.740; 3066.200;  222.350;    0.000
508.874; 2923.200;  225.350;    0.000
509.008; 2941.200;  258.350;    0.000
509.141; 3104.200;  210.350;    0.000
509.275; 3076.200;  199.350;    0.000
509.408; 3017.200;  260.350;    0.000
509.542; 2834.200;  252.350;    0.000
509.675; 2925.200;  276.350;    0.000
509.809; 2954.200;  266.350;    0.000
509.942; 3096.200;  227.350;    0.000
510.076; 2829.200;  243.350;    0.000
510.209; 2947.200;  221.350;    0.000
510.343; 2945.200;  229.350;    0.000
510.476; 2873.200;  246.350;    0.000
510.610; 2934.200;  211.350;    0.000
510.743; 3009.200;  279.350;    0.000
510.877; 2822.200;  274.350;    0.000
511.010; 2897.200;  252.350;    0.000
511.143; 2769.200;  228.350;    0.000
511.277; 2801.200;  261.350;    0.000
511.410; 2951.200;  217.350;    0.000
511.543; 2805.200;  230.350;    0.000
511.677; 2867.200;  245.350;    0.000
511.810; 2727.200;  237.350;    0.000
511.943; 2945.200;  224.350;    0.000
512.077; 2802.200;  194.350;    0.000
512.210; 2791.200;  212.350;    0.000
512.343; 2844.200;  236.350;    0.000
512.476; 2914.200;  248.350;    0.000
512.610; 2761.200;  249.350;    0.000
512.743; 2839.200;  224.350;    0.000
512.876; 3022.200;  277.350;    0.000
513.009; 2864.200;  261.350;    0.000
513.142; 2921.200;  213.350;    0.000
513.276; 2781.200;  192.350;    0.000
513.409; 2776.200;  267.350;    0.000
513.542; 2889.200;  224.350;    0.000
513.675; 2856.200;  244.350;    0.000
513.808; 2727.200;  218.350;    0.000
513.941; 2859.200;  237.350;    0.000
514.074; 2804.200;  257.350;    0.000
514.207; 2819.200;  245.350;    0.000
514.340; 2814.200;  195.350;    0.000
514.474; 2904.200;  244.350;    0.000
514.607; 2886.200;  230.350;    0.000
514.740; 2964.200;  246.350;    0.000
514.873; 3040.200;  268.350;    0.000
515.006; 3157.200;  253.350;    0.000
515.139; 3048.200;  235.350;    0.000
515.272; 3241.200;  214.350;    0.000
515.404; 3308.200;  228.350;    0.000
515.537; 3358.200;  263.350;    0.000
515.670; 3211.200;  270.350;    0.000
515.803; 3084.200;  243.350;    0.000
515.936; 3081.200;  226.350;    0.000
516.069; 3022.200;  227.350;    0.000
516.202; 3087.200;  259.350;    0.000
516.335; 3112.200;  260.350;    0.000
516.468; 3216.200;  243.350;    0.000
516.600; 3449.200;  258.350;    0.000
516.733; 3719.200;  235.350;    0.000
516.866; 3874.200;  267.350;    0.000
516.999; 3664.200;  251.350;    0.000
517.132; 4084.200;  261.350;    0.000
517.264; 5133.200;  260.350;    0.000
517.397; 5168.200;  231.350;    0.000
517.530; 4245.200;  257.350;    0.000
517.663; 3854.200;  263.350;    0.000
517.795; 3500.200;  250.350;    0.000
517.928; 3379.200;  257.350;    0.000
518.061; 3496.200;  227.350;    0.000
518.193; 4085.200;  252.350;    0.000
518.326; 5865.200;  227.350;    0.000
518.459; 6430.200;  210.350;    0.000
518.591; 5298.200;  214.350;    0.000
518.724; 3784.200;  269.350;    0.000
518.857; 3499.200;  215.350;    0.000
518.989; 3289.200;  259.350;    0.000
519.122; 3255.200;  238.350;    0.000
519.254; 3169.200;  248.350;    0.000
519.387; 2942.200;  246.350;    0.000
519.519; 3078.200;  239.350;    0.000
519.652; 3035.200;  249.350;    0.000
519.784; 2974.200;  238.350;    0.000
519.917; 2797.200;  231.350;    0.000
520.049; 2883.200;  244.350;    0.000
520.182; 2911.200;  205.350;    0.000
520.314; 2852.200;  262.350;    0.000
520.447; 2797.200;  234.350;    0.000
520.579; 2847.200;  273.350;    0.000
520.712; 2784.200;  215.350;    0.000
520.844; 2834.200;  258.350;    0.000
520.976; 2774.200;  242.350;    0.000
521.109; 2705.200;  232.350;    0.000
521.241; 2706.200;  236.350;    0.000
521.373; 2638.200;  227.350;    0.000
521.506; 2699.200;  212.350;    0.000
521.638; 2609.200;  292.350;    0.000
521.770; 2713.200;  259.350;    0.000
521.903; 2707.200;  263.350;    0.000
522.035; 2503.200;  269.350;    0.000
522.167; 2626.200;  289.350;    0.000
522.300; 2575.200;  255.350;    0.000
522.432; 2509.200;  247.350;    0.000
522.564; 2502.200;  239.350;    0.000
522.696; 2540.200;  246.350;    0.000
522.828; 2627.200;  230.350;    0.000
522.961; 2504.200;  239.350;    0.000
523.093; 2553.200;  269.350;    0.000
523.225; 2469.200;  251.350;    0.000
523.357; 2510.200;  244.350;    0.000
523.489; 2388.200;  266.350;    0.000
523.621; 2432.200;  267.350;    0.000
523.753; 2647.200;  234.350;    0.000
523.885; 2421.200;  229.350;    0.000
524.018; 2541.200;  221.350;    0.000
524.150; 2464.200;  264.350;    0.000
524.282; 2472.200;  283.350;    0.000
524.414; 2522.200;  258.350;    0.000
524.546; 2435.200;  286.350;    0.000
524.678; 2375.200;  274.350;    0.000
524.810; 2440.200;  253.350;    0.000
524.942; 2394.200;  183.350;    0.000
525.074; 2379.200;  232.350;    0.000
525.206; 2332.200;  250.350;    0.000
525.338; 2326.200;  228.350;    0.000
525.469; 2272.200;  224.350;    0.000
525.601; 2439.200;  247.350;    0.000
525.733; 2266.200;  199.350;    0.000
525.865; 2318.200;  230.350;    0.000
525.997; 2353.200;  209.350;    0.000
526.129; 2398.200;  211.350;    0.000
526.261; 2366.200;  233.350;    0.000
526.393; 2357.200;  261.350;    0.000
526.524; 2273.200;  206.350;    0.000
526.656; 2445.200;  260.350;    0.000
526.788; 2353.200;  293.350;    0.000
526.920; 2349.200;  208.350;    0.000
527.052; 2271.200;  204.350;    0.000
527.183; 2269.200;  244.350;    0.000
527.315; 2291.200;  237.350;    0.000
527.447; 2299.200;  236.350;    0.000
527.578; 2331.200;  235.350;    0.000
527.710; 2498.200;  253.350;    0.000
527.842; 2253.200;  231.350;    0.000
527.973; 2332.200;  224.350;    0.000
528.105; 2280.200;  237.350;    0.000
528.237; 2408.200;  213.350;    0.000
528.368; 2227.200;  194.350;    0.000
528.500; 2327.200;  195.350;    0.000
528.632; 2244.200;  201.350;    0.000
528.763; 2262.200;  196.350;    0.000
528.895; 2350.200;  204.350;    0.000
529.026; 2332.200;  214.350;    0.000
529.158; 2160.200;  197.350;    0.000
529.289; 2268.200;  230.350;    0.000
529.421; 2399.200;  247.350;    0.000
529.552; 2343.200;  255.350;    0.000
529.684; 2236.200;  270.350;    0.000
529.815; 2432.200;  248.350;    0.000
529.947; 2306.200;  234.350;    0.000
530.078; 2312.200;  223.350;    0.000
530.210; 2282.200;  243.350;    0.000
530.341; 2300.200;  222.350;    0.000
530.472; 2222.200;  217.350;    0.000
530.604; 2353.200;  242.350;    0.000
530.735; 2330.200;  249.350;    0.000
530.867; 2339.200;  257.350;    0.000
530.998; 2306.200;  250.350;    0.000
531.129; 2289.200;  244.350;    0.000
531.260; 2367.200;  276.350;    0.000
531.392; 2479.200;  220.350;    0.000
531.523; 2416.200;  262.350;    0.000
531.654; 2413.200;  264.350;    0.000
531.786; 2485.200;  225.350;    0.000
531.917; 2628.200;  285.350;    0.000
532.048; 2394.200;  239.350;    0.000
532.179; 2390.200;  248.350;    0.000
532.311; 2375.200;  219.350;    0.000
532.442; 2391.200;  264.350;    0.000
532.573; 2400.200;  230.350;    0.000
532.704; 2399.200;  253.350;    0.000
532.835; 2409.200;  239.350;    0.000
532.966; 2368.200;  247.350;    0.000
533.097; 2370.200;  225.350;    0.000
533.229; 2390.200;  282.350;    0.000
533.360; 2318.200;  236.350;    0.000
533.491; 2367.200;  247.350;    0.000
533.622; 2350.200;  265.350;    0.000
533.753; 2377.200;  226.350;    0.000
533.884; 2275.200;  294.350;    0.000
534.015; 2379.200;  215.350;    0.000
534.146; 2460.200;  223.350;    0.000
534.277; 2421.200;  264.350;    0.000
534.408; 2453.200;  232.350;    0.000
534.539; 2462.200;  274.350;    0.000
534.670; 2494.200;  275.350;    0.000
534.801; 2284.200;  261.350;    0.000
534.932; 2395.200;  225.350;    0.000
535.063; 2431.200;  235.350;    0.000
535.194; 2323.200;  300.350;    0.000
535.324; 2361.200;  249.350;    0.000
535.455; 2230.200;  260.350;    0.000
535.586; 2244.200;  288.350;    0.000
535.717; 2266.200;  237.350;    0.000
535.848; 2336.200;  271.350;    0.000
535.979; 2445.200;  234.350;    0.000
536.109; 2307.200;  255.350;    0.000
536.240; 2326.200;  269.350;    0.000
536.371; 2265.200;  232.350;    0.000
536.502; 2356.200;  253.350;    0.000
536.632; 2319.200;  240.350;    0.000
536.763; 2292.200;  251.350;    0.000
536.894; 2233.200;  256.350;    0.000
537.025; 2309.200;  247.350;    0.000
537.155; 2250.200;  272.350;    0.000
537.286; 2274.200;  241.350;    0.000
537.417; 2354.200;  279.350;    0.000
537.547; 2275.200;  229.350;    0.000
537.678; 2221.200;  227.350;    0.000
537.808; 2233.200;  225.350;    0.000
537.939; 2301.200;  250.350;    0.000
538.070; 2311.200;  263.350;    0.000
538.200; 2318.200;  270.350;    0.000
538.331; 2313.200;  249.350;    0.000
538.461; 2367.200;  230.350;    0.000
538.592; 2231.200;  282.350;    0.000
538.722; 2258.200;  253.350;    0.000
538.853; 2217.200;  240.350;    0.000
538.983; 2237.200;  232.350;    0.000
539.114; 2214.200;  248.350;    0.000
539.244; 2300.200;  256.350;    0.000
539.375; 2227.200;  248.350;    0.000
539.505; 2169.200;  235.350;    0.000
539.636; 2285.200;  237.350;    0.000
539.766; 2297.200;  263.350;    0.000
539.896; 2146.200;  217.350;    0.000
540.027; 2214.200;  217.350;    0.000
540.157; 2299.200;  231.350;    0.000
540.287; 2195.200;  210.350;    0.000
540.418; 2265.200;  239.350;    0.000
540.548; 2331.200;  260.350;    0.000
540.678; 2207.200;  228.350;    0.000
540.809; 2354.200;  241.350;    0.000
540.939; 2294.200;  238.350;    0.000
541.069; 2347.200;  245.350;    0.000
541.200; 2212.200;  225.350;    0.000
541.330; 2308.200;  219.350;    0.000
541.460; 2349.200;  254.350;    0.000
541.590; 2239.200;  234.350;    0.000
541.720; 2274.200;  196.350;    0.000
541.851; 2270.200;  200.350;    0.000
541.981; 2252.200;  235.350;    0.000
542.111; 2501.200;  246.350;    0.000
542.241; 2306.200;  214.350;    0.000
542.371; 2399.200;  221.350;    0.000
542.501; 2629.200;  259.350;    0.000
542.631; 2462.200;  213.350;    0.000
542.761; 2611.200;  240.350;    0.000
542.891; 2515.200;  242.350;    0.000
543.021; 2538.200;  230.350;    0.000
543.151; 2461.200;  261.350;    0.000
543.281; 2411.200;  212.350;    0.000
543.411; 2420.200;  229.350;    0.000
543.542; 2324.200;  204.350;    0.000
543.671; 2507.200;  260.350;    0.000
543.801; 2505.200;  236.350;    0.000
543.931; 2396.200;  243.350;    0.000
544.061; 2422.200;  262.350;    0.000
544.191; 2470.200;  223.350;    0.000
544.321; 2354.200;  217.350;    0.000
544.451; 2331.200;  209.350;    0.000
544.581; 2438.200;  213.350;    0.000
544.711; 2443.200;  256.350;    0.000
544.841; 2491.200;  235.350;    0.000
544.970; 2567.200;  260.350;    0.000
545.100; 2540.200;  236.350;    0.000
545.230; 2567.200;  220.350;    0.000
545.360; 2696.200;  219.350;    0.000
545.490; 2508.200;  217.350;    0.000
545.619; 2524.200;  199.350;    0.000
545.749; 2514.200;  183.350;    0.000
545.879; 2448.200;  169.350;    0.000
546.009; 2354.200;  215.350;    0.000
546.138; 2452.200;  228.350;    0.000
546.268; 2286.200;  209.350;    0.000
546.398; 2317.200;  167.350;    0.000
546.527; 2304.200;  178.350;    0.000
546.657; 2345.200;  175.350;    0.000
546.786; 2380.200;  225.350;    0.000
546.916; 2373.200;  196.350;    0.000
547.046; 2339.200;  185.350;    0.000
547.175; 2282.200;  184.350;    0.000
547.305; 2485.200;  197.350;    0.000
547.434; 2408.200;  168.350;    0.000
547.564; 2397.200;  183.350;    0.000
547.693; 2416.200;  204.350;    0.000
547.823; 2465.200;  211.350;    0.000
547.953; 2479.200;  174.350;    0.000
548.082; 2432.200;  217.350;    0.000
548.211; 2367.200;  201.350;    0.000
548.341; 2488.200;  195.350;    0.000
548.470; 2447.200;  225.350;    0.000
548.600; 2470.200;  194.350;    0.000
548.729; 2396.200;  218.350;    0.000
548.859; 2298.200;  202.350;    0.000
548.988; 2290.200;  193.350;    0.000
549.117; 2418.200;  182.350;    0.000
549.247; 2451.200;  198.350;    0.000
549.376; 2564.200;  200.350;    0.000
549.505; 2535.200;  200.350;    0.000
549.635; 2437.200;  224.350;    0.000
549.764; 2517.200;  200.350;    0.000
549.893; 2382.200;  224.350;    0.000
550.023; 2358.200;  207.350;    0.000
550.152; 2476.200;  167.350;    0.000
550.281; 2455.200;  219.350;    0.000
550.410; 2371.200;  217.350;    0.000
550.539; 2521.200;  211.350;    0.000
550.669; 2533.200;  173.350;    0.000
550.798; 2454.200;  211.350;    0.000
550.927; 2576.200;  195.350;    0.000
551.056; 2366.200;  176.350;    0.000
551.185; 2551.200;  203.350;    0.000
551.314; 2543.200;  178.350;    0.000
551.443; 2433.200;  185.350;    0.000
551.573; 2524.200;  167.350;    0.000
551.702; 2605.200;  193.350;    0.000
551.831; 2520.200;  245.350;    0.000
551.960; 2334.200;  190.350;    0.000
552.089; 2525.200;  202.350;    0.000
552.218; 2506.200;  211.350;    0.000
552.347; 2697.200;  184.350;    0.000
552.476; 2650.200;  200.350;    0.000
552.605; 2553.200;  174.350;    0.000
552.734; 2517.200;  206.350;    0.000
552.863; 2567.200;  189.350;    0.000
552.992; 2725.200;  209.350;    0.000
553.121; 2549.200;  201.350;    0.000
553.249; 2685.200;  208.350;    0.000
553.378; 2677.200;  142.350;    0.000
553.507; 2590.200;  208.350;    0.000
553.636; 2497.200;  192.350;    0.000
553.765; 2645.200;  182.350;    0.000
553.894; 2531.200;  183.350;    0.000
554.023; 2493.200;  182.350;    0.000
554.151; 2563.200;  211.350;    0.000
554.280; 2531.200;  179.350;    0.000
554.409; 2411.200;  182.350;    0.000
554.538; 2546.200;  209.350;    0.000
554.666; 2545.200;  182.350;    0.000
554.795; 2490.200;  179.350;    0.000
554.924; 2468.200;  217.350;    0.000
555.052; 2494.200;  220.350;    0.000
555.181; 2563.200;  228.350;    0.000
555.310; 2551.200;  212.350;    0.000
555.439; 2587.200;  199.350;    0.000
555.567; 2504.200;  220.350;    0.000
555.696; 2461.200;  187.350;    0.000
555.824; 2488.200;  189.350;    0.000
555.953; 2420.200;  217.350;    0.000
556.082; 2362.200;  187.350;    0.000
556.210; 2444.200;  245.350;    0.000
556.339; 2471.200;  195.350;    0.000
556.467; 2508.200;  218.350;    0.000
556.596; 2444.200;  198.350;    0.000
556.724; 2397.200;  201.350;    0.000
556.853; 2444.200;  196.350;    0.000
556.981; 2438.200;  175.350;    0.000
557.110; 2380.200;  210.350;    0.000
557.238; 2458.200;  190.350;    0.000
557.367; 2473.200;  192.350;    0.000
557.495; 2518.200;  219.350;    0.000
557.623; 2437.200;  203.350;    0.000
557.752; 2398.200;  166.350;    0.000
557.880; 2459.200;  172.350;    0.000
558.008; 2525.200;  221.350;    0.000
558.137; 2475.200;  211.350;    0.000
558.265; 2573.200;  157.350;    0.000
558.393; 2511.200;  198.350;    0.000
558.522; 2574.200;  209.350;    0.000
558.650; 2511.200;  260.350;    0.000
558.778; 2492.200;  203.350;    0.000
558.906; 2619.200;  210.350;    0.000
559.035; 2536.200;  194.350;    0.000
559.163; 2587.200;  192.350;    0.000
559.291; 2502.200;  215.350;    0.000
559.419; 2588.200;  197.350;    0.000
559.548; 2554.200;  160.350;    0.000
559.676; 2580.200;  200.350;    0.000
559.804; 2702.200;  223.350;    0.000
559.932; 2537.200;  213.350;    0.000
560.060; 2606.200;  224.350;    0.000
560.188; 2603.200;  221.350;    0.000
560.316; 2554.200;  223.350;    0.000
560.444; 2647.200;  159.350;    0.000
560.572; 2655.200;  204.350;    0.000
560.700; 2725.200;  213.350;    0.000
560.828; 2776.200;  216.350;    0.000
560.956; 2781.200;  207.350;    0.000
561.085; 2790.200;  231.350;    0.000
561.212; 2618.200;  197.350;    0.000
561.340; 2685.200;  192.350;    0.000
561.468; 2694.200;  215.350;    0.000
561.596; 2807.200;  215.350;    0.000
561.724; 2741.200;  181.350;    0.000
561.852; 2583.200;  184.350;    0.000
561.980; 2783.200;  217.350;    0.000
562.108; 2957.200;  199.350;    0.000
562.236; 2724.200;  181.350;    0.000
562.364; 2849.200;  234.350;    0.000
562.492; 2814.200;  225.350;    0.000
562.619; 2834.200;  204.350;    0.000
562.747; 2815.200;  223.350;    0.000
562.875; 2854.200;  210.350;    0.000
563.003; 2797.200;  232.350;    0.000
563.130; 2911.200;  224.350;    0.000
563.258; 3029.200;  213.350;    0.000
563.386; 2952.200;  191.350;    0.000
563.514; 3003.200;  252.350;    0.000
563.641; 2983.200;  201.350;    0.000
563.769; 3110.200;  201.350;    0.000
563.897; 3079.200;  176.350;    0.000
564.024; 3374.200;  167.350;    0.000
564.152; 3400.200;  205.350;    0.000
564.280; 3316.200;  222.350;    0.000
564.407; 3193.200;  192.350;    0.000
564.535; 3404.200;  231.350;    0.000
564.662; 3353.200;  197.350;    0.000
564.790; 3412.200;  200.350;    0.000
564.917; 3372.200;  172.350;    0.000
565.045; 3431.200;  187.350;    0.000
565.173; 3438.200;  173.350;    0.000
565.300; 3551.200;  196.350;    0.000
565.428; 3598.200;  195.350;    0.000
565.555; 3610.200;  191.350;    0.000
565.682; 3692.200;  169.350;    0.000
565.810; 3859.200;  198.350;    0.000
565.937; 4008.200;  213.350;    0.000
566.065; 4059.200;  221.350;    0.000
566.192; 4281.200;  173.350;    0.000
566.320; 4352.200;  214.350;    0.000
566.447; 4406.200;  214.350;    0.000
566.574; 4466.200;  188.350;    0.000
566.702; 4556.200;  198.350;    0.000
566.829; 4717.200;  200.350;    0.000
566.956; 4770.200;  194.350;    0.000
567.083; 4687.200;  176.350;    0.000
567.211; 4683.200;  189.350;    0.000
567.338; 4732.200;  184.350;    0.000
567.465; 4709.200;  181.350;    0.000
567.593; 4933.200;  194.350;    0.000
567.720; 4724.200;  193.350;    0.000
567.847; 4806.200;  196.350;    0.000
567.974; 4934.200;  199.350;    0.000
568.101; 5515.200;  150.350;    0.000
568.228; 6601.200;  174.350;    0.000
568.356; 7468.200;  164.350;    0.000
568.483; 7455.200;  163.350;    0.000
568.610; 7441.200;  187.350;    0.000
568.737; 8510.200;  192.350;    0.000
568.864;10103.200;  218.350;    0.000
568.991;10154.200;  169.350;    0.000
569.118; 9152.200;  161.350;    0.000
569.245; 8021.200;  161.350;    0.000
569.372; 7395.200;  187.350;    0.000
569.499; 6816.200;  146.350;    0.000
569.626; 6387.200;  172.350;    0.000
569.753; 5912.200;  188.350;    0.000
569.880; 5687.200;  180.350;    0.000
570.007; 5310.200;  187.350;    0.000
570.134; 5102.200;  196.350;    0.000
570.261; 5042.200;  127.350;    0.000
570.388; 4790.200;  189.350;    0.000
570.515; 4804.200;  219.350;    0.000
570.642; 4579.200;  187.350;    0.000
570.768; 4463.200;  175.350;    0.000
570.895; 4319.200;  165.350;    0.000
571.022; 4307.200;  180.350;    0.000
571.149; 4110.200;  209.350;    0.000
571.276; 3992.200;  187.350;    0.000
571.402; 4052.200;  227.350;    0.000
571.529; 3970.200;  166.350;    0.000
571.656; 3904.200;  203.350;    0.000
571.783; 3947.200;  156.350;    0.000
571.909; 3774.200;  195.350;    0.000
572.036; 3786.200;  165.350;    0.000
572.163; 3649.200;  156.350;    0.000
572.289; 3668.200;  193.350;    0.000
572.416; 3490.200;  199.350;    0.000
572.543; 3663.200;  185.350;    0.000
572.669; 3555.200;  180.350;    0.000
572.796; 3613.200;  173.350;    0.000
572.922; 3614.200;  186.350;    0.000
573.049; 3421.200;  185.350;    0.000
573.176; 3320.200;  196.350;    0.000
573.302; 3418.200;  189.350;    0.000
573.429; 3413.200;  186.350;    0.000
573.555; 3181.200;  220.350;    0.000
573.682; 3239.200;  196.350;    0.000
573.808; 3228.200;  201.350;    0.000
573.935; 3269.200;  188.350;    0.000
574.061; 3283.200;  216.350;    0.000
574.188; 3243.200;  161.350;    0.000
574.314; 3196.200;  189.350;    0.000
574.440; 3136.200;  190.350;    0.000
574.567; 3175.200;  201.350;    0.000
574.693; 3104.200;  175.350;    0.000
574.820; 3266.200;  188.350;    0.000
574.946; 3246.200;  182.350;    0.000
575.072; 3194.200;  188.350;    0.000
575.198; 3260.200;  232.350;    0.000
575.325; 3170.200;  159.350;    0.000
575.451; 3159.200;  231.350;    0.000
575.577; 3155.200;  196.350;    0.000
575.704; 3105.200;  177.350;    0.000
575.830; 3090.200;  171.350;    0.000
575.956; 3089.200;  163.350;    0.000
576.082; 3096.200;  197.350;    0.000
576.208; 3072.200;  181.350;    0.000
576.335; 3133.200;  218.350;    0.000
576.461; 3157.200;  207.350;    0.000
576.587; 3101.200;  173.350;    0.000
576.713; 3136.200;  170.350;    0.000
576.839; 3136.200;  186.350;    0.000
576.965; 3107.200;  194.350;    0.000
577.091; 3149.200;  167.350;    0.000
577.217; 3167.200;  212.350;    0.000
577.343; 3096.200;  214.350;    0.000
577.469; 3168.200;  208.350;    0.000
577.596; 3118.200;  188.350;    0.000
577.722; 3125.200;  221.350;    0.000
577.848; 2978.200;  197.350;    0.000
577.974; 3270.200;  222.350;    0.000
578.099; 3056.200;  187.350;    0.000
578.225; 3117.200;  213.350;    0.000
578.351; 3171.200;  190.350;    0.000
578.477; 3159.200;  212.350;    0.000
578.603; 3253.200;  178.350;    0.000
578.729; 3270.200;  193.350;    0.000
578.855; 3229.200;  194.350;    0.000
578.981; 3126.200;  152.350;    0.000
579.107; 3072.200;  175.350;    0.000
579.232; 3277.200;  192.350;    0.000
579.358; 3309.200;  186.350;    0.000
579.484; 3209.200;  186.350;    0.000
579.610; 3245.200;  199.350;    0.000
579.735; 3366.200;  197.350;    0.000
579.861; 3281.200;  203.350;    0.000
579.987; 3323.200;  220.350;    0.000
580.113; 3287.200;  210.350;    0.000
580.238; 3265.200;  189.350;    0.000
580.364; 3525.200;  214.350;    0.000
580.490; 3517.200;  205.350;    0.000
580.615; 3438.200;  231.350;    0.000
580.741; 3448.200;  212.350;    0.000
580.867; 3309.200;  196.350;    0.000
580.992; 3443.200;  214.350;    0.000
581.118; 3473.200;  178.350;    0.000
581.243; 3463.200;  209.350;    0.000
581.369; 3492.200;  173.350;    0.000
581.494; 3601.200;  209.350;    0.000
581.620; 3526.200;  204.350;    0.000
581.745; 3747.200;  168.350;    0.000
581.871; 3798.200;  236.350;    0.000
581.996; 3704.200;  212.350;    0.000
582.122; 3883.200;  192.350;    0.000
582.247; 3681.200;  179.350;    0.000
582.373; 3852.200;  189.350;    0.000
582.498; 3827.200;  217.350;    0.000
582.624; 3968.200;  231.350;    0.000
582.749; 4038.200;  237.350;    0.000
582.874; 4013.200;  205.350;    0.000
583.000; 4136.200;  204.350;    0.000
583.125; 4114.200;  192.350;    0.000
583.250; 4222.200;  229.350;    0.000
583.376; 4231.200;  256.350;    0.000
583.501; 4329.200;  200.350;    0.000
583.626; 4340.200;  207.350;    0.000
583.751; 4509.200;  215.350;    0.000
583.877; 4689.200;  212.350;    0.000
584.002; 4550.200;  227.350;    0.000
584.127; 4795.200;  153.350;    0.000
584.252; 4796.200;  197.350;    0.000
584.377; 4757.200;  183.350;    0.000
584.503; 5163.200;  211.350;    0.000
584.628; 5179.200;  215.350;    0.000
584.753; 5318.200;  194.350;    0.000
584.878; 5416.200;  154.350;    0.000
585.003; 5627.200;  213.350;    0.000
585.128; 5588.200;  199.350;    0.000
585.253; 5868.200;  219.350;    0.000
585.378; 5989.200;  174.350;    0.000
585.503; 6114.200;  202.350;    0.000
585.628; 6442.200;  186.350;    0.000
585.753; 6732.200;  209.350;    0.000
585.878; 6904.200;  167.350;    0.000
586.003; 7003.200;  226.350;    0.000
586.128; 7435.200;  206.350;    0.000
586.253; 7595.200;  198.350;    0.000
586.378; 8018.200;  180.350;    0.000
586.503; 8502.200;  201.350;    0.000
586.628; 8888.200;  206.350;    0.000
586.753; 9346.200;  178.350;    0.000
586.878; 9986.200;  228.350;    0.000
587.003;10709.200;  199.350;    0.000
587.127;11131.200;  194.350;    0.000
587.252;12008.200;  212.350;    0.000
587.377;12983.200;  172.350;    0.000
587.502;14067.200;  219.350;    0.000
587.627;14931.200;  247.350;    0.000
587.751;16128.200;  184.350;    0.000
587.876;17986.199;  215.350;    0.000
588.001;19888.199;  163.350;    0.000
588.125;21722.199;  185.350;    0.000
588.250;24574.199;  171.350;    0.000
588.375;27530.199;  255.350;    0.000
588.499;31145.199;  185.350;    0.000
588.624;35818.199;  167.350;    0.000
588.749;41229.199;  170.350;    0.000
588.873;45551.199;  173.350;    0.000
588.998;48727.199;  203.350;    0.000
589.122;52413.199;  184.350;    0.000
589.247;52593.199;  217.350;    0.000
589.372;48695.199;  250.350;    0.000
589.496;47504.199;  200.350;    0.000
589.621;49468.199;  199.350;    0.000
589.745;49805.199;  235.350;    0.000
589.870;44637.199;  206.350;    0.000
589.994;38254.199;  194.350;    0.000
590.118;32934.199;  177.350;    0.000
590.243;28888.199;  231.350;    0.000
590.367;25663.199;  173.350;    0.000
590.492;23235.199;  170.350;    0.000
590.616;20741.199;  182.350;    0.000
590.740;18515.199;  178.350;    0.000
590.865;16758.199;  219.350;    0.000
590.989;15928.200;  210.350;    0.000
591.114;14482.200;  194.350;    0.000
591.238;13575.200;  154.350;    0.000
591.362;12964.200;  210.350;    0.000
591.486;11999.200;  215.350;    0.000
591.611;11342.200;  194.350;    0.000
591.735;10849.200;  206.350;    0.000
591.859;10284.200;  188.350;    0.000
591.983; 9822.200;  202.350;    0.000
592.107; 9420.200;  175.350;    0.000
592.232; 8809.200;  214.350;    0.000
592.356; 8601.200;  232.350;    0.000
592.480; 8238.200;  203.350;    0.000
592.604; 7953.200;  204.350;    0.000
592.728; 7878.200;  187.350;    0.000
592.852; 7391.200;  204.350;    0.000
592.976; 7197.200;  163.350;    0.000
593.100; 7033.200;  177.350;    0.000
593.224; 6689.200;  209.350;    0.000
593.349; 6641.200;  255.350;    0.000
593.473; 6244.200;  225.350;    0.000
593.597; 6377.200;  211.350;    0.000
593.721; 6001.200;  222.350;    0.000
593.844; 5821.200;  202.350;    0.000
593.968; 5925.200;  223.350;    0.000
594.092; 5792.200;  162.350;    0.000
594.216; 5493.200;  211.350;    0.000
594.340; 5397.200;  198.350;    0.000
594.464; 5161.200;  242.350;    0.000
594.588; 5215.200;  213.350;    0.000
594.712; 5192.200;  198.350;    0.000
594.836; 5065.200;  207.350;    0.000
594.959; 4993.200;  192.350;    0.000
595.083; 4835.200;  180.350;    0.000
595.207; 4702.200;  242.350;    0.000
595.331; 4524.200;  172.350;    0.000
595.455; 4619.200;  185.350;    0.000
595.578; 4405.200;  221.350;    0.000
595.702; 4276.200;  233.350;    0.000
595.826; 4167.200;  164.350;    0.000
595.949; 4338.200;  215.350;    0.000
596.073; 4172.200;  198.350;    0.000
596.197; 4005.200;  266.350;    0.000
596.320; 4116.200;  236.350;    0.000
596.444; 3884.200;  215.350;    0.000
596.568; 3945.200;  213.350;    0.000
596.691; 3736.200;  198.350;    0.000
596.815; 3857.200;  210.350;    0.000
596.938; 4000.200;  207.350;    0.000
597.062; 3796.200;  187.350;    0.000
597.186; 3721.200;  234.350;    0.000
597.309; 3622.200;  176.350;    0.000
597.433; 3613.200;  222.350;    0.000
597.556; 3544.200;  219.350;    0.000
597.680; 3582.200;  227.350;    0.000
597.803; 3591.200;  240.350;    0.000
597.926; 3447.200;  227.350;    0.000
598.050; 3393.200;  198.350;    0.000
598.173; 3328.200;  235.350;    0.000
598.297; 3331.200;  233.350;    0.000
598.420; 3224.200;  211.350;    0.000
598.543; 3316.200;  207.350;    0.000
598.667; 3211.200;  232.350;    0.000
598.790; 3148.200;  205.350;    0.000
598.913; 3130.200;  200.350;    0.000
599.037; 3218.200;  193.350;    0.000
599.160; 3284.200;  199.350;    0.000
599.283; 3304.200;  237.350;    0.000
599.406; 3080.200;  168.350;    0.000
599.530; 3129.200;  231.350;    0.000
599.653; 3057.200;  220.350;    0.000
599.776; 2948.200;  203.350;    0.000
599.899; 3072.200;  202.350;    0.000
600.022; 3042.200;  189.350;    0.000
600.145; 2977.200;  175.350;    0.000
600.269; 3041.200;  235.350;    0.000
600.392; 2996.200;  213.350;    0.000
600.515; 2942.200;  236.350;    0.000
600.638; 2799.200;  198.350;    0.000
600.761; 2927.200;  195.350;    0.000
600.884; 2811.200;  221.350;    0.000
601.007; 2856.200;  236.350;    0.000
601.130; 2829.200;  223.350;    0.000
601.253; 2852.200;  250.350;    0.000
601.376; 2828.200;  195.350;    0.000
601.499; 2752.200;  168.350;    0.000
601.622; 2902.200;  221.350;    0.000
601.745; 2713.200;  223.350;    0.000
601.868; 2812.200;  204.350;    0.000
601.991; 2678.200;  207.350;    0.000
602.113; 2786.200;  223.350;    0.000
602.236; 2825.200;  182.350;    0.000
602.359; 2769.200;  235.350;    0.000
602.482; 2748.200;  173.350;    0.000
602.605; 2661.200;  227.350;    0.000
602.728; 2599.200;  227.350;    0.000
602.850; 2617.200;  250.350;    0.000
602.973; 2549.200;  195.350;    0.000
603.096; 2598.200;  270.350;    0.000
603.219; 2623.200;  197.350;    0.000
603.341; 2670.200;  195.350;    0.000
603.464; 2599.200;  204.350;    0.000
603.587; 2597.200;  243.350;    0.000
603.709; 2571.200;  188.350;    0.000
603.832; 2658.200;  214.350;    0.000
603.955; 2507.200;  213.350;    0.000
604.077; 2496.200;  201.350;    0.000
604.200; 2625.200;  209.350;    0.000
604.323; 2566.200;  201.350;    0.000
604.445; 2505.200;  202.350;    0.000
604.568; 2536.200;  230.350;    0.000
604.690; 2504.200;  212.350;    0.000
604.813; 2483.200;  226.350;    0.000
604.935; 2573.200;  216.350;    0.000
605.058; 2375.200;  182.350;    0.000
605.180; 2566.200;  204.350;    0.000
605.303; 2432.200;  199.350;    0.000
605.425; 2478.200;  178.350;    0.000
605.547; 2457.200;  209.350;    0.000
605.670; 2508.200;  206.350;    0.000
605.792; 2325.200;  199.350;    0.000
605.915; 2442.200;  221.350;    0.000
606.037; 2411.200;  222.350;    0.000
606.159; 2465.200;  160.350;    0.000
606.282; 2486.200;  188.350;    0.000
606.404; 2361.200;  205.350;    0.000
606.526; 2433.200;  228.350;    0.000
606.648; 2422.200;  184.350;    0.000
606.771; 2467.200;  195.350;    0.000
606.893; 2479.200;  193.350;    0.000
607.015; 2385.200;  202.350;    0.000
607.137; 2369.200;  189.350;    0.000
607.260; 2405.200;  201.350;    0.000
607.382; 2422.200;  211.350;    0.000
607.504; 2394.200;  206.350;    0.000
607.626; 2453.200;  236.350;    0.000
607.748; 2511.200;  228.350;    0.000
607.870; 2345.200;  212.350;    0.000
607.992; 2409.200;  201.350;    0.000
608.114; 2261.200;  214.350;    0.000
608.237; 2507.200;  235.350;    0.000
608.359; 2392.200;  215.350;    0.000
608.481; 2231.200;  183.350;    0.000
608.603; 2323.200;  206.350;    0.000
608.725; 2179.200;  238.350;    0.000
608.847; 2304.200;  237.350;    0.000
608.969; 2300.200;  227.350;    0.000
609.090; 2470.200;  205.350;    0.000
609.212; 2244.200;  182.350;    0.000
609.334; 2312.200;  210.350;    0.000
609.456; 2310.200;  208.350;    0.000
609.578; 2230.200;  195.350;    0.000
609.700; 2251.200;  196.350;    0.000
609.822; 2154.200;  184.350;    0.000
609.944; 2214.200;  258.350;    0.000
610.065; 2207.200;  219.350;    0.000
610.187; 2323.200;  217.350;    0.000
610.309; 2284.200;  179.350;    0.000
610.431; 2201.200;  189.350;    0.000
610.552; 2263.200;  212.350;    0.000
610.674; 2340.200;  211.350;    0.000
610.796; 2246.200;  168.350;    0.000
610.918; 2222.200;  201.350;    0.000
611.039; 2325.200;  212.350;    0.000
611.161; 2370.200;  207.350;    0.000
611.282; 2164.200;  219.350;    0.000
611.404; 2243.200;  243.350;    0.000
611.526; 2235.200;  180.350;    0.000
611.647; 2315.200;  235.350;    0.000
611.769; 2165.200;  189.350;    0.000
611.890; 2244.200;  201.350;    0.000
612.012; 2204.200;  191.350;    0.000
612.133; 2276.200;  227.350;    0.000
612.255; 2274.200;  191.350;    0.000
612.377; 2147.200;  192.350;    0.000
612.498; 2280.200;  202.350;    0.000
612.619; 2232.200;  207.350;    0.000
612.741; 2284.200;  241.350;    0.000
612.862; 2181.200;  219.350;    0.000
612.984; 2146.200;  203.350;    0.000
613.105; 2166.200;  228.350;    0.000
613.226; 2196.200;  199.350;    0.000
613.348; 2152.200;  238.350;    0.000
613.469; 2195.200;  239.350;    0.000
613.590; 2161.200;  183.350;    0.000
613.712; 2181.200;  245.350;    0.000
613.833; 2216.200;  241.350;    0.000
613.954; 2298.200;  208.350;    0.000
614.076; 2222.200;  181.350;    0.000
614.197; 2257.200;  217.350;    0.000
614.318; 2259.200;  182.350;    0.000
614.439; 2238.200;  204.350;    0.000
614.560; 2263.200;  219.350;    0.000
614.682; 2219.200;  238.350;    0.000
614.803; 2217.200;  240.350;    0.000
614.924; 2314.200;  212.350;    0.000
615.045; 2355.200;  225.350;    0.000
615.166; 2412.200;  227.350;    0.000
615.287; 2586.200;  230.350;    0.000
615.408; 3291.200;  187.350;    0.000
615.529; 3801.200;  211.350;    0.000
615.650; 3482.200;  202.350;    0.000
615.771; 2994.200;  203.350;    0.000
615.892; 3097.200;  222.350;    0.000
616.013; 3986.200;  215.350;    0.000
616.134; 5093.200;  193.350;    0.000
616.255; 4817.200;  242.350;    0.000
616.376; 3881.200;  205.350;    0.000
616.497; 3343.200;  200.350;    0.000
616.618; 3091.200;  177.350;    0.000
616.739; 2895.200;  218.350;    0.000
616.860; 2781.200;  214.350;    0.000
616.981; 2697.200;  208.350;    0.000
617.102; 2580.200;  203.350;    0.000
617.222; 2534.200;  212.350;    0.000
617.343; 2348.200;  162.350;    0.000
617.464; 2435.200;  230.350;    0.000
617.585; 2289.200;  197.350;    0.000
617.705; 2364.200;  209.350;    0.000
617.826; 2365.200;  229.350;    0.000
617.947; 2248.200;  216.350;    0.000
618.068; 2284.200;  192.350;    0.000
618.188; 2157.200;  230.350;    0.000
618.309; 2248.200;  238.350;    0.000
618.430; 2349.200;  242.350;    0.000
618.550; 2216.200;  235.350;    0.000
618.671; 2168.200;  207.350;    0.000
618.791; 2151.200;  228.350;    0.000
618.912; 2216.200;  266.350;    0.000
619.033; 2163.200;  232.350;    0.000
619.153; 2178.200;  207.350;    0.000
619.274; 2074.200;  193.350;    0.000
619.394; 2258.200;  237.350;    0.000
619.515; 2086.200;  216.350;    0.000
619.635; 2250.200;  203.350;    0.000
619.756; 2075.200;  227.350;    0.000
619.876; 2071.200;  244.350;    0.000
619.996; 2129.200;  220.350;    0.000
620.117; 2107.200;  231.350;    0.000
620.237; 2031.200;  235.350;    0.000
620.358; 2064.200;  241.350;    0.000
620.478; 2110.200;  237.350;    0.000
620.598; 2049.200;  255.350;    0.000
620.719; 2036.200;  243.350;    0.000
620.839; 2060.200;  237.350;    0.000
620.959; 2148.200;  216.350;    0.000
621.079; 2117.200;  240.350;    0.000
621.200; 1925.200;  195.350;    0.000
621.320; 1996.200;  287.350;    0.000
621.440; 1990.200;  236.350;    0.000
621.560; 2040.200;  231.350;    0.000
621.681; 1995.200;  177.350;    0.000
621.801; 2033.200;  257.350;    0.000
621.921; 2022.200;  241.350;    0.000
622.041; 2089.200;  239.350;    0.000
622.161; 1972.200;  233.350;    0.000
622.281; 2008.200;  204.350;    0.000
622.401; 2057.200;  204.350;    0.000
622.521; 2053.200;  242.350;    0.000
622.641; 2019.200;  205.350;    0.000
622.761; 1940.200;  254.350;    0.000
622.882; 1892.200;  225.350;    0.000
623.002; 1933.200;  255.350;    0.000
623.121; 1889.200;  244.350;    0.000
623.241; 2062.200;  238.350;    0.000
623.361; 1868.200;  208.350;    0.000
623.481; 1910.200;  194.350;    0.000
623.601; 1953.200;  249.350;    0.000
623.721; 1989.200;  229.350;    0.000
623.841; 1989.200;  244.350;    0.000
623.961; 1980.200;  253.350;    0.000
624.081; 1859.200;  218.350;    0.000
624.201; 1941.200;  218.350;    0.000
624.320; 1911.200;  212.350;    0.000
624.440; 1943.200;  251.350;    0.000
624.560; 2006.200;  244.350;    0.000
624.680; 1922.200;  224.350;    0.000
624.799; 1897.200;  198.350;    0.000
624.919; 1970.200;  215.350;    0.000
625.039; 1924.200;  225.350;    0.000
625.159; 1865.200;  209.350;    0.000
625.278; 1967.200;  211.350;    0.000
625.398; 1949.200;  260.350;    0.000
625.518; 1921.200;  205.350;    0.000
625.637; 1994.200;  240.350;    0.000
625.757; 1969.200;  208.350;    0.000
625.876; 1858.200;  221.350;    0.000
625.996; 1917.200;  245.350;    0.000
626.115; 1971.200;  196.350;    0.000
626.235; 1947.200;  241.350;    0.000
626.354; 1989.200;  231.350;    0.000
626.474; 1839.200;  220.350;    0.000
626.594; 1809.200;  210.350;    0.000
626.713; 1930.200;  229.350;    0.000
626.832; 1900.200;  236.350;    0.000
626.952; 1843.200;  223.350;    0.000
627.071; 1796.200;  211.350;    0.000
627.191; 1827.200;  220.350;    0.000
627.310; 1813.200;  206.350;    0.000
627.429; 1786.200;  223.350;    0.000
627.549; 1796.200;  205.350;    0.000
627.668; 1878.200;  227.350;    0.000
627.787; 1848.200;  221.350;    0.000
627.907; 1837.200;  194.350;    0.000
628.026; 1869.200;  231.350;    0.000
628.145; 1820.200;  210.350;    0.000
628.264; 1789.200;  245.350;    0.000
628.384; 1864.200;  234.350;    0.000
628.503; 1859.200;  210.350;    0.000
628.622; 1847.200;  223.350;    0.000
628.741; 1886.200;  210.350;    0.000
628.860; 1853.200;  222.350;    0.000
628.980; 1812.200;  184.350;    0.000
629.099; 1848.200;  234.350;    0.000
629.218; 1806.200;  157.350;    0.000
629.337; 1831.200;  220.350;    0.000
629.456; 1867.200;  210.350;    0.000
629.575; 1846.200;  239.350;    0.000
629.694; 1750.200;  216.350;    0.000
629.813; 1887.200;  218.350;    0.000
629.932; 1818.200;  175.350;    0.000
630.051; 1810.200;  218.350;    0.000
630.170; 1843.200;  215.350;    0.000
630.289; 1787.200;  203.350;    0.000
630.408; 1786.200;  180.350;    0.000
630.527; 1721.200;  249.350;    0.000
630.646; 1831.200;  186.350;    0.000
630.764; 1724.200;  189.350;    0.000
630.883; 1972.200;  221.350;    0.000
631.002; 1757.200;  191.350;    0.000
631.121; 1875.200;  210.350;    0.000
631.240; 1826.200;  256.350;    0.000
631.359; 1914.200;  246.350;    0.000
631.477; 1822.200;  230.350;    0.000
631.596; 1911.200;  229.350;    0.000
631.715; 1966.200;  242.350;    0.000
631.834; 1807.200;  261.350;    0.000
631.952; 1727.200;  250.350;    0.000
632.071; 1871.200;  218.350;    0.000
632.190; 1688.200;  200.350;    0.000
632.308; 1789.200;  226.350;    0.000
632.427; 1744.200;  234.350;    0.000
632.546; 1912.200;  250.350;    0.000
632.664; 1724.200;  224.350;    0.000
632.783; 1796.200;  211.350;    0.000
632.901; 1857.200;  254.350;    0.000
633.020; 1792.200;  204.350;    0.000
633.138; 1758.200;  228.350;    0.000
633.257; 1784.200;  219.350;    0.000
633.375; 1794.200;  243.350;    0.000
633.494; 1813.200;  242.350;    0.000
633.612; 1754.200;  227.350;    0.000
633.731; 1815.200;  221.350;    0.000
633.849; 1726.200;  239.350;    0.000
633.968; 1723.200;  219.350;    0.000
634.086; 1733.200;  218.350;    0.000
634.204; 1817.200;  203.350;    0.000
634.323; 1812.200;  222.350;    0.000
634.441; 1749.200;  257.350;    0.000
634.559; 1724.200;  201.350;    0.000
634.678; 1685.200;  214.350;    0.000
634.796; 1815.200;  207.350;    0.000
634.914; 1658.200;  226.350;    0.000
635.032; 1723.200;  250.350;    0.000
635.151; 1688.200;  228.350;    0.000
635.269; 1657.200;  188.350;    0.000
635.387; 1776.200;  247.350;    0.000
635.505; 1693.200;  250.350;    0.000
635.623; 1748.200;  230.350;    0.000
635.742; 1790.200;  209.350;    0.000
635.860; 1765.200;  239.350;    0.000
635.978; 1654.200;  213.350;    0.000
636.096; 1731.200;  176.350;    0.000
636.214; 1706.200;  246.350;    0.000
636.332; 1661.200;  224.350;    0.000
636.450; 1715.200;  215.350;    0.000
636.568; 1741.200;  246.350;    0.000
636.686; 1606.200;  225.350;    0.000
636.804; 1759.200;  218.350;    0.000
636.922; 1759.200;  195.350;    0.000
637.040; 1672.200;  213.350;    0.000
637.158; 1693.200;  228.350;    0.000
637.276; 1733.200;  206.350;    0.000
637.394; 1730.200;  224.350;    0.000
637.512; 1758.200;  245.350;    0.000
637.629; 1786.200;  234.350;    0.000
637.747; 1755.200;  233.350;    0.000
637.865; 1591.200;  236.350;    0.000
637.983; 1691.200;  235.350;    0.000
638.101; 1649.200;  232.350;    0.000
638.218; 1641.200;  256.350;    0.000
638.336; 1746.200;  216.350;    0.000
638.454; 1644.200;  255.350;    0.000
638.572; 1798.200;  237.350;    0.000
638.689; 1649.200;  271.350;    0.000
638.807; 1687.200;  243.350;    0.000
638.925; 1727.200;  259.350;    0.000
639.042; 1664.200;  185.350;    0.000
639.160; 1675.200;  250.350;    0.000
639.278; 1611.200;  207.350;    0.000
639.395; 1688.200;  243.350;    0.000
639.513; 1670.200;  235.350;    0.000
639.630; 1614.200;  230.350;    0.000
639.748; 1614.200;  192.350;    0.000
639.865; 1638.200;  219.350;    0.000
639.983; 1646.200;  183.350;    0.000
640.100; 1739.200;  251.350;    0.000
640.218; 1671.200;  246.350;    0.000
640.335; 1661.200;  227.350;    0.000
640.453; 1685.200;  259.350;    0.000
640.570; 1621.200;  251.350;    0.000
640.688; 1630.200;  223.350;    0.000
640.805; 1606.200;  246.350;    0.000
640.922; 1657.200;  249.350;    0.000
641.040; 1665.200;  257.350;    0.000
641.157; 1631.200;  207.350;    0.000
641.274; 1671.200;  241.350;    0.000
641.391; 1591.200;  246.350;    0.000
641.509; 1633.200;  216.350;    0.000
641.626; 1653.200;  252.350;    0.000
641.743; 1604.200;  215.350;    0.000
641.860; 1688.200;  234.350;    0.000
641.978; 1536.200;  216.350;    0.000
642.095; 1641.200;  247.350;    0.000
642.212; 1633.200;  199.350;    0.000
642.329; 1646.200;  237.350;    0.000
642.446; 1720.200;  222.350;    0.000
642.563; 1692.200;  287.350;    0.000
642.681; 1593.200;  261.350;    0.000
642.798; 1609.200;  251.350;    0.000
642.915; 1611.200;  238.350;    0.000
643.032; 1622.200;  246.350;    0.000
643.149; 1674.200;  239.350;    0.000
643.266; 1603.200;  238.350;    0.000
643.383; 1511.200;  231.350;    0.000
643.500; 1608.200;  212.350;    0.000
643.617; 1639.200;  236.350;    0.000
643.734; 1605.200;  239.350;    0.000
643.850; 1642.200;  234.350;    0.000
643.967; 1658.200;  253.350;    0.000
644.084; 1634.200;  253.350;    0.000
644.201; 1654.200;  227.350;    0.000
644.318; 1707.200;  247.350;    0.000
644.435; 1597.200;  264.350;    0.000
644.552; 1577.200;  230.350;    0.000
644.668; 1689.200;  250.350;    0.000
644.785; 1685.200;  235.350;    0.000
644.902; 1754.200;  227.350;    0.000
645.019; 1657.200;  203.350;    0.000
645.135; 1701.200;  210.350;    0.000
645.252; 1547.200;  206.350;    0.000
645.369; 1609.200;  235.350;    0.000
645.485; 1595.200;  223.350;    0.000
645.602; 1679.200;  205.350;    0.000
645.719; 1691.200;  222.350;    0.000
645.835; 1680.200;  246.350;    0.000
645.952; 1609.200;  239.350;    0.000
646.068; 1662.200;  225.350;    0.000
646.185; 1648.200;  248.350;    0.000
646.302; 1674.200;  226.350;    0.000
646.418; 1706.200;  228.350;    0.000
646.535; 1741.200;  219.350;    0.000
646.651; 1615.200;  204.350;    0.000
646.768; 1660.200;  247.350;    0.000
646.884; 1673.200;  228.350;    0.000
647.000; 1631.200;  223.350;    0.000
647.117; 1675.200;  251.350;    0.000
647.233; 1686.200;  223.350;    0.000
647.350; 1576.200;  237.350;    0.000
647.466; 1759.200;  223.350;    0.000
647.582; 1668.200;  243.350;    0.000
647.699; 1712.200;  223.350;    0.000
647.815; 1725.200;  215.350;    0.000
647.931; 1552.200;  214.350;    0.000
648.047; 1650.200;  199.350;    0.000
648.164; 1704.200;  233.350;    0.000
648.280; 1662.200;  231.350;    0.000
648.396; 1679.200;  215.350;    0.000
648.512; 1770.200;  252.350;    0.000
648.629; 1665.200;  237.350;    0.000
648.745; 1716.200;  216.350;    0.000
648.861; 1775.200;  207.350;    0.000
648.977; 1704.200;  247.350;    0.000
649.093; 1673.200;  221.350;    0.000
649.209; 1741.200;  232.350;    0.000
649.325; 1738.200;  245.350;    0.000
649.441; 1640.200;  253.350;    0.000
649.557; 1720.200;  221.350;    0.000
649.673; 1659.200;  182.350;    0.000
649.789; 1731.200;  245.350;    0.000
649.905; 1591.200;  204.350;    0.000
650.021; 1696.200;  270.350;    0.000
650.137; 1670.200;  218.350;    0.000
650.253; 1824.200;  268.350;    0.000
650.369; 1706.200;  222.350;    0.000
650.485; 1688.200;  215.350;    0.000
650.601; 1742.200;  218.350;    0.000
650.717; 1665.200;  208.350;    0.000
650.833; 1710.200;  263.350;    0.000
650.948; 1685.200;  266.350;    0.000
651.064; 1726.200;  271.350;    0.000
651.180; 1779.200;  232.350;    0.000
651.296; 1699.200;  237.350;    0.000
651.411; 1781.200;  233.350;    0.000
651.527; 1677.200;  232.350;    0.000
651.643; 1801.200;  259.350;    0.000
651.759; 1758.200;  257.350;    0.000
651.874; 1734.200;  216.350;    0.000
651.990; 1701.200;  234.350;    0.000
652.105; 1777.200;  195.350;    0.000
652.221; 1669.200;  245.350;    0.000
652.337; 1663.200;  210.350;    0.000
652.452; 1771.200;  259.350;    0.000
652.568; 1731.200;  202.350;    0.000
652.683; 1801.200;  233.350;    0.000
652.799; 1827.200;  230.350;    0.000
652.914; 1646.200;  198.350;    0.000
653.030; 1806.200;  203.350;    0.000
653.145; 1786.200;  228.350;    0.000
653.261; 1731.200;  244.350;    0.000
653.376; 1790.200;  214.350;    0.000
653.492; 1815.200;  246.350;    0.000
653.607; 1891.200;  241.350;    0.000
653.722; 1833.200;  257.350;    0.000
653.838; 1886.200;  265.350;    0.000
653.953; 1863.200;  252.350;    0.000
654.068; 1982.200;  270.350;    0.000
654.184; 2070.200;  248.350;    0.000
654.299; 1971.200;  226.350;    0.000
654.414; 1927.200;  190.350;    0.000
654.530; 2000.200;  263.350;    0.000
654.645; 2035.200;  240.350;    0.000
654.760; 2187.200;  243.350;    0.000
654.875; 2066.200;  210.350;    0.000
654.990; 2246.200;  250.350;    0.000
655.106; 2278.200;  277.350;    0.000
655.221; 2310.200;  249.350;    0.000
655.336; 2280.200;  239.350;    0.000
655.451; 2385.200;  226.350;    0.000
655.566; 2463.200;  236.350;    0.000
655.681; 2597.200;  272.350;    0.000
655.796; 2625.200;  224.350;    0.000
655.911; 2632.200;  247.350;    0.000
656.026; 2725.200;  240.350;    0.000
656.141; 2976.200;  239.350;    0.000
656.256; 2919.200;  241.350;    0.000
656.371; 2993.200;  213.350;    0.000
656.486; 3008.200;  275.350;    0.000
656.601; 3055.200;  225.350;    0.000
656.716; 2840.200;  239.350;    0.000
656.831; 2976.200;  260.350;    0.000
656.946; 2737.200;  250.350;    0.000
657.060; 2650.200;  257.350;    0.000
657.175; 2584.200;  256.350;    0.000
657.290; 2544.200;  255.350;    0.000
657.405; 2518.200;  303.350;    0.000
657.520; 2369.200;  272.350;    0.000
657.634; 2369.200;  268.350;    0.000
657.749; 2308.200;  261.350;    0.000
657.864; 2270.200;  235.350;    0.000
657.979; 2211.200;  257.350;    0.000
658.093; 2157.200;  243.350;    0.000
658.208; 2133.200;  281.350;    0.000
658.323; 2036.200;  240.350;    0.000
658.437; 2147.200;  285.350;    0.000
658.552; 2028.200;  262.350;    0.000
658.666; 2065.200;  269.350;    0.000
658.781; 2095.200;  244.350;    0.000
658.895; 1996.200;  259.350;    0.000
659.010; 1948.200;  254.350;    0.000
659.125; 1912.200;  210.350;    0.000
659.239; 1973.200;  212.350;    0.000
659.353; 1992.200;  269.350;    0.000
659.468; 1826.200;  269.350;    0.000
659.582; 1966.200;  244.350;    0.000
659.697; 1828.200;  262.350;    0.000
659.811; 1857.200;  271.350;    0.000
659.926; 1860.200;  232.350;    0.000
660.040; 1833.200;  250.350;    0.000
660.154; 1729.200;  209.350;    0.000
660.269; 1854.200;  212.350;    0.000
660.383; 1803.200;  237.350;    0.000
660.497; 1766.200;  231.350;    0.000
660.612; 1749.200;  232.350;    0.000
660.726; 1847.200;  276.350;    0.000
660.840; 1707.200;  235.350;    0.000
660.954; 1750.200;  224.350;    0.000
661.068; 1757.200;  241.350;    0.000
661.183; 1697.200;  223.350;    0.000
661.297; 1688.200;  255.350;    0.000
661.411; 1652.200;  223.350;    0.000
661.525; 1697.200;  249.350;    0.000
661.639; 1643.200;  264.350;    0.000
661.753; 1685.200;  225.350;    0.000
661.867; 1640.200;  245.350;    0.000
661.981; 1598.200;  225.350;    0.000
662.095; 1659.200;  262.350;    0.000
662.209; 1636.200;  225.350;    0.000
662.323; 1623.200;  228.350;    0.000
662.437; 1570.200;  230.350;    0.000
662.551; 1609.200;  234.350;    0.000
662.665; 1656.200;  212.350;    0.000
662.779; 1654.200;  254.350;    0.000
662.893; 1674.200;  269.350;    0.000
663.007; 1587.200;  196.350;    0.000
663.121; 1627.200;  262.350;    0.000
663.235; 1556.200;  263.350;    0.000
663.349; 1613.200;  242.350;    0.000
663.462; 1535.200;  234.350;    0.000
663.576; 1550.200;  219.350;    0.000
663.690; 1526.200;  234.350;    0.000
663.804; 1478.200;  205.350;    0.000
663.917; 1485.200;  224.350;    0.000
664.031; 1604.200;  208.350;    0.000
664.145; 1515.200;  241.350;    0.000
664.258; 1569.200;  188.350;    0.000
664.372; 1429.200;  214.350;    0.000
664.486; 1489.200;  203.350;    0.000
664.599; 1482.200;  217.350;    0.000
664.713; 1496.200;  286.350;    0.000
664.827; 1481.200;  199.350;    0.000
664.940; 1501.200;  250.350;    0.000
665.054; 1517.200;  261.350;    0.000
665.167; 1423.200;  258.350;    0.000
665.281; 1412.200;  234.350;    0.000
665.394; 1471.200;  213.350;    0.000
665.508; 1547.200;  222.350;    0.000
665.621; 1457.200;  254.350;    0.000
665.735; 1398.200;  252.350;    0.000
665.848; 1430.200;  248.350;    0.000
665.961; 1444.200;  234.350;    0.000
666.075; 1522.200;  262.350;    0.000
666.188; 1503.200;  270.350;    0.000
666.301; 1489.200;  237.350;    0.000
666.415; 1443.200;  245.350;    0.000
666.528; 1442.200;  248.350;    0.000
666.641; 1397.200;  210.350;    0.000
666.755; 1424.200;  218.350;    0.000
666.868; 1421.200;  224.350;    0.000
666.981; 1422.200;  244.350;    0.000
667.094; 1435.200;  279.350;    0.000
667.207; 1417.200;  190.350;    0.000
667.321; 1384.200;  210.350;    0.000
667.434; 1379.200;  205.350;    0.000
667.547; 1433.200;  253.350;    0.000
667.660; 1326.200;  243.350;    0.000
667.773; 1389.200;  242.350;    0.000
667.886; 1394.200;  218.350;    0.000
667.999; 1372.200;  226.350;    0.000
668.112; 1357.200;  258.350;    0.000
668.225; 1477.200;  243.350;    0.000
668.338; 1321.200;  224.350;    0.000
668.451; 1329.200;  250.350;    0.000
668.564; 1360.200;  260.350;    0.000
668.677; 1361.200;  204.350;    0.000
668.790; 1373.200;  229.350;    0.000
668.903; 1409.200;  269.350;    0.000
669.016; 1373.200;  228.350;    0.000
669.129; 1304.200;  253.350;    0.000
669.242; 1331.200;  245.350;    0.000
669.354; 1323.200;  234.350;    0.000
669.467; 1315.200;  256.350;    0.000
669.580; 1379.200;  223.350;    0.000
669.693; 1348.200;  252.350;    0.000
669.806; 1338.200;  212.350;    0.000
669.918; 1312.200;  228.350;    0.000
670.031; 1380.200;  265.350;    0.000
670.144; 1278.200;  255.350;    0.000
670.256; 1206.200;  229.350;    0.000
670.369; 1355.200;  301.350;    0.000
670.482; 1306.200;  263.350;    0.000
670.594; 1280.200;  246.350;    0.000
670.707; 1279.200;  255.350;    0.000
670.820; 1297.200;  256.350;    0.000
670.932; 1280.200;  210.350;    0.000
671.045; 1329.200;  249.350;    0.000
671.157; 1360.200;  254.350;    0.000
671.270; 1356.200;  265.350;    0.000
671.382; 1297.200;  219.350;    0.000
671.495; 1332.200;  242.350;    0.000
671.607; 1341.200;  266.350;    0.000
671.720; 1354.200;  238.350;    0.000
671.832; 1266.200;  220.350;    0.000
671.944; 1339.200;  251.350;    0.000
672.057; 1256.200;  232.350;    0.000
672.169; 1335.200;  240.350;    0.000
672.281; 1385.200;  270.350;    0.000
672.394; 1383.200;  257.350;    0.000
672.506; 1316.200;  247.350;    0.000
672.618; 1340.200;  229.350;    0.000
672.731; 1250.200;  227.350;    0.000
672.843; 1251.200;  282.350;    0.000
672.955; 1348.200;  262.350;    0.000
673.067; 1318.200;  277.350;    0.000
673.180; 1372.200;  280.350;    0.000
673.292; 1255.200;  241.350;    0.000
673.404; 1264.200;  234.350;    0.000
673.516; 1294.200;  224.350;    0.000
673.628; 1333.200;  272.350;    0.000
673.740; 1296.200;  249.350;    0.000
673.852; 1272.200;  288.350;    0.000
673.964; 1276.200;  278.350;    0.000
674.076; 1281.200;  273.350;    0.000
674.188; 1315.200;  251.350;    0.000
674.300; 1310.200;  244.350;    0.000
674.412; 1306.200;  267.350;    0.000
674.524; 1334.200;  276.350;    0.000
674.636; 1337.200;  234.350;    0.000
674.748; 1306.200;  267.350;    0.000
674.860; 1323.200;  255.350;    0.000
674.972; 1339.200;  253.350;    0.000
675.084; 1277.200;  253.350;    0.000
675.196; 1317.200;  300.350;    0.000
675.307; 1323.200;  307.350;    0.000
675.419; 1248.200;  245.350;    0.000
675.531; 1300.200;  292.350;    0.000
675.643; 1275.200;  244.350;    0.000
675.755; 1215.200;  265.350;    0.000
675.866; 1306.200;  281.350;    0.000
675.978; 1210.200;  266.350;    0.000
676.090; 1270.200;  267.350;    0.000
676.201; 1268.200;  265.350;    0.000
676.313; 1242.200;  222.350;    0.000
676.425; 1293.200;  248.350;    0.000
676.536; 1309.200;  234.350;    0.000
676.648; 1203.200;  261.350;    0.000
676.759; 1290.200;  280.350;    0.000
676.871; 1319.200;  260.350;    0.000
676.983; 1285.200;  277.350;    0.000
677.094; 1303.200;  252.350;    0.000
677.206; 1280.200;  238.350;    0.000
677.317; 1205.200;  269.350;    0.000
677.429; 1242.200;  245.350;    0.000
677.540; 1231.200;  244.350;    0.000
677.651; 1178.200;  225.350;    0.000
677.763; 1236.200;  216.350;    0.000
677.874; 1169.200;  226.350;    0.000
677.986; 1305.200;  234.350;    0.000
678.097; 1236.200;  237.350;    0.000
678.208; 1255.200;  278.350;    0.000
678.320; 1230.200;  243.350;    0.000
678.431; 1229.200;  248.350;    0.000
678.542; 1245.200;  240.350;    0.000
678.653; 1194.200;  250.350;    0.000
678.765; 1264.200;  258.350;    0.000
678.876; 1199.200;  221.350;    0.000
678.987; 1169.200;  229.350;    0.000
679.098; 1205.200;  233.350;    0.000
679.209; 1227.200;  274.350;    0.000
679.320; 1154.200;  216.350;    0.000
679.432; 1174.200;  246.350;    0.000
679.543; 1145.200;  226.350;    0.000
679.654; 1195.200;  232.350;    0.000
679.765; 1204.200;  246.350;    0.000
679.876; 1225.200;  263.350;    0.000
679.987; 1191.200;  216.350;    0.000
680.098; 1175.200;  262.350;    0.000
680.209; 1166.200;  219.350;    0.000
680.320; 1174.200;  232.350;    0.000
680.431; 1227.200;  261.350;    0.000
680.542; 1108.200;  219.350;    0.000
680.653; 1194.200;  238.350;    0.000
680.763; 1079.200;  191.350;    0.000
680.874; 1173.200;  267.350;    0.000
680.985; 1142.200;  240.350;    0.000
681.096; 1188.200;  251.350;    0.000
681.207; 1289.200;  232.350;    0.000
681.318; 1214.200;  211.350;    0.000
681.428; 1199.200;  233.350;    0.000
681.539; 1117.200;  197.350;    0.000
681.650; 1148.200;  197.350;    0.000
681.760; 1211.200;  243.350;    0.000
681.871; 1111.200;  245.350;    0.000
681.982; 1230.200;  218.350;    0.000
682.093; 1137.200;  262.350;    0.000
682.203; 1198.200;  250.350;    0.000
682.314; 1220.200;  239.350;    0.000
682.424; 1188.200;  250.350;    0.000
682.535; 1075.200;  206.350;    0.000
682.646; 1215.200;  302.350;    0.000
682.756; 1137.200;  258.350;    0.000
682.867; 1180.200;  265.350;    0.000
682.977; 1166.200;  218.350;    0.000
683.088; 1160.200;  264.350;    0.000
683.198; 1156.200;  236.350;    0.000
683.308; 1137.200;  246.350;    0.000
683.419; 1184.200;  296.350;    0.000
683.529; 1179.200;  242.350;    0.000
683.640; 1112.200;  245.350;    0.000
683.750; 1152.200;  213.350;    0.000
683.860; 1195.200;  256.350;    0.000
683.971; 1148.200;  251.350;    0.000
684.081; 1234.200;  232.350;    0.000
684.191; 1276.200;  252.350;    0.000
684.301; 1138.200;  214.350;    0.000
684.412; 1178.200;  261.350;    0.000
684.522; 1102.200;  243.350;    0.000
684.632; 1149.200;  257.350;    0.000
684.742; 1130.200;  271.350;    0.000
684.852; 1221.200;  258.350;    0.000
684.963; 1161.200;  262.350;    0.000
685.073; 1103.200;  219.350;    0.000
685.183; 1197.200;  270.350;    0.000
685.293; 1135.200;  233.350;    0.000
685.403; 1225.200;  274.350;    0.000
685.513; 1185.200;  280.350;    0.000
685.623; 1164.200;  267.350;    0.000
685.733; 1111.200;  274.350;    0.000
685.843; 1184.200;  274.350;    0.000
685.953; 1167.200;  244.350;    0.000
686.063; 1185.200;  261.350;    0.000
686.173; 1196.200;  283.350;    0.000
686.283; 1156.200;  260.350;    0.000
686.393; 1240.200;  256.350;    0.000
686.503; 1162.200;  295.350;    0.000
686.612; 1187.200;  294.350;    0.000
686.722; 1198.200;  263.350;    0.000
686.832; 1216.200;  291.350;    0.000
686.942; 1110.200;  229.350;    0.000
687.052; 1143.200;  241.350;    0.000
687.161; 1148.200;  304.350;    0.000
687.271; 1155.200;  223.350;    0.000
687.381; 1168.200;  273.350;    0.000
687.491; 1149.200;  246.350;    0.000
687.600; 1212.200;  242.350;    0.000
687.710; 1158.200;  225.350;    0.000
687.820; 1142.200;  259.350;    0.000
687.929; 1188.200;  232.350;    0.000
688.039; 1135.200;  248.350;    0.000
688.148; 1190.200;  250.350;    0.000
688.258; 1165.200;  240.350;    0.000
688.367; 1091.200;  253.350;    0.000
688.477; 1102.200;  229.350;    0.000
688.586; 1124.200;  259.350;    0.000
688.696; 1123.200;  250.350;    0.000
688.805; 1165.200;  279.350;    0.000
688.915; 1142.200;  250.350;    0.000
689.024; 1127.200;  240.350;    0.000
689.134; 1122.200;  269.350;    0.000
689.243; 1018.200;  214.350;    0.000
689.352; 1225.200;  257.350;    0.000
689.462; 1081.200;  248.350;    0.000
689.571; 1124.200;  233.350;    0.000
689.680; 1141.200;  236.350;    0.000
689.790; 1139.200;  238.350;    0.000
689.899; 1145.200;  232.350;    0.000
690.008; 1175.200;  259.350;    0.000
690.117; 1106.200;  254.350;    0.000
690.227; 1095.200;  251.350;    0.000
690.336; 1188.200;  240.350;    0.000
690.445; 1125.200;  235.350;    0.000
690.554; 1136.200;  243.350;    0.000
690.663; 1121.200;  214.350;    0.000
690.772; 1120.200;  247.350;    0.000
690.881; 1124.200;  249.350;    0.000
690.990; 1125.200;  265.350;    0.000
691.099; 1136.200;  217.350;    0.000
691.209; 1103.200;  272.350;    0.000
691.318; 1118.200;  223.350;    0.000
691.427; 1152.200;  212.350;    0.000
691.536; 1159.200;  260.350;    0.000
691.644; 1144.200;  246.350;    0.000
691.753; 1174.200;  251.350;    0.000
691.862; 1159.200;  239.350;    0.000
691.971; 1122.200;  253.350;    0.000
692.080; 1144.200;  255.350;    0.000
692.189; 1118.200;  228.350;    0.000
692.298; 1133.200;  243.350;    0.000
692.406; 1130.200;  269.350;    0.000
692.515; 1185.200;  254.350;    0.000
692.624; 1094.200;  225.350;    0.000
692.733; 1079.200;  245.350;    0.000
692.842; 1099.200;  259.350;    0.000
692.950; 1167.200;  226.350;    0.000
693.059; 1129.200;  216.350;    0.000
693.168; 1193.200;  266.350;    0.000
693.276; 1156.200;  236.350;    0.000
693.385; 1124.200;  257.350;    0.000
693.494; 1200.200;  268.350;    0.000
693.602; 1083.200;  239.350;    0.000
693.711; 1095.200;  224.350;    0.000
693.819; 1108.200;  263.350;    0.000
693.928; 1128.200;  270.350;    0.000
694.036; 1074.200;  247.350;    0.000
694.145; 1126.200;  261.350;    0.000
694.253; 1148.200;  261.350;    0.000
694.362; 1126.200;  253.350;    0.000
694.470; 1114.200;  270.350;    0.000
694.579; 1085.200;  233.350;    0.000
694.687; 1187.200;  260.350;    0.000
694.795; 1134.200;  228.350;    0.000
694.904; 1063.200;  228.350;    0.000
695.012; 1147.200;  288.350;    0.000
695.120; 1117.200;  230.350;    0.000
695.229; 1130.200;  287.350;    0.000
695.337; 1113.200;  249.350;    0.000
695.445; 1210.200;  283.350;    0.000
695.553; 1154.200;  251.350;    0.000
695.662; 1131.200;  236.350;    0.000
695.770; 1117.200;  267.350;    0.000
695.878; 1149.200;  268.350;    0.000
695.986; 1187.200;  297.350;    0.000
696.094; 1123.200;  275.350;    0.000
696.202; 1124.200;  201.350;    0.000
696.310; 1139.200;  283.350;    0.000
696.419; 1141.200;  261.350;    0.000
696.527; 1146.200;  252.350;    0.000
696.635; 1128.200;  249.350;    0.000
696.743; 1112.200;  236.350;    0.000
696.851; 1192.200;  241.350;    0.000
696.959; 1081.200;  278.350;    0.000
697.067; 1109.200;  239.350;    0.000
697.174; 1080.200;  260.350;    0.000
697.282; 1174.200;  259.350;    0.000
697.390; 1136.200;  302.350;    0.000
697.498; 1155.200;  216.350;    0.000
697.606; 1133.200;  245.350;    0.000
697.714; 1118.200;  279.350;    0.000
697.822; 1167.200;  267.350;    0.000
697.929; 1068.200;  234.350;    0.000
698.037; 1102.200;  255.350;    0.000
698.145; 1115.200;  226.350;    0.000
698.253; 1127.200;  261.350;    0.000
698.360; 1124.200;  299.350;    0.000
698.468; 1178.200;  254.350;    0.000
698.576; 1105.200;  307.350;    0.000
698.683; 1120.200;  280.350;    0.000
698.791; 1082.200;  284.350;    0.000
698.899; 1178.200;  279.350;    0.000
699.006; 1159.200;  264.350;    0.000
699.114; 1177.200;  263.350;    0.000
699.221; 1146.200;  291.350;    0.000
699.329; 1141.200;  309.350;    0.000
699.436; 1137.200;  261.350;    0.000
699.544; 1128.200;  259.350;    0.000
699.651; 1163.200;  251.350;    0.000
699.759; 1089.200;  251.350;    0.000
699.866; 1167.200;  266.350;    0.000
699.974; 1023.200;  264.350;    0.000
700.081; 1122.200;  295.350;    0.000
700.188; 1160.200;  293.350;    0.000
700.296; 1133.200;  233.350;    0.000
700.403; 1180.200;  290.350;    0.000
700.510; 1128.200;  275.350;    0.000
700.618; 1175.200;  273.350;    0.000
700.725; 1102.200;  262.350;    0.000
700.832; 1069.200;  250.350;    0.000
700.940; 1174.200;  300.350;    0.000
701.047; 1124.200;  245.350;    0.000
701.154; 1156.200;  280.350;    0.000
701.261; 1071.200;  270.350;    0.000
701.368; 1111.200;  286.350;    0.000
701.475; 1075.200;  301.350;    0.000
701.582; 1124.200;  286.350;    0.000
701.690; 1098.200;  279.350;    0.000
701.797; 1120.200;  292.350;    0.000
701.904; 1122.200;  314.350;    0.000
702.011; 1154.200;  340.350;    0.000
702.118; 1072.200;  276.350;    0.000
702.225; 1159.200;  351.350;    0.000
702.332; 1144.200;  301.350;    0.000
702.439; 1135.200;  334.350;    0.000
702.546; 1195.200;  325.350;    0.000
702.652; 1194.200;  343.350;    0.000
702.759; 1210.200;  339.350;    0.000
702.866; 1224.200;  344.350;    0.000
702.973; 1206.200;  330.350;    0.000
703.080; 1198.200;  322.350;    0.000
703.187; 1093.200;  327.350;    0.000
703.294; 1181.200;  339.350;    0.000
703.400; 1018.200;  325.350;    0.000
703.507;  441.200;  372.350;    0.000
703.614;  321.200;  348.350;    0.000
703.720;  323.200;  333.350;    0.000
703.827;  327.200;  331.350;    0.000
703.934;  347.200;  330.350;    0.000
704.040;  305.200;  327.350;    0.000
704.147;  323.200;  327.350;    0.000
704.254;  354.200;  354.350;    0.000
704.360;  320.200;  337.350;    0.000
704.467;  360.200;  370.350;    0.000
704.573;  329.200;  367.350;    0.000
704.680;  342.200;  339.350;    0.000
704.786;  347.200;  356.350;    0.000
704.893;  324.200;  352.350;    0.000
704.999;  322.200;  332.350;    0.000
705.106;  337.200;  359.350;    0.000

