
Integration time [ms]:   1.000
Averaging Nr. [scans]: 1
Smoothing Nr. [pixels]: 0
Data measured with spectrometer [name]: NIR
Wave   ;Sample   ;Dark     ;Reference
[nm]   ;[counts] ;[counts] ;[counts] 

691.496;  130.975;    0.000;    0.000
691.696;  150.975;    0.000;    0.000
691.896;  125.975;    0.000;    0.000
692.096;  157.975;    0.000;    0.000
692.296;  125.975;    0.000;    0.000
692.496;  156.975;    0.000;    0.000
692.695;  108.975;    0.000;    0.000
692.895;  161.975;    0.000;    0.000
693.095;  115.975;    0.000;    0.000
693.295;  159.975;    0.000;    0.000
693.495;  129.975;    0.000;    0.000
693.695;  155.975;    0.000;    0.000
693.894;  155.975;    0.000;    0.000
694.094;  152.975;    0.000;    0.000
694.294;  142.975;    0.000;    0.000
694.494;  157.975;    0.000;    0.000
694.693;  702.975;    0.000;    0.000
694.893;  740.975;    0.000;    0.000
695.093;  763.975;    0.000;    0.000
695.293;  746.975;    0.000;    0.000
695.492;  735.975;    0.000;    0.000
695.692;  834.975;    0.000;    0.000
695.891;  787.975;    0.000;    0.000
696.091;  730.975;    0.000;    0.000
696.291;  784.975;    0.000;    0.000
696.490;  742.975;    0.000;    0.000
696.690;  790.975;    0.000;    0.000
696.889;  876.975;    0.000;    0.000
697.089;  704.975;    0.000;    0.000
697.288;  813.975;    0.000;    0.000
697.488;  750.975;    0.000;    0.000
697.687;  770.975;    0.000;    0.000
697.887;  745.975;    0.000;    0.000
698.086;  825.975;    0.000;    0.000
698.286;  785.975;    0.000;    0.000
698.485;  764.975;    0.000;    0.000
698.684;  764.975;    0.000;    0.000
698.884;  751.975;    0.000;    0.000
699.083;  715.975;    0.000;    0.000
699.282;  811.975;    0.000;    0.000
699.482;  799.975;    0.000;    0.000
699.681;  821.975;    0.000;    0.000
699.880;  790.975;    0.000;    0.000
700.080;  856.975;    0.000;    0.000
700.279;  696.975;    0.000;    0.000
700.478;  844.975;    0.000;    0.000
700.677;  791.975;    0.000;    0.000
700.877;  816.975;    0.000;    0.000
701.076;  825.975;    0.000;    0.000
701.275;  753.975;    0.000;    0.000
701.474;  851.975;    0.000;    0.000
701.673;  742.975;    0.000;    0.000
701.872;  819.975;    0.000;    0.000
702.071;  827.975;    0.000;    0.000
702.271;  809.975;    0.000;    0.000
702.470;  814.975;    0.000;    0.000
702.669;  810.975;    0.000;    0.000
702.868;  872.975;    0.000;    0.000
703.067;  824.975;    0.000;    0.000
703.266;  835.975;    0.000;    0.000
703.465;  878.975;    0.000;    0.000
703.664;  846.975;    0.000;    0.000
703.863;  925.975;    0.000;    0.000
704.062;  807.975;    0.000;    0.000
704.260;  808.975;    0.000;    0.000
704.459;  874.975;    0.000;    0.000
704.658;  860.975;    0.000;    0.000
704.857;  843.975;    0.000;    0.000
705.056;  830.975;    0.000;    0.000
705.255;  801.975;    0.000;    0.000
705.454;  816.975;    0.000;    0.000
705.652;  927.975;    0.000;    0.000
705.851;  838.975;    0.000;    0.000
706.050;  846.975;    0.000;    0.000
706.249;  867.975;    0.000;    0.000
706.447;  841.975;    0.000;    0.000
706.646;  826.975;    0.000;    0.000
706.845;  828.975;    0.000;    0.000
707.043;  808.975;    0.000;    0.000
707.242;  824.975;    0.000;    0.000
707.441;  843.975;    0.000;    0.000
707.639;  852.975;    0.000;    0.000
707.838;  823.975;    0.000;    0.000
708.037;  835.975;    0.000;    0.000
708.235;  855.975;    0.000;    0.000
708.434;  812.975;    0.000;    0.000
708.632;  859.975;    0.000;    0.000
708.831;  914.975;    0.000;    0.000
709.029;  838.975;    0.000;    0.000
709.228;  846.975;    0.000;    0.000
709.426;  857.975;    0.000;    0.000
709.625;  920.975;    0.000;    0.000
709.823;  910.975;    0.000;    0.000
710.022;  832.975;    0.000;    0.000
710.220;  854.975;    0.000;    0.000
710.418;  899.975;    0.000;    0.000
710.617;  909.975;    0.000;    0.000
710.815;  822.975;    0.000;    0.000
711.013;  829.975;    0.000;    0.000
711.212;  842.975;    0.000;    0.000
711.410;  844.975;    0.000;    0.000
711.608;  887.975;    0.000;    0.000
711.807;  870.975;    0.000;    0.000
712.005;  865.975;    0.000;    0.000
712.203;  866.975;    0.000;    0.000
712.401;  897.975;    0.000;    0.000
712.599;  854.975;    0.000;    0.000
712.798;  886.975;    0.000;    0.000
712.996;  857.975;    0.000;    0.000
713.194;  952.975;    0.000;    0.000
713.392;  879.975;    0.000;    0.000
713.590;  936.975;    0.000;    0.000
713.788;  946.975;    0.000;    0.000
713.986;  915.975;    0.000;    0.000
714.184;  985.975;    0.000;    0.000
714.382;  936.975;    0.000;    0.000
714.580;  995.975;    0.000;    0.000
714.778; 1060.975;    0.000;    0.000
714.976; 1036.975;    0.000;    0.000
715.174;  969.975;    0.000;    0.000
715.372;  995.975;    0.000;    0.000
715.570; 1042.975;    0.000;    0.000
715.768; 1099.975;    0.000;    0.000
715.966; 1043.975;    0.000;    0.000
716.164; 1133.975;    0.000;    0.000
716.362; 1052.975;    0.000;    0.000
716.560; 1072.975;    0.000;    0.000
716.758; 1102.975;    0.000;    0.000
716.955; 1066.975;    0.000;    0.000
717.153;  973.975;    0.000;    0.000
717.351;  997.975;    0.000;    0.000
717.549; 1003.975;    0.000;    0.000
717.746; 1028.975;    0.000;    0.000
717.944; 1044.975;    0.000;    0.000
718.142; 1043.975;    0.000;    0.000
718.340;  961.975;    0.000;    0.000
718.537; 1004.975;    0.000;    0.000
718.735; 1079.975;    0.000;    0.000
718.933;  969.975;    0.000;    0.000
719.130;  984.975;    0.000;    0.000
719.328;  961.975;    0.000;    0.000
719.525;  991.975;    0.000;    0.000
719.723; 1010.975;    0.000;    0.000
719.920;  971.975;    0.000;    0.000
720.118; 1019.975;    0.000;    0.000
720.316;  985.975;    0.000;    0.000
720.513;  998.975;    0.000;    0.000
720.711; 1122.975;    0.000;    0.000
720.908; 1042.975;    0.000;    0.000
721.105; 1078.975;    0.000;    0.000
721.303; 1039.975;    0.000;    0.000
721.500;  996.975;    0.000;    0.000
721.698; 1002.975;    0.000;    0.000
721.895;  980.975;    0.000;    0.000
722.092;  968.975;    0.000;    0.000
722.290;  988.975;    0.000;    0.000
722.487;  957.975;    0.000;    0.000
722.684; 1004.975;    0.000;    0.000
722.882;  985.975;    0.000;    0.000
723.079; 1001.975;    0.000;    0.000
723.276;  985.975;    0.000;    0.000
723.473;  969.975;    0.000;    0.000
723.671;  943.975;    0.000;    0.000
723.868; 1043.975;    0.000;    0.000
724.065; 1031.975;    0.000;    0.000
724.262; 1055.975;    0.000;    0.000
724.459; 1021.975;    0.000;    0.000
724.656; 1058.975;    0.000;    0.000
724.854; 1032.975;    0.000;    0.000
725.051; 1016.975;    0.000;    0.000
725.248; 1126.975;    0.000;    0.000
725.445; 1065.975;    0.000;    0.000
725.642;  956.975;    0.000;    0.000
725.839; 1051.975;    0.000;    0.000
726.036; 1001.975;    0.000;    0.000
726.233; 1002.975;    0.000;    0.000
726.430; 1041.975;    0.000;    0.000
726.627; 1047.975;    0.000;    0.000
726.824; 1060.975;    0.000;    0.000
727.021; 1129.975;    0.000;    0.000
727.218; 1008.975;    0.000;    0.000
727.414; 1049.975;    0.000;    0.000
727.611; 1028.975;    0.000;    0.000
727.808; 1073.975;    0.000;    0.000
728.005; 1015.975;    0.000;    0.000
728.202; 1119.975;    0.000;    0.000
728.399;  995.975;    0.000;    0.000
728.595; 1085.975;    0.000;    0.000
728.792; 1071.975;    0.000;    0.000
728.989; 1032.975;    0.000;    0.000
729.186; 1090.975;    0.000;    0.000
729.382; 1028.975;    0.000;    0.000
729.579; 1065.975;    0.000;    0.000
729.776; 1052.975;    0.000;    0.000
729.972; 1061.975;    0.000;    0.000
730.169; 1068.975;    0.000;    0.000
730.366; 1077.975;    0.000;    0.000
730.562; 1143.975;    0.000;    0.000
730.759; 1171.975;    0.000;    0.000
730.955; 1103.975;    0.000;    0.000
731.152; 1127.975;    0.000;    0.000
731.348; 1121.975;    0.000;    0.000
731.545; 1050.975;    0.000;    0.000
731.741; 1064.975;    0.000;    0.000
731.938; 1080.975;    0.000;    0.000
732.134; 1172.975;    0.000;    0.000
732.331; 1091.975;    0.000;    0.000
732.527; 1098.975;    0.000;    0.000
732.724; 1135.975;    0.000;    0.000
732.920; 1143.975;    0.000;    0.000
733.116; 1125.975;    0.000;    0.000
733.313; 1078.975;    0.000;    0.000
733.509; 1058.975;    0.000;    0.000
733.705; 1118.975;    0.000;    0.000
733.902; 1096.975;    0.000;    0.000
734.098; 1039.975;    0.000;    0.000
734.294; 1152.975;    0.000;    0.000
734.490; 1156.975;    0.000;    0.000
734.687; 1144.975;    0.000;    0.000
734.883; 1075.975;    0.000;    0.000
735.079; 1106.975;    0.000;    0.000
735.275; 1091.975;    0.000;    0.000
735.471; 1105.975;    0.000;    0.000
735.667; 1191.975;    0.000;    0.000
735.863; 1064.975;    0.000;    0.000
736.060; 1186.975;    0.000;    0.000
736.256; 1100.975;    0.000;    0.000
736.452; 1207.975;    0.000;    0.000
736.648; 1142.975;    0.000;    0.000
736.844; 1183.975;    0.000;    0.000
737.040; 1190.975;    0.000;    0.000
737.236; 1157.975;    0.000;    0.000
737.432; 1118.975;    0.000;    0.000
737.628; 1156.975;    0.000;    0.000
737.824; 1232.975;    0.000;    0.000
738.019; 1142.975;    0.000;    0.000
738.215; 1187.975;    0.000;    0.000
738.411; 1192.975;    0.000;    0.000
738.607; 1211.975;    0.000;    0.000
738.803; 1141.975;    0.000;    0.000
738.999; 1294.975;    0.000;    0.000
739.195; 1226.975;    0.000;    0.000
739.390; 1203.975;    0.000;    0.000
739.586; 1230.975;    0.000;    0.000
739.782; 1235.975;    0.000;    0.000
739.978; 1212.975;    0.000;    0.000
740.173; 1190.975;    0.000;    0.000
740.369; 1222.975;    0.000;    0.000
740.565; 1202.975;    0.000;    0.000
740.760; 1262.975;    0.000;    0.000
740.956; 1289.975;    0.000;    0.000
741.152; 1278.975;    0.000;    0.000
741.347; 1232.975;    0.000;    0.000
741.543; 1346.975;    0.000;    0.000
741.738; 1352.975;    0.000;    0.000
741.934; 1351.975;    0.000;    0.000
742.129; 1404.975;    0.000;    0.000
742.325; 1665.975;    0.000;    0.000
742.520; 1710.975;    0.000;    0.000
742.716; 1633.975;    0.000;    0.000
742.911; 1500.975;    0.000;    0.000
743.107; 1527.975;    0.000;    0.000
743.302; 1571.975;    0.000;    0.000
743.498; 1544.975;    0.000;    0.000
743.693; 1463.975;    0.000;    0.000
743.888; 1645.975;    0.000;    0.000
744.084; 1864.975;    0.000;    0.000
744.279; 2170.975;    0.000;    0.000
744.474; 2173.975;    0.000;    0.000
744.670; 1984.975;    0.000;    0.000
744.865; 1795.975;    0.000;    0.000
745.060; 1769.975;    0.000;    0.000
745.255; 1738.975;    0.000;    0.000
745.451; 1625.975;    0.000;    0.000
745.646; 1587.975;    0.000;    0.000
745.841; 1630.975;    0.000;    0.000
746.036; 1675.975;    0.000;    0.000
746.231; 1742.975;    0.000;    0.000
746.426; 1803.975;    0.000;    0.000
746.622; 2144.975;    0.000;    0.000
746.817; 2532.975;    0.000;    0.000
747.012; 2732.975;    0.000;    0.000
747.207; 2560.975;    0.000;    0.000
747.402; 2256.975;    0.000;    0.000
747.597; 2035.975;    0.000;    0.000
747.792; 2057.975;    0.000;    0.000
747.987; 1909.975;    0.000;    0.000
748.182; 1931.975;    0.000;    0.000
748.377; 1741.975;    0.000;    0.000
748.572; 1772.975;    0.000;    0.000
748.767; 1729.975;    0.000;    0.000
748.961; 1673.975;    0.000;    0.000
749.156; 1644.975;    0.000;    0.000
749.351; 1609.975;    0.000;    0.000
749.546; 1615.975;    0.000;    0.000
749.741; 1575.975;    0.000;    0.000
749.936; 1603.975;    0.000;    0.000
750.130; 1533.975;    0.000;    0.000
750.325; 1547.975;    0.000;    0.000
750.520; 1508.975;    0.000;    0.000
750.715; 1464.975;    0.000;    0.000
750.909; 1494.975;    0.000;    0.000
751.104; 1467.975;    0.000;    0.000
751.299; 1534.975;    0.000;    0.000
751.493; 1517.975;    0.000;    0.000
751.688; 1461.975;    0.000;    0.000
751.882; 1442.975;    0.000;    0.000
752.077; 1472.975;    0.000;    0.000
752.272; 1428.975;    0.000;    0.000
752.466; 1477.975;    0.000;    0.000
752.661; 1441.975;    0.000;    0.000
752.855; 1424.975;    0.000;    0.000
753.050; 1423.975;    0.000;    0.000
753.244; 1453.975;    0.000;    0.000
753.439; 1437.975;    0.000;    0.000
753.633; 1385.975;    0.000;    0.000
753.828; 1439.975;    0.000;    0.000
754.022; 1402.975;    0.000;    0.000
754.216; 1391.975;    0.000;    0.000
754.411; 1351.975;    0.000;    0.000
754.605; 1397.975;    0.000;    0.000
754.799; 1422.975;    0.000;    0.000
754.994; 1408.975;    0.000;    0.000
755.188; 1388.975;    0.000;    0.000
755.382; 1374.975;    0.000;    0.000
755.576; 1367.975;    0.000;    0.000
755.771; 1438.975;    0.000;    0.000
755.965; 1451.975;    0.000;    0.000
756.159; 1397.975;    0.000;    0.000
756.353; 1428.975;    0.000;    0.000
756.547; 1464.975;    0.000;    0.000
756.742; 1486.975;    0.000;    0.000
756.936; 1388.975;    0.000;    0.000
757.130; 1437.975;    0.000;    0.000
757.324; 1399.975;    0.000;    0.000
757.518; 1461.975;    0.000;    0.000
757.712; 1440.975;    0.000;    0.000
757.906; 1411.975;    0.000;    0.000
758.100; 1435.975;    0.000;    0.000
758.294; 1434.975;    0.000;    0.000
758.488; 1479.975;    0.000;    0.000
758.682; 1381.975;    0.000;    0.000
758.876; 1458.975;    0.000;    0.000
759.070; 1444.975;    0.000;    0.000
759.264; 1406.975;    0.000;    0.000
759.458; 1468.975;    0.000;    0.000
759.651; 1397.975;    0.000;    0.000
759.845; 1438.975;    0.000;    0.000
760.039; 1403.975;    0.000;    0.000
760.233; 1408.975;    0.000;    0.000
760.427; 1431.975;    0.000;    0.000
760.620; 1427.975;    0.000;    0.000
760.814; 1418.975;    0.000;    0.000
761.008; 1474.975;    0.000;    0.000
761.202; 1437.975;    0.000;    0.000
761.395; 1492.975;    0.000;    0.000
761.589; 1536.975;    0.000;    0.000
761.783; 1408.975;    0.000;    0.000
761.976; 1436.975;    0.000;    0.000
762.170; 1525.975;    0.000;    0.000
762.363; 1467.975;    0.000;    0.000
762.557; 1467.975;    0.000;    0.000
762.750; 1477.975;    0.000;    0.000
762.944; 1403.975;    0.000;    0.000
763.138; 1485.975;    0.000;    0.000
763.331; 1418.975;    0.000;    0.000
763.524; 1574.975;    0.000;    0.000
763.718; 1527.975;    0.000;    0.000
763.911; 1560.975;    0.000;    0.000
764.105; 1513.975;    0.000;    0.000
764.298; 1466.975;    0.000;    0.000
764.492; 1512.975;    0.000;    0.000
764.685; 1420.975;    0.000;    0.000
764.878; 1521.975;    0.000;    0.000
765.072; 1531.975;    0.000;    0.000
765.265; 1520.975;    0.000;    0.000
765.458; 1515.975;    0.000;    0.000
765.651; 1651.975;    0.000;    0.000
765.845; 1675.975;    0.000;    0.000
766.038; 1840.975;    0.000;    0.000
766.231; 2913.975;    0.000;    0.000
766.424; 4472.975;    0.000;    0.000
766.617; 4074.975;    0.000;    0.000
766.811; 2242.975;    0.000;    0.000
767.004; 1829.975;    0.000;    0.000
767.197; 1757.975;    0.000;    0.000
767.390; 1643.975;    0.000;    0.000
767.583; 1658.975;    0.000;    0.000
767.776; 1568.975;    0.000;    0.000
767.969; 1599.975;    0.000;    0.000
768.162; 1675.975;    0.000;    0.000
768.355; 1582.975;    0.000;    0.000
768.548; 1708.975;    0.000;    0.000
768.741; 1633.975;    0.000;    0.000
768.934; 1648.975;    0.000;    0.000
769.127; 1726.975;    0.000;    0.000
769.320; 1666.975;    0.000;    0.000
769.513; 1889.975;    0.000;    0.000
769.706; 2995.975;    0.000;    0.000
769.898; 3809.975;    0.000;    0.000
770.091; 2794.975;    0.000;    0.000
770.284; 1910.975;    0.000;    0.000
770.477; 1851.975;    0.000;    0.000
770.670; 1718.975;    0.000;    0.000
770.862; 1727.975;    0.000;    0.000
771.055; 1746.975;    0.000;    0.000
771.248; 1692.975;    0.000;    0.000
771.441; 1682.975;    0.000;    0.000
771.633; 1740.975;    0.000;    0.000
771.826; 1722.975;    0.000;    0.000
772.018; 1820.975;    0.000;    0.000
772.211; 1797.975;    0.000;    0.000
772.404; 1708.975;    0.000;    0.000
772.596; 1835.975;    0.000;    0.000
772.789; 1818.975;    0.000;    0.000
772.981; 1823.975;    0.000;    0.000
773.174; 1767.975;    0.000;    0.000
773.366; 1787.975;    0.000;    0.000
773.559; 1878.975;    0.000;    0.000
773.751; 1888.975;    0.000;    0.000
773.944; 1912.975;    0.000;    0.000
774.136; 1910.975;    0.000;    0.000
774.329; 2006.975;    0.000;    0.000
774.521; 2012.975;    0.000;    0.000
774.713; 2155.975;    0.000;    0.000
774.906; 2189.975;    0.000;    0.000
775.098; 2204.975;    0.000;    0.000
775.290; 2360.975;    0.000;    0.000
775.483; 2379.975;    0.000;    0.000
775.675; 2532.975;    0.000;    0.000
775.867; 2755.975;    0.000;    0.000
776.059; 2919.975;    0.000;    0.000
776.251; 3251.975;    0.000;    0.000
776.444; 3636.975;    0.000;    0.000
776.636; 4243.975;    0.000;    0.000
776.828; 5314.975;    0.000;    0.000
777.020; 7614.975;    0.000;    0.000
777.212;10186.975;    0.000;    0.000
777.404;11149.975;    0.000;    0.000
777.596; 9968.975;    0.000;    0.000
777.788; 7516.975;    0.000;    0.000
777.980; 5882.975;    0.000;    0.000
778.172; 4794.975;    0.000;    0.000
778.364; 4153.975;    0.000;    0.000
778.556; 3791.975;    0.000;    0.000
778.748; 3465.975;    0.000;    0.000
778.940; 3228.975;    0.000;    0.000
779.132; 2990.975;    0.000;    0.000
779.324; 2717.975;    0.000;    0.000
779.516; 2642.975;    0.000;    0.000
779.708; 2515.975;    0.000;    0.000
779.900; 2457.975;    0.000;    0.000
780.091; 2338.975;    0.000;    0.000
780.283; 2301.975;    0.000;    0.000
780.475; 2198.975;    0.000;    0.000
780.667; 2170.975;    0.000;    0.000
780.859; 2001.975;    0.000;    0.000
781.050; 2132.975;    0.000;    0.000
781.242; 1951.975;    0.000;    0.000
781.434; 1992.975;    0.000;    0.000
781.625; 1910.975;    0.000;    0.000
781.817; 1927.975;    0.000;    0.000
782.008; 1935.975;    0.000;    0.000
782.200; 1930.975;    0.000;    0.000
782.392; 1831.975;    0.000;    0.000
782.583; 1880.975;    0.000;    0.000
782.775; 1832.975;    0.000;    0.000
782.966; 1846.975;    0.000;    0.000
783.158; 1764.975;    0.000;    0.000
783.349; 1784.975;    0.000;    0.000
783.541; 1849.975;    0.000;    0.000
783.732; 1839.975;    0.000;    0.000
783.924; 1836.975;    0.000;    0.000
784.115; 1649.975;    0.000;    0.000
784.306; 1761.975;    0.000;    0.000
784.498; 1739.975;    0.000;    0.000
784.689; 1786.975;    0.000;    0.000
784.880; 1709.975;    0.000;    0.000
785.072; 1725.975;    0.000;    0.000
785.263; 1695.975;    0.000;    0.000
785.454; 1768.975;    0.000;    0.000
785.645; 1708.975;    0.000;    0.000
785.837; 1687.975;    0.000;    0.000
786.028; 1729.975;    0.000;    0.000
786.219; 1718.975;    0.000;    0.000
786.410; 1733.975;    0.000;    0.000
786.601; 1781.975;    0.000;    0.000
786.792; 1702.975;    0.000;    0.000
786.984; 1715.975;    0.000;    0.000
787.175; 1748.975;    0.000;    0.000
787.366; 1769.975;    0.000;    0.000
787.557; 1753.975;    0.000;    0.000
787.748; 1834.975;    0.000;    0.000
787.939; 1850.975;    0.000;    0.000
788.130; 1825.975;    0.000;    0.000
788.321; 1777.975;    0.000;    0.000
788.512; 1887.975;    0.000;    0.000
788.703; 1902.975;    0.000;    0.000
788.894; 1826.975;    0.000;    0.000
789.084; 1829.975;    0.000;    0.000
789.275; 1867.975;    0.000;    0.000
789.466; 1924.975;    0.000;    0.000
789.657; 1964.975;    0.000;    0.000
789.848; 2012.975;    0.000;    0.000
790.039; 2033.975;    0.000;    0.000
790.229; 1984.975;    0.000;    0.000
790.420; 1895.975;    0.000;    0.000
790.611; 1967.975;    0.000;    0.000
790.801; 1841.975;    0.000;    0.000
790.992; 2005.975;    0.000;    0.000
791.183; 1871.975;    0.000;    0.000
791.373; 1932.975;    0.000;    0.000
791.564; 1902.975;    0.000;    0.000
791.755; 1811.975;    0.000;    0.000
791.945; 1851.975;    0.000;    0.000
792.136; 1834.975;    0.000;    0.000
792.326; 1885.975;    0.000;    0.000
792.517; 1866.975;    0.000;    0.000
792.707; 1876.975;    0.000;    0.000
792.898; 1858.975;    0.000;    0.000
793.088; 1830.975;    0.000;    0.000
793.279; 1879.975;    0.000;    0.000
793.469; 1828.975;    0.000;    0.000
793.660; 1863.975;    0.000;    0.000
793.850; 1928.975;    0.000;    0.000
794.040; 1906.975;    0.000;    0.000
794.231; 2016.975;    0.000;    0.000
794.421; 2097.975;    0.000;    0.000
794.611; 2362.975;    0.000;    0.000
794.802; 2523.975;    0.000;    0.000
794.992; 2700.975;    0.000;    0.000
795.182; 2603.975;    0.000;    0.000
795.372; 2513.975;    0.000;    0.000
795.563; 2324.975;    0.000;    0.000
795.753; 2134.975;    0.000;    0.000
795.943; 2049.975;    0.000;    0.000
796.133; 1874.975;    0.000;    0.000
796.323; 1877.975;    0.000;    0.000
796.513; 1855.975;    0.000;    0.000
796.703; 1820.975;    0.000;    0.000
796.893; 1827.975;    0.000;    0.000
797.083; 1778.975;    0.000;    0.000
797.273; 1745.975;    0.000;    0.000
797.463; 1670.975;    0.000;    0.000
797.653; 1691.975;    0.000;    0.000
797.843; 1652.975;    0.000;    0.000
798.033; 1614.975;    0.000;    0.000
798.223; 1603.975;    0.000;    0.000
798.413; 1634.975;    0.000;    0.000
798.603; 1568.975;    0.000;    0.000
798.793; 1577.975;    0.000;    0.000
798.983; 1550.975;    0.000;    0.000
799.172; 1556.975;    0.000;    0.000
799.362; 1556.975;    0.000;    0.000
799.552; 1543.975;    0.000;    0.000
799.742; 1577.975;    0.000;    0.000
799.932; 1484.975;    0.000;    0.000
800.121; 1505.975;    0.000;    0.000
800.311; 1495.975;    0.000;    0.000
800.501; 1442.975;    0.000;    0.000
800.690; 1475.975;    0.000;    0.000
800.880; 1427.975;    0.000;    0.000
801.070; 1403.975;    0.000;    0.000
801.259; 1452.975;    0.000;    0.000
801.449; 1404.975;    0.000;    0.000
801.638; 1428.975;    0.000;    0.000
801.828; 1428.975;    0.000;    0.000
802.017; 1440.975;    0.000;    0.000
802.207; 1365.975;    0.000;    0.000
802.396; 1397.975;    0.000;    0.000
802.586; 1371.975;    0.000;    0.000
802.775; 1379.975;    0.000;    0.000
802.965; 1295.975;    0.000;    0.000
803.154; 1405.975;    0.000;    0.000
803.343; 1333.975;    0.000;    0.000
803.533; 1356.975;    0.000;    0.000
803.722; 1340.975;    0.000;    0.000
803.911; 1364.975;    0.000;    0.000
804.101; 1337.975;    0.000;    0.000
804.290; 1299.975;    0.000;    0.000
804.479; 1323.975;    0.000;    0.000
804.668; 1359.975;    0.000;    0.000
804.857; 1199.975;    0.000;    0.000
805.047; 1301.975;    0.000;    0.000
805.236; 1328.975;    0.000;    0.000
805.425; 1286.975;    0.000;    0.000
805.614; 1294.975;    0.000;    0.000
805.803; 1318.975;    0.000;    0.000
805.992; 1317.975;    0.000;    0.000
806.181; 1257.975;    0.000;    0.000
806.370; 1200.975;    0.000;    0.000
806.559; 1196.975;    0.000;    0.000
806.748; 1350.975;    0.000;    0.000
806.937; 1207.975;    0.000;    0.000
807.126; 1247.975;    0.000;    0.000
807.315; 1287.975;    0.000;    0.000
807.504; 1283.975;    0.000;    0.000
807.693; 1262.975;    0.000;    0.000
807.882; 1280.975;    0.000;    0.000
808.071; 1224.975;    0.000;    0.000
808.260; 1200.975;    0.000;    0.000
808.448; 1314.975;    0.000;    0.000
808.637; 1278.975;    0.000;    0.000
808.826; 1247.975;    0.000;    0.000
809.015; 1281.975;    0.000;    0.000
809.203; 1203.975;    0.000;    0.000
809.392; 1234.975;    0.000;    0.000
809.581; 1300.975;    0.000;    0.000
809.770; 1238.975;    0.000;    0.000
809.958; 1303.975;    0.000;    0.000
810.147; 1242.975;    0.000;    0.000
810.335; 1206.975;    0.000;    0.000
810.524; 1195.975;    0.000;    0.000
810.713; 1284.975;    0.000;    0.000
810.901; 1202.975;    0.000;    0.000
811.090; 1182.975;    0.000;    0.000
811.278; 1230.975;    0.000;    0.000
811.467; 1252.975;    0.000;    0.000
811.655; 1293.975;    0.000;    0.000
811.844; 1348.975;    0.000;    0.000
812.032; 1258.975;    0.000;    0.000
812.220; 1318.975;    0.000;    0.000
812.409; 1167.975;    0.000;    0.000
812.597; 1219.975;    0.000;    0.000
812.785; 1263.975;    0.000;    0.000
812.974; 1342.975;    0.000;    0.000
813.162; 1286.975;    0.000;    0.000
813.350; 1244.975;    0.000;    0.000
813.539; 1212.975;    0.000;    0.000
813.727; 1240.975;    0.000;    0.000
813.915; 1216.975;    0.000;    0.000
814.103; 1252.975;    0.000;    0.000
814.291; 1207.975;    0.000;    0.000
814.479; 1253.975;    0.000;    0.000
814.668; 1225.975;    0.000;    0.000
814.856; 1275.975;    0.000;    0.000
815.044; 1197.975;    0.000;    0.000
815.232; 1248.975;    0.000;    0.000
815.420; 1247.975;    0.000;    0.000
815.608; 1251.975;    0.000;    0.000
815.796; 1234.975;    0.000;    0.000
815.984; 1275.975;    0.000;    0.000
816.172; 1295.975;    0.000;    0.000
816.360; 1282.975;    0.000;    0.000
816.548; 1290.975;    0.000;    0.000
816.736; 1264.975;    0.000;    0.000
816.924; 1296.975;    0.000;    0.000
817.111; 1328.975;    0.000;    0.000
817.299; 1300.975;    0.000;    0.000
817.487; 1414.975;    0.000;    0.000
817.675; 1451.975;    0.000;    0.000
817.863; 1499.975;    0.000;    0.000
818.050; 1617.975;    0.000;    0.000
818.238; 1881.975;    0.000;    0.000
818.426; 2142.975;    0.000;    0.000
818.613; 2568.975;    0.000;    0.000
818.801; 2712.975;    0.000;    0.000
818.989; 2661.975;    0.000;    0.000
819.176; 2209.975;    0.000;    0.000
819.364; 2092.975;    0.000;    0.000
819.552; 2045.975;    0.000;    0.000
819.739; 1947.975;    0.000;    0.000
819.927; 1951.975;    0.000;    0.000
820.114; 1909.975;    0.000;    0.000
820.302; 1873.975;    0.000;    0.000
820.489; 1825.975;    0.000;    0.000
820.677; 1992.975;    0.000;    0.000
820.864; 2070.975;    0.000;    0.000
821.052; 2283.975;    0.000;    0.000
821.239; 2499.975;    0.000;    0.000
821.426; 2925.975;    0.000;    0.000
821.614; 3683.975;    0.000;    0.000
821.801; 3662.975;    0.000;    0.000
821.988; 3430.975;    0.000;    0.000
822.176; 3414.975;    0.000;    0.000
822.363; 3319.975;    0.000;    0.000
822.550; 3008.975;    0.000;    0.000
822.737; 2712.975;    0.000;    0.000
822.924; 2540.975;    0.000;    0.000
823.112; 2470.975;    0.000;    0.000
823.299; 2176.975;    0.000;    0.000
823.486; 2209.975;    0.000;    0.000
823.673; 2057.975;    0.000;    0.000
823.860; 2123.975;    0.000;    0.000
824.047; 2122.975;    0.000;    0.000
824.234; 2417.975;    0.000;    0.000
824.421; 2231.975;    0.000;    0.000
824.608; 2187.975;    0.000;    0.000
824.795; 1920.975;    0.000;    0.000
824.982; 1782.975;    0.000;    0.000
825.169; 1747.975;    0.000;    0.000
825.356; 1658.975;    0.000;    0.000
825.543; 1578.975;    0.000;    0.000
825.730; 1521.975;    0.000;    0.000
825.917; 1484.975;    0.000;    0.000
826.104; 1526.975;    0.000;    0.000
826.290; 1408.975;    0.000;    0.000
826.477; 1372.975;    0.000;    0.000
826.664; 1375.975;    0.000;    0.000
826.851; 1359.975;    0.000;    0.000
827.038; 1270.975;    0.000;    0.000
827.224; 1243.975;    0.000;    0.000
827.411; 1321.975;    0.000;    0.000
827.598; 1268.975;    0.000;    0.000
827.784; 1262.975;    0.000;    0.000
827.971; 1258.975;    0.000;    0.000
828.157; 1238.975;    0.000;    0.000
828.344; 1245.975;    0.000;    0.000
828.531; 1241.975;    0.000;    0.000
828.717; 1208.975;    0.000;    0.000
828.904; 1144.975;    0.000;    0.000
829.090; 1212.975;    0.000;    0.000
829.277; 1169.975;    0.000;    0.000
829.463; 1135.975;    0.000;    0.000
829.650; 1173.975;    0.000;    0.000
829.836; 1155.975;    0.000;    0.000
830.022; 1135.975;    0.000;    0.000
830.209; 1089.975;    0.000;    0.000
830.395; 1064.975;    0.000;    0.000
830.581; 1137.975;    0.000;    0.000
830.768; 1072.975;    0.000;    0.000
830.954; 1054.975;    0.000;    0.000
831.140; 1067.975;    0.000;    0.000
831.327; 1053.975;    0.000;    0.000
831.513; 1099.975;    0.000;    0.000
831.699; 1183.975;    0.000;    0.000
831.885; 1096.975;    0.000;    0.000
832.071; 1054.975;    0.000;    0.000
832.257; 1055.975;    0.000;    0.000
832.444; 1086.975;    0.000;    0.000
832.630; 1070.975;    0.000;    0.000
832.816; 1131.975;    0.000;    0.000
833.002; 1004.975;    0.000;    0.000
833.188; 1064.975;    0.000;    0.000
833.374; 1092.975;    0.000;    0.000
833.560; 1058.975;    0.000;    0.000
833.746; 1024.975;    0.000;    0.000
833.932;  967.975;    0.000;    0.000
834.118;  949.975;    0.000;    0.000
834.303; 1025.975;    0.000;    0.000
834.489; 1002.975;    0.000;    0.000
834.675; 1023.975;    0.000;    0.000
834.861;  944.975;    0.000;    0.000
835.047; 1071.975;    0.000;    0.000
835.233;  987.975;    0.000;    0.000
835.418; 1004.975;    0.000;    0.000
835.604;  964.975;    0.000;    0.000
835.790;  993.975;    0.000;    0.000
835.976; 1016.975;    0.000;    0.000
836.161; 1020.975;    0.000;    0.000
836.347;  961.975;    0.000;    0.000
836.533;  967.975;    0.000;    0.000
836.718;  981.975;    0.000;    0.000
836.904;  981.975;    0.000;    0.000
837.089;  967.975;    0.000;    0.000
837.275;  991.975;    0.000;    0.000
837.460;  978.975;    0.000;    0.000
837.646; 1039.975;    0.000;    0.000
837.831; 1013.975;    0.000;    0.000
838.017; 1006.975;    0.000;    0.000
838.202;  986.975;    0.000;    0.000
838.388; 1072.975;    0.000;    0.000
838.573; 1008.975;    0.000;    0.000
838.759; 1055.975;    0.000;    0.000
838.944;  964.975;    0.000;    0.000
839.129;  996.975;    0.000;    0.000
839.315; 1017.975;    0.000;    0.000
839.500; 1041.975;    0.000;    0.000
839.685; 1030.975;    0.000;    0.000
839.870;  955.975;    0.000;    0.000
840.056;  977.975;    0.000;    0.000
840.241; 1009.975;    0.000;    0.000
840.426; 1009.975;    0.000;    0.000
840.611; 1030.975;    0.000;    0.000
840.796; 1044.975;    0.000;    0.000
840.981; 1077.975;    0.000;    0.000
841.166; 1069.975;    0.000;    0.000
841.352; 1075.975;    0.000;    0.000
841.537; 1006.975;    0.000;    0.000
841.722; 1045.975;    0.000;    0.000
841.907; 1103.975;    0.000;    0.000
842.092; 1113.975;    0.000;    0.000
842.277; 1036.975;    0.000;    0.000
842.461; 1108.975;    0.000;    0.000
842.646; 1139.975;    0.000;    0.000
842.831; 1152.975;    0.000;    0.000
843.016; 1221.975;    0.000;    0.000
843.201; 1257.975;    0.000;    0.000
843.386; 1403.975;    0.000;    0.000
843.571; 1444.975;    0.000;    0.000
843.755; 1379.975;    0.000;    0.000
843.940; 1423.975;    0.000;    0.000
844.125; 1689.975;    0.000;    0.000
844.310; 1950.975;    0.000;    0.000
844.494; 2495.975;    0.000;    0.000
844.679; 2970.975;    0.000;    0.000
844.864; 2940.975;    0.000;    0.000
845.048; 2377.975;    0.000;    0.000
845.233; 2078.975;    0.000;    0.000
845.418; 1850.975;    0.000;    0.000
845.602; 1638.975;    0.000;    0.000
845.787; 1597.975;    0.000;    0.000
845.971; 1469.975;    0.000;    0.000
846.156; 1378.975;    0.000;    0.000
846.340; 1320.975;    0.000;    0.000
846.525; 1330.975;    0.000;    0.000
846.709; 1259.975;    0.000;    0.000
846.893; 1177.975;    0.000;    0.000
847.078; 1180.975;    0.000;    0.000
847.262; 1159.975;    0.000;    0.000
847.447; 1050.975;    0.000;    0.000
847.631; 1084.975;    0.000;    0.000
847.815; 1059.975;    0.000;    0.000
848.000;  981.975;    0.000;    0.000
848.184; 1084.975;    0.000;    0.000
848.368; 1004.975;    0.000;    0.000
848.552; 1037.975;    0.000;    0.000
848.736;  994.975;    0.000;    0.000
848.921; 1019.975;    0.000;    0.000
849.105;  983.975;    0.000;    0.000
849.289; 1017.975;    0.000;    0.000
849.473;  983.975;    0.000;    0.000
849.657; 1114.975;    0.000;    0.000
849.841; 1074.975;    0.000;    0.000
850.025; 1046.975;    0.000;    0.000
850.209;  973.975;    0.000;    0.000
850.393;  980.975;    0.000;    0.000
850.577;  974.975;    0.000;    0.000
850.761; 1000.975;    0.000;    0.000
850.945;  936.975;    0.000;    0.000
851.129; 1007.975;    0.000;    0.000
851.313;  961.975;    0.000;    0.000
851.497;  966.975;    0.000;    0.000
851.680;  929.975;    0.000;    0.000
851.864;  945.975;    0.000;    0.000
852.048;  922.975;    0.000;    0.000
852.232;  925.975;    0.000;    0.000
852.416;  910.975;    0.000;    0.000
852.599;  933.975;    0.000;    0.000
852.783;  939.975;    0.000;    0.000
852.967;  950.975;    0.000;    0.000
853.150;  943.975;    0.000;    0.000
853.334;  974.975;    0.000;    0.000
853.518; 1085.975;    0.000;    0.000
853.701;  988.975;    0.000;    0.000
853.885; 1266.975;    0.000;    0.000
854.068; 1764.975;    0.000;    0.000
854.252; 2066.975;    0.000;    0.000
854.435; 1655.975;    0.000;    0.000
854.619; 1209.975;    0.000;    0.000
854.802; 1100.975;    0.000;    0.000
854.986;  993.975;    0.000;    0.000
855.169;  944.975;    0.000;    0.000
855.353; 1000.975;    0.000;    0.000
855.536;  943.975;    0.000;    0.000
855.719;  951.975;    0.000;    0.000
855.903;  945.975;    0.000;    0.000
856.086;  917.975;    0.000;    0.000
856.269;  933.975;    0.000;    0.000
856.452;  870.975;    0.000;    0.000
856.636;  934.975;    0.000;    0.000
856.819;  967.975;    0.000;    0.000
857.002; 1021.975;    0.000;    0.000
857.185; 1003.975;    0.000;    0.000
857.368;  888.975;    0.000;    0.000
857.552;  942.975;    0.000;    0.000
857.735;  982.975;    0.000;    0.000
857.918;  969.975;    0.000;    0.000
858.101;  864.975;    0.000;    0.000
858.284;  899.975;    0.000;    0.000
858.467;  932.975;    0.000;    0.000
858.650;  916.975;    0.000;    0.000
858.833;  903.975;    0.000;    0.000
859.016;  943.975;    0.000;    0.000
859.199;  960.975;    0.000;    0.000
859.382; 1069.975;    0.000;    0.000
859.564; 1171.975;    0.000;    0.000
859.747; 1074.975;    0.000;    0.000
859.930; 1056.975;    0.000;    0.000
860.113; 1031.975;    0.000;    0.000
860.296; 1035.975;    0.000;    0.000
860.478;  990.975;    0.000;    0.000
860.661;  946.975;    0.000;    0.000
860.844;  923.975;    0.000;    0.000
861.027;  930.975;    0.000;    0.000
861.209;  980.975;    0.000;    0.000
861.392;  954.975;    0.000;    0.000
861.575;  998.975;    0.000;    0.000
861.757;  980.975;    0.000;    0.000
861.940; 1000.975;    0.000;    0.000
862.122; 1063.975;    0.000;    0.000
862.305; 1032.975;    0.000;    0.000
862.487; 1116.975;    0.000;    0.000
862.670; 1213.975;    0.000;    0.000
862.852; 1433.975;    0.000;    0.000
863.035; 1534.975;    0.000;    0.000
863.217; 1465.975;    0.000;    0.000
863.400; 1395.975;    0.000;    0.000
863.582; 1257.975;    0.000;    0.000
863.764; 1319.975;    0.000;    0.000
863.947; 1192.975;    0.000;    0.000
864.129; 1161.975;    0.000;    0.000
864.311; 1172.975;    0.000;    0.000
864.493; 1107.975;    0.000;    0.000
864.676; 1164.975;    0.000;    0.000
864.858; 1081.975;    0.000;    0.000
865.040; 1177.975;    0.000;    0.000
865.222; 1135.975;    0.000;    0.000
865.404; 1188.975;    0.000;    0.000
865.587; 1301.975;    0.000;    0.000
865.769; 1333.975;    0.000;    0.000
865.951; 1515.975;    0.000;    0.000
866.133; 1764.975;    0.000;    0.000
866.315; 1777.975;    0.000;    0.000
866.497; 1513.975;    0.000;    0.000
866.679; 1343.975;    0.000;    0.000
866.861; 1312.975;    0.000;    0.000
867.043; 1443.975;    0.000;    0.000
867.225; 1501.975;    0.000;    0.000
867.407; 1619.975;    0.000;    0.000
867.589; 1842.975;    0.000;    0.000
867.770; 2283.975;    0.000;    0.000
867.952; 3150.975;    0.000;    0.000
868.134; 3637.975;    0.000;    0.000
868.316; 3582.975;    0.000;    0.000
868.498; 3374.975;    0.000;    0.000
868.679; 2944.975;    0.000;    0.000
868.861; 2556.975;    0.000;    0.000
869.043; 2071.975;    0.000;    0.000
869.224; 1878.975;    0.000;    0.000
869.406; 1780.975;    0.000;    0.000
869.588; 1673.975;    0.000;    0.000
869.769; 1551.975;    0.000;    0.000
869.951; 1582.975;    0.000;    0.000
870.132; 1524.975;    0.000;    0.000
870.314; 1741.975;    0.000;    0.000
870.495; 1667.975;    0.000;    0.000
870.677; 1558.975;    0.000;    0.000
870.858; 1628.975;    0.000;    0.000
871.040; 1727.975;    0.000;    0.000
871.221; 1715.975;    0.000;    0.000
871.403; 1650.975;    0.000;    0.000
871.584; 1592.975;    0.000;    0.000
871.765; 1547.975;    0.000;    0.000
871.947; 1676.975;    0.000;    0.000
872.128; 1434.975;    0.000;    0.000
872.309; 1368.975;    0.000;    0.000
872.491; 1265.975;    0.000;    0.000
872.672; 1248.975;    0.000;    0.000
872.853; 1211.975;    0.000;    0.000
873.034; 1160.975;    0.000;    0.000
873.215; 1135.975;    0.000;    0.000
873.396; 1077.975;    0.000;    0.000
873.578;  967.975;    0.000;    0.000
873.759; 1032.975;    0.000;    0.000
873.940; 1023.975;    0.000;    0.000
874.121;  968.975;    0.000;    0.000
874.302;  971.975;    0.000;    0.000
874.483;  928.975;    0.000;    0.000
874.664;  903.975;    0.000;    0.000
874.845;  912.975;    0.000;    0.000
875.026;  901.975;    0.000;    0.000
875.207;  852.975;    0.000;    0.000
875.388;  887.975;    0.000;    0.000
875.568;  882.975;    0.000;    0.000
875.749;  769.975;    0.000;    0.000
875.930;  915.975;    0.000;    0.000
876.111;  879.975;    0.000;    0.000
876.292;  874.975;    0.000;    0.000
876.472;  844.975;    0.000;    0.000
876.653;  835.975;    0.000;    0.000
876.834;  846.975;    0.000;    0.000
877.015;  796.975;    0.000;    0.000
877.195;  814.975;    0.000;    0.000
877.376;  795.975;    0.000;    0.000
877.556;  822.975;    0.000;    0.000
877.737;  806.975;    0.000;    0.000
877.918;  775.975;    0.000;    0.000
878.098;  822.975;    0.000;    0.000
878.279;  742.975;    0.000;    0.000
878.459;  738.975;    0.000;    0.000
878.640;  774.975;    0.000;    0.000
878.820;  810.975;    0.000;    0.000
879.000;  760.975;    0.000;    0.000
879.181;  746.975;    0.000;    0.000
879.361;  790.975;    0.000;    0.000
879.542;  738.975;    0.000;    0.000
879.722;  760.975;    0.000;    0.000
879.902;  881.975;    0.000;    0.000
880.083;  808.975;    0.000;    0.000
880.263;  918.975;    0.000;    0.000
880.443; 1190.975;    0.000;    0.000
880.623; 1709.975;    0.000;    0.000
880.803; 1693.975;    0.000;    0.000
880.984; 1333.975;    0.000;    0.000
881.164; 1060.975;    0.000;    0.000
881.344;  980.975;    0.000;    0.000
881.524;  979.975;    0.000;    0.000
881.704;  921.975;    0.000;    0.000
881.884;  933.975;    0.000;    0.000
882.064;  925.975;    0.000;    0.000
882.244;  961.975;    0.000;    0.000
882.424;  852.975;    0.000;    0.000
882.604;  849.975;    0.000;    0.000
882.784;  801.975;    0.000;    0.000
882.964;  779.975;    0.000;    0.000
883.144;  813.975;    0.000;    0.000
883.324;  841.975;    0.000;    0.000
883.504;  827.975;    0.000;    0.000
883.683;  751.975;    0.000;    0.000
883.863;  750.975;    0.000;    0.000
884.043;  739.975;    0.000;    0.000
884.223;  755.975;    0.000;    0.000
884.402;  710.975;    0.000;    0.000
884.582;  772.975;    0.000;    0.000
884.762;  726.975;    0.000;    0.000
884.941;  702.975;    0.000;    0.000
885.121;  736.975;    0.000;    0.000
885.301;  724.975;    0.000;    0.000
885.480;  723.975;    0.000;    0.000
885.660;  708.975;    0.000;    0.000
885.839;  664.975;    0.000;    0.000
886.019;  715.975;    0.000;    0.000
886.198;  685.975;    0.000;    0.000
886.378;  692.975;    0.000;    0.000
886.557;  657.975;    0.000;    0.000
886.737;  641.975;    0.000;    0.000
886.916;  718.975;    0.000;    0.000
887.095;  693.975;    0.000;    0.000
887.275;  653.975;    0.000;    0.000
887.454;  705.975;    0.000;    0.000
887.633;  671.975;    0.000;    0.000
887.813;  758.975;    0.000;    0.000
887.992;  701.975;    0.000;    0.000
888.171;  689.975;    0.000;    0.000
888.350;  709.975;    0.000;    0.000
888.530;  686.975;    0.000;    0.000
888.709;  628.975;    0.000;    0.000
888.888;  681.975;    0.000;    0.000
889.067;  693.975;    0.000;    0.000
889.246;  691.975;    0.000;    0.000
889.425;  712.975;    0.000;    0.000
889.604;  709.975;    0.000;    0.000
889.783;  669.975;    0.000;    0.000
889.962;  629.975;    0.000;    0.000
890.141;  688.975;    0.000;    0.000
890.320;  649.975;    0.000;    0.000
890.499;  703.975;    0.000;    0.000
890.678;  661.975;    0.000;    0.000
890.857;  707.975;    0.000;    0.000
891.036;  653.975;    0.000;    0.000
891.214;  681.975;    0.000;    0.000
891.393;  658.975;    0.000;    0.000
891.572;  667.975;    0.000;    0.000
891.751;  718.975;    0.000;    0.000
891.930;  685.975;    0.000;    0.000
892.108;  659.975;    0.000;    0.000
892.287;  650.975;    0.000;    0.000
892.466;  694.975;    0.000;    0.000
892.644;  636.975;    0.000;    0.000
892.823;  629.975;    0.000;    0.000
893.001;  678.975;    0.000;    0.000
893.180;  666.975;    0.000;    0.000
893.359;  656.975;    0.000;    0.000
893.537;  625.975;    0.000;    0.000
893.716;  647.975;    0.000;    0.000
893.894;  644.975;    0.000;    0.000
894.073;  640.975;    0.000;    0.000
894.251;  657.975;    0.000;    0.000
894.429;  651.975;    0.000;    0.000
894.608;  688.975;    0.000;    0.000
894.786;  667.975;    0.000;    0.000
894.964;  591.975;    0.000;    0.000
895.143;  625.975;    0.000;    0.000
895.321;  676.975;    0.000;    0.000
895.499;  667.975;    0.000;    0.000
895.677;  666.975;    0.000;    0.000
895.856;  690.975;    0.000;    0.000
896.034;  657.975;    0.000;    0.000
896.212;  709.975;    0.000;    0.000
896.390;  642.975;    0.000;    0.000
896.568;  670.975;    0.000;    0.000
896.746;  662.975;    0.000;    0.000
896.924;  709.975;    0.000;    0.000
897.102;  711.975;    0.000;    0.000
897.280;  648.975;    0.000;    0.000
897.458;  674.975;    0.000;    0.000
897.636;  656.975;    0.000;    0.000
897.814;  617.975;    0.000;    0.000
897.992;  712.975;    0.000;    0.000
898.170;  727.975;    0.000;    0.000
898.348;  706.975;    0.000;    0.000
898.526;  669.975;    0.000;    0.000
898.704;  675.975;    0.000;    0.000
898.882;  633.975;    0.000;    0.000
899.059;  700.975;    0.000;    0.000
899.237;  634.975;    0.000;    0.000
899.415;  689.975;    0.000;    0.000
899.593;  686.975;    0.000;    0.000
899.770;  667.975;    0.000;    0.000
899.948;  751.975;    0.000;    0.000
900.125;  662.975;    0.000;    0.000
900.303;  689.975;    0.000;    0.000
900.481;  630.975;    0.000;    0.000
900.658;  702.975;    0.000;    0.000
900.836;  706.975;    0.000;    0.000
901.013;  680.975;    0.000;    0.000
901.191;  723.975;    0.000;    0.000
901.368;  702.975;    0.000;    0.000
901.546;  754.975;    0.000;    0.000
901.723;  728.975;    0.000;    0.000
901.901;  719.975;    0.000;    0.000
902.078;  802.975;    0.000;    0.000
902.255;  730.975;    0.000;    0.000
902.433;  744.975;    0.000;    0.000
902.610;  785.975;    0.000;    0.000
902.787;  746.975;    0.000;    0.000
902.964;  788.975;    0.000;    0.000
903.142;  768.975;    0.000;    0.000
903.319;  797.975;    0.000;    0.000
903.496;  787.975;    0.000;    0.000
903.673;  836.975;    0.000;    0.000
903.850;  819.975;    0.000;    0.000
904.027;  849.975;    0.000;    0.000
904.204;  915.975;    0.000;    0.000
904.381;  984.975;    0.000;    0.000
904.558; 1101.975;    0.000;    0.000
904.735; 1134.975;    0.000;    0.000
904.912; 1187.975;    0.000;    0.000
905.089; 1076.975;    0.000;    0.000
905.266; 1033.975;    0.000;    0.000
905.443;  991.975;    0.000;    0.000
905.620;  950.975;    0.000;    0.000
905.797;  972.975;    0.000;    0.000
905.974;  933.975;    0.000;    0.000
906.151;  875.975;    0.000;    0.000
906.327;  906.975;    0.000;    0.000
906.504;  914.975;    0.000;    0.000
906.681;  865.975;    0.000;    0.000
906.858;  845.975;    0.000;    0.000
907.034;  812.975;    0.000;    0.000
907.211;  802.975;    0.000;    0.000
907.388;  794.975;    0.000;    0.000
907.564;  777.975;    0.000;    0.000
907.741;  747.975;    0.000;    0.000
907.917;  715.975;    0.000;    0.000
908.094;  794.975;    0.000;    0.000
908.271;  702.975;    0.000;    0.000
908.447;  797.975;    0.000;    0.000
908.623;  744.975;    0.000;    0.000
908.800;  766.975;    0.000;    0.000
908.976;  740.975;    0.000;    0.000
909.153;  802.975;    0.000;    0.000
909.329;  717.975;    0.000;    0.000
909.505;  795.975;    0.000;    0.000
909.682;  736.975;    0.000;    0.000
909.858;  647.975;    0.000;    0.000
910.034;  756.975;    0.000;    0.000
910.211;  699.975;    0.000;    0.000
910.387;  706.975;    0.000;    0.000
910.563;  723.975;    0.000;    0.000
910.739;  694.975;    0.000;    0.000
910.915;  695.975;    0.000;    0.000
911.091;  718.975;    0.000;    0.000
911.268;  730.975;    0.000;    0.000
911.444;  680.975;    0.000;    0.000
911.620;  688.975;    0.000;    0.000
911.796;  668.975;    0.000;    0.000
911.972;  750.975;    0.000;    0.000
912.148;  708.975;    0.000;    0.000
912.324;  687.975;    0.000;    0.000
912.500;  719.975;    0.000;    0.000
912.676;  705.975;    0.000;    0.000
912.851;  680.975;    0.000;    0.000
913.027;  663.975;    0.000;    0.000
913.203;  726.975;    0.000;    0.000
913.379;  666.975;    0.000;    0.000
913.555;  687.975;    0.000;    0.000
913.730;  711.975;    0.000;    0.000
913.906;  662.975;    0.000;    0.000
914.082;  714.975;    0.000;    0.000
914.258;  704.975;    0.000;    0.000
914.433;  698.975;    0.000;    0.000
914.609;  672.975;    0.000;    0.000
914.784;  672.975;    0.000;    0.000
914.960;  684.975;    0.000;    0.000
915.136;  625.975;    0.000;    0.000
915.311;  722.975;    0.000;    0.000
915.487;  667.975;    0.000;    0.000
915.662;  755.975;    0.000;    0.000
915.838;  651.975;    0.000;    0.000
916.013;  693.975;    0.000;    0.000
916.189;  682.975;    0.000;    0.000
916.364;  704.975;    0.000;    0.000
916.539;  712.975;    0.000;    0.000
916.715;  702.975;    0.000;    0.000
916.890;  669.975;    0.000;    0.000
917.065;  722.975;    0.000;    0.000
917.240;  719.975;    0.000;    0.000
917.416;  725.975;    0.000;    0.000
917.591;  784.975;    0.000;    0.000
917.766;  729.975;    0.000;    0.000
917.941;  716.975;    0.000;    0.000
918.116;  714.975;    0.000;    0.000
918.292;  709.975;    0.000;    0.000
918.467;  715.975;    0.000;    0.000
918.642;  673.975;    0.000;    0.000
918.817;  755.975;    0.000;    0.000
918.992;  712.975;    0.000;    0.000
919.167;  763.975;    0.000;    0.000
919.342;  782.975;    0.000;    0.000
919.517;  767.975;    0.000;    0.000
919.692;  768.975;    0.000;    0.000
919.867;  815.975;    0.000;    0.000
920.041;  792.975;    0.000;    0.000
920.216;  806.975;    0.000;    0.000
920.391;  824.975;    0.000;    0.000
920.566;  825.975;    0.000;    0.000
920.741;  788.975;    0.000;    0.000
920.915;  907.975;    0.000;    0.000
921.090;  856.975;    0.000;    0.000
921.265;  897.975;    0.000;    0.000
921.439;  939.975;    0.000;    0.000
921.614;  959.975;    0.000;    0.000
921.789;  896.975;    0.000;    0.000
921.963;  927.975;    0.000;    0.000
922.138;  841.975;    0.000;    0.000
922.312;  902.975;    0.000;    0.000
922.487;  902.975;    0.000;    0.000
922.661;  823.975;    0.000;    0.000
922.836;  850.975;    0.000;    0.000
923.010;  843.975;    0.000;    0.000
923.185;  856.975;    0.000;    0.000
923.359;  814.975;    0.000;    0.000
923.534;  818.975;    0.000;    0.000
923.708;  888.975;    0.000;    0.000
923.882;  838.975;    0.000;    0.000
924.057;  847.975;    0.000;    0.000
924.231;  838.975;    0.000;    0.000
924.405;  868.975;    0.000;    0.000
924.579;  867.975;    0.000;    0.000
924.753;  822.975;    0.000;    0.000
924.928;  788.975;    0.000;    0.000
925.102;  772.975;    0.000;    0.000
925.276;  853.975;    0.000;    0.000
925.450;  862.975;    0.000;    0.000
925.624;  804.975;    0.000;    0.000
925.798;  837.975;    0.000;    0.000
925.972;  883.975;    0.000;    0.000
926.146;  931.975;    0.000;    0.000
926.320;  896.975;    0.000;    0.000
926.494; 1011.975;    0.000;    0.000
926.668; 1045.975;    0.000;    0.000
926.842; 1016.975;    0.000;    0.000
927.016; 1066.975;    0.000;    0.000
927.190; 1069.975;    0.000;    0.000
927.363; 1008.975;    0.000;    0.000
927.537;  965.975;    0.000;    0.000
927.711;  961.975;    0.000;    0.000
927.885;  964.975;    0.000;    0.000
928.058;  887.975;    0.000;    0.000
928.232;  939.975;    0.000;    0.000
928.406;  845.975;    0.000;    0.000
928.579;  841.975;    0.000;    0.000
928.753;  857.975;    0.000;    0.000
928.927;  810.975;    0.000;    0.000
929.100;  902.975;    0.000;    0.000
929.274;  823.975;    0.000;    0.000
929.447;  761.975;    0.000;    0.000
929.621;  749.975;    0.000;    0.000
929.794;  756.975;    0.000;    0.000
929.968;  774.975;    0.000;    0.000
930.141;  788.975;    0.000;    0.000
930.315;  713.975;    0.000;    0.000
930.488;  703.975;    0.000;    0.000
930.661;  749.975;    0.000;    0.000
930.835;  740.975;    0.000;    0.000
931.008;  745.975;    0.000;    0.000
931.181;  737.975;    0.000;    0.000
931.354;  730.975;    0.000;    0.000
931.528;  713.975;    0.000;    0.000
931.701;  701.975;    0.000;    0.000
931.874;  747.975;    0.000;    0.000
932.047;  631.975;    0.000;    0.000
932.220;  668.975;    0.000;    0.000
932.393;  671.975;    0.000;    0.000
932.566;  659.975;    0.000;    0.000
932.739;  698.975;    0.000;    0.000
932.912;  674.975;    0.000;    0.000
933.085;  703.975;    0.000;    0.000
933.258;  666.975;    0.000;    0.000
933.431;  626.975;    0.000;    0.000
933.604;  666.975;    0.000;    0.000
933.777;  714.975;    0.000;    0.000
933.950;  600.975;    0.000;    0.000
934.123;  664.975;    0.000;    0.000
934.296;  656.975;    0.000;    0.000
934.468;  600.975;    0.000;    0.000
934.641;  648.975;    0.000;    0.000
934.814;  615.975;    0.000;    0.000
934.987;  585.975;    0.000;    0.000
935.159;  611.975;    0.000;    0.000
935.332;  661.975;    0.000;    0.000
935.505;  577.975;    0.000;    0.000
935.677;  584.975;    0.000;    0.000
935.850;  647.975;    0.000;    0.000
936.022;  576.975;    0.000;    0.000
936.195;  605.975;    0.000;    0.000
936.367;  605.975;    0.000;    0.000
936.540;  603.975;    0.000;    0.000
936.712;  632.975;    0.000;    0.000
936.885;  637.975;    0.000;    0.000
937.057;  569.975;    0.000;    0.000
937.229;  637.975;    0.000;    0.000
937.402;  600.975;    0.000;    0.000
937.574;  597.975;    0.000;    0.000
937.746;  635.975;    0.000;    0.000
937.919;  679.975;    0.000;    0.000
938.091;  687.975;    0.000;    0.000
938.263;  721.975;    0.000;    0.000
938.435;  705.975;    0.000;    0.000
938.608;  862.975;    0.000;    0.000
938.780;  920.975;    0.000;    0.000
938.952;  974.975;    0.000;    0.000
939.124;  967.975;    0.000;    0.000
939.296; 1057.975;    0.000;    0.000
939.468;  998.975;    0.000;    0.000
939.640;  891.975;    0.000;    0.000
939.812;  904.975;    0.000;    0.000
939.984;  764.975;    0.000;    0.000
940.156;  719.975;    0.000;    0.000
940.328;  710.975;    0.000;    0.000
940.500;  660.975;    0.000;    0.000
940.672;  673.975;    0.000;    0.000
940.843;  659.975;    0.000;    0.000
941.015;  636.975;    0.000;    0.000
941.187;  564.975;    0.000;    0.000
941.359;  625.975;    0.000;    0.000
941.531;  571.975;    0.000;    0.000
941.702;  554.975;    0.000;    0.000
941.874;  595.975;    0.000;    0.000
942.046;  527.975;    0.000;    0.000
942.217;  527.975;    0.000;    0.000
942.389;  560.975;    0.000;    0.000
942.560;  496.975;    0.000;    0.000
942.732;  578.975;    0.000;    0.000
942.904;  536.975;    0.000;    0.000
943.075;  532.975;    0.000;    0.000
943.247;  509.975;    0.000;    0.000
943.418;  465.975;    0.000;    0.000
943.589;  520.975;    0.000;    0.000
943.761;  491.975;    0.000;    0.000
943.932;  513.975;    0.000;    0.000
944.104;  459.975;    0.000;    0.000
944.275;  485.975;    0.000;    0.000
944.446;  543.975;    0.000;    0.000
944.617;  464.975;    0.000;    0.000
944.789;  489.975;    0.000;    0.000
944.960;  508.975;    0.000;    0.000
945.131;  455.975;    0.000;    0.000
945.302;  538.975;    0.000;    0.000
945.473;  483.975;    0.000;    0.000
945.645;  459.975;    0.000;    0.000
945.816;  501.975;    0.000;    0.000
945.987;  532.975;    0.000;    0.000
946.158;  490.975;    0.000;    0.000
946.329;  530.975;    0.000;    0.000
946.500;  464.975;    0.000;    0.000
946.671;  489.975;    0.000;    0.000
946.842;  553.975;    0.000;    0.000
947.013;  494.975;    0.000;    0.000
947.183;  500.975;    0.000;    0.000
947.354;  465.975;    0.000;    0.000
947.525;  487.975;    0.000;    0.000
947.696;  485.975;    0.000;    0.000
947.867;  506.975;    0.000;    0.000
948.037;  451.975;    0.000;    0.000
948.208;  455.975;    0.000;    0.000
948.379;  506.975;    0.000;    0.000
948.550;  453.975;    0.000;    0.000
948.720;  498.975;    0.000;    0.000
948.891;  506.975;    0.000;    0.000
949.061;  534.975;    0.000;    0.000
949.232;  502.975;    0.000;    0.000
949.403;  493.975;    0.000;    0.000
949.573;  510.975;    0.000;    0.000
949.744;  538.975;    0.000;    0.000
949.914;  488.975;    0.000;    0.000
950.085;  470.975;    0.000;    0.000
950.255;  485.975;    0.000;    0.000
950.425;  482.975;    0.000;    0.000
950.596;  470.975;    0.000;    0.000
950.766;  507.975;    0.000;    0.000
950.936;  504.975;    0.000;    0.000
951.107;  461.975;    0.000;    0.000
951.277;  492.975;    0.000;    0.000
951.447;  480.975;    0.000;    0.000
951.617;  486.975;    0.000;    0.000
951.788;  473.975;    0.000;    0.000
951.958;  499.975;    0.000;    0.000
952.128;  489.975;    0.000;    0.000
952.298;  495.975;    0.000;    0.000
952.468;  520.975;    0.000;    0.000
952.638;  497.975;    0.000;    0.000
952.808;  522.975;    0.000;    0.000
952.978;  529.975;    0.000;    0.000
953.148;  550.975;    0.000;    0.000
953.318;  529.975;    0.000;    0.000
953.488;  449.975;    0.000;    0.000
953.658;  504.975;    0.000;    0.000
953.828;  561.975;    0.000;    0.000
953.998;  510.975;    0.000;    0.000
954.167;  479.975;    0.000;    0.000
954.337;  485.975;    0.000;    0.000
954.507;  519.975;    0.000;    0.000
954.677;  459.975;    0.000;    0.000
954.846;  534.975;    0.000;    0.000
955.016;  494.975;    0.000;    0.000
955.186;  473.975;    0.000;    0.000
955.355;  538.975;    0.000;    0.000
955.525;  472.975;    0.000;    0.000
955.695;  486.975;    0.000;    0.000
955.864;  502.975;    0.000;    0.000
956.034;  467.975;    0.000;    0.000
956.203;  558.975;    0.000;    0.000
956.373;  437.975;    0.000;    0.000
956.542;  508.975;    0.000;    0.000
956.711;  520.975;    0.000;    0.000
956.881;  526.975;    0.000;    0.000
957.050;  510.975;    0.000;    0.000
957.220;  477.975;    0.000;    0.000
957.389;  475.975;    0.000;    0.000
957.558;  501.975;    0.000;    0.000
957.727;  506.975;    0.000;    0.000
957.897;  502.975;    0.000;    0.000
958.066;  493.975;    0.000;    0.000
958.235;  492.975;    0.000;    0.000
958.404;  493.975;    0.000;    0.000
958.573;  522.975;    0.000;    0.000
958.743;  452.975;    0.000;    0.000
958.912;  471.975;    0.000;    0.000
959.081;  509.975;    0.000;    0.000
959.250;  411.975;    0.000;    0.000
959.419;  506.975;    0.000;    0.000
959.588;  493.975;    0.000;    0.000
959.757;  466.975;    0.000;    0.000
959.926;  461.975;    0.000;    0.000
960.094;  474.975;    0.000;    0.000
960.263;  486.975;    0.000;    0.000
960.432;  487.975;    0.000;    0.000
960.601;  426.975;    0.000;    0.000
960.770;  427.975;    0.000;    0.000
960.939;  460.975;    0.000;    0.000
961.107;  452.975;    0.000;    0.000
961.276;  466.975;    0.000;    0.000
961.445;  458.975;    0.000;    0.000
961.613;  444.975;    0.000;    0.000
961.782;  449.975;    0.000;    0.000
961.951;  467.975;    0.000;    0.000
962.119;  478.975;    0.000;    0.000
962.288;  494.975;    0.000;    0.000
962.456;  421.975;    0.000;    0.000
962.625;  471.975;    0.000;    0.000
962.793;  466.975;    0.000;    0.000
962.962;  438.975;    0.000;    0.000
963.130;  432.975;    0.000;    0.000
963.298;  453.975;    0.000;    0.000
963.467;  460.975;    0.000;    0.000
963.635;  494.975;    0.000;    0.000
963.803;  526.975;    0.000;    0.000
963.972;  485.975;    0.000;    0.000
964.140;  439.975;    0.000;    0.000
964.308;  485.975;    0.000;    0.000
964.477;  476.975;    0.000;    0.000
964.645;  474.975;    0.000;    0.000
964.813;  475.975;    0.000;    0.000
964.981;  444.975;    0.000;    0.000
965.149;  463.975;    0.000;    0.000
965.317;  469.975;    0.000;    0.000
965.485;  458.975;    0.000;    0.000
965.653;  468.975;    0.000;    0.000
965.821;  427.975;    0.000;    0.000
965.989;  462.975;    0.000;    0.000
966.157;  399.975;    0.000;    0.000
966.325;  460.975;    0.000;    0.000
966.493;  457.975;    0.000;    0.000
966.661;  398.975;    0.000;    0.000
966.829;  442.975;    0.000;    0.000
966.996;  474.975;    0.000;    0.000
967.164;  451.975;    0.000;    0.000
967.332;  511.975;    0.000;    0.000
967.500;  442.975;    0.000;    0.000
967.667;  504.975;    0.000;    0.000
967.835;  468.975;    0.000;    0.000
968.003;  458.975;    0.000;    0.000
968.170;  448.975;    0.000;    0.000
968.338;  440.975;    0.000;    0.000
968.505;  463.975;    0.000;    0.000
968.673;  477.975;    0.000;    0.000
968.841;  420.975;    0.000;    0.000
969.008;  483.975;    0.000;    0.000
969.175;  427.975;    0.000;    0.000
969.343;  426.975;    0.000;    0.000
969.510;  455.975;    0.000;    0.000
969.678;  421.975;    0.000;    0.000
969.845;  458.975;    0.000;    0.000
970.012;  442.975;    0.000;    0.000
970.180;  478.975;    0.000;    0.000
970.347;  428.975;    0.000;    0.000
970.514;  467.975;    0.000;    0.000
970.681;  486.975;    0.000;    0.000
970.849;  420.975;    0.000;    0.000
971.016;  436.975;    0.000;    0.000
971.183;  449.975;    0.000;    0.000
971.350;  442.975;    0.000;    0.000
971.517;  442.975;    0.000;    0.000
971.684;  513.975;    0.000;    0.000
971.851;  449.975;    0.000;    0.000
972.018;  485.975;    0.000;    0.000
972.185;  464.975;    0.000;    0.000
972.352;  476.975;    0.000;    0.000
972.519;  457.975;    0.000;    0.000
972.686;  493.975;    0.000;    0.000
972.853;  447.975;    0.000;    0.000
973.020;  471.975;    0.000;    0.000
973.186;  457.975;    0.000;    0.000
973.353;  447.975;    0.000;    0.000
973.520;  433.975;    0.000;    0.000
973.687;  432.975;    0.000;    0.000
973.853;  466.975;    0.000;    0.000
974.020;  447.975;    0.000;    0.000
974.187;  456.975;    0.000;    0.000
974.353;  457.975;    0.000;    0.000
974.520;  461.975;    0.000;    0.000
974.687;  466.975;    0.000;    0.000
974.853;  430.975;    0.000;    0.000
975.020;  455.975;    0.000;    0.000
975.186;  471.975;    0.000;    0.000
975.353;  453.975;    0.000;    0.000
975.519;  442.975;    0.000;    0.000
975.685;  430.975;    0.000;    0.000
975.852;  428.975;    0.000;    0.000
976.018;  448.975;    0.000;    0.000
976.184;  465.975;    0.000;    0.000
976.351;  444.975;    0.000;    0.000
976.517;  462.975;    0.000;    0.000
976.683;  499.975;    0.000;    0.000
976.849;  469.975;    0.000;    0.000
977.016;  461.975;    0.000;    0.000
977.182;  459.975;    0.000;    0.000
977.348;  412.975;    0.000;    0.000
977.514;  368.975;    0.000;    0.000
977.680;  455.975;    0.000;    0.000
977.846;  461.975;    0.000;    0.000
978.012;  466.975;    0.000;    0.000
978.178;  467.975;    0.000;    0.000
978.344;  443.975;    0.000;    0.000
978.510;  446.975;    0.000;    0.000
978.676;  435.975;    0.000;    0.000
978.842;  460.975;    0.000;    0.000
979.008;  478.975;    0.000;    0.000
979.174;  408.975;    0.000;    0.000
979.340;  428.975;    0.000;    0.000
979.505;  456.975;    0.000;    0.000
979.671;  423.975;    0.000;    0.000
979.837;  470.975;    0.000;    0.000
980.003;  461.975;    0.000;    0.000
980.168;  439.975;    0.000;    0.000
980.334;  431.975;    0.000;    0.000
980.499;  448.975;    0.000;    0.000
980.665;  514.975;    0.000;    0.000
980.831;  465.975;    0.000;    0.000
980.996;  436.975;    0.000;    0.000
981.162;  464.975;    0.000;    0.000
981.327;  417.975;    0.000;    0.000
981.493;  464.975;    0.000;    0.000
981.658;  439.975;    0.000;    0.000
981.823;  485.975;    0.000;    0.000
981.989;  467.975;    0.000;    0.000
982.154;  489.975;    0.000;    0.000
982.319;  481.975;    0.000;    0.000
982.485;  490.975;    0.000;    0.000
982.650;  497.975;    0.000;    0.000
982.815;  482.975;    0.000;    0.000
982.980;  441.975;    0.000;    0.000
983.146;  483.975;    0.000;    0.000
983.311;  422.975;    0.000;    0.000
983.476;  495.975;    0.000;    0.000
983.641;  436.975;    0.000;    0.000
983.806;  437.975;    0.000;    0.000
983.971;  488.975;    0.000;    0.000
984.136;  456.975;    0.000;    0.000
984.301;  432.975;    0.000;    0.000
984.466;  451.975;    0.000;    0.000
984.631;  425.975;    0.000;    0.000
984.796;  459.975;    0.000;    0.000
984.961;  437.975;    0.000;    0.000
985.126;  489.975;    0.000;    0.000
985.291;  410.975;    0.000;    0.000
985.455;  417.975;    0.000;    0.000
985.620;  430.975;    0.000;    0.000
985.785;  431.975;    0.000;    0.000
985.950;  445.975;    0.000;    0.000
986.114;  484.975;    0.000;    0.000
986.279;  457.975;    0.000;    0.000
986.444;  458.975;    0.000;    0.000
986.608;  510.975;    0.000;    0.000
986.773;  499.975;    0.000;    0.000
986.937;  497.975;    0.000;    0.000
987.102;  467.975;    0.000;    0.000
987.266;  430.975;    0.000;    0.000
987.431;  478.975;    0.000;    0.000
987.595;  450.975;    0.000;    0.000
987.760;  457.975;    0.000;    0.000
987.924;  464.975;    0.000;    0.000
988.088;  438.975;    0.000;    0.000
988.253;  452.975;    0.000;    0.000
988.417;  422.975;    0.000;    0.000
988.581;  439.975;    0.000;    0.000
988.746;  457.975;    0.000;    0.000
988.910;  404.975;    0.000;    0.000
989.074;  437.975;    0.000;    0.000
989.238;  462.975;    0.000;    0.000
989.402;  516.975;    0.000;    0.000
989.566;  441.975;    0.000;    0.000
989.731;  427.975;    0.000;    0.000
989.895;  463.975;    0.000;    0.000
990.059;  422.975;    0.000;    0.000
990.223;  427.975;    0.000;    0.000
990.387;  455.975;    0.000;    0.000
990.551;  434.975;    0.000;    0.000
990.714;  440.975;    0.000;    0.000
990.878;  436.975;    0.000;    0.000
991.042;  434.975;    0.000;    0.000
991.206;  388.975;    0.000;    0.000
991.370;  466.975;    0.000;    0.000
991.534;  423.975;    0.000;    0.000
991.697;  369.975;    0.000;    0.000
991.861;  440.975;    0.000;    0.000
992.025;  391.975;    0.000;    0.000
992.188;  436.975;    0.000;    0.000
992.352;  400.975;    0.000;    0.000
992.516;  423.975;    0.000;    0.000
992.679;  427.975;    0.000;    0.000
992.843;  394.975;    0.000;    0.000
993.006;  445.975;    0.000;    0.000
993.170;  429.975;    0.000;    0.000
993.333;  376.975;    0.000;    0.000
993.497;  410.975;    0.000;    0.000
993.660;  410.975;    0.000;    0.000
993.824;  381.975;    0.000;    0.000
993.987;  449.975;    0.000;    0.000
994.150;  393.975;    0.000;    0.000
994.314;  402.975;    0.000;    0.000
994.477;  414.975;    0.000;    0.000
994.640;  393.975;    0.000;    0.000
994.803;  405.975;    0.000;    0.000
994.967;  431.975;    0.000;    0.000
995.130;  440.975;    0.000;    0.000
995.293;  412.975;    0.000;    0.000
995.456;  391.975;    0.000;    0.000
995.619;  409.975;    0.000;    0.000
995.782;  416.975;    0.000;    0.000
995.945;  433.975;    0.000;    0.000
996.108;  437.975;    0.000;    0.000
996.271;  474.975;    0.000;    0.000
996.434;  407.975;    0.000;    0.000
996.597;  407.975;    0.000;    0.000
996.760;  419.975;    0.000;    0.000
996.923;  395.975;    0.000;    0.000
997.086;  422.975;    0.000;    0.000
997.248;  430.975;    0.000;    0.000
997.411;  380.975;    0.000;    0.000
997.574;  402.975;    0.000;    0.000
997.737;  426.975;    0.000;    0.000
997.899;  426.975;    0.000;    0.000
998.062;  394.975;    0.000;    0.000
998.225;  389.975;    0.000;    0.000
998.387;  422.975;    0.000;    0.000
998.550;  428.975;    0.000;    0.000
998.712;  416.975;    0.000;    0.000
998.875;  436.975;    0.000;    0.000
999.037;  413.975;    0.000;    0.000
999.200;  416.975;    0.000;    0.000
999.362;  453.975;    0.000;    0.000
999.525;  379.975;    0.000;    0.000
999.687;  369.975;    0.000;    0.000
999.849;  415.975;    0.000;    0.000
1000.012;  383.975;    0.000;    0.000
1000.174;  403.975;    0.000;    0.000
1000.336;  452.975;    0.000;    0.000
1000.499;  413.975;    0.000;    0.000
1000.661;  400.975;    0.000;    0.000
1000.823;  376.975;    0.000;    0.000
1000.985;  406.975;    0.000;    0.000
1001.147;  389.975;    0.000;    0.000
1001.309;  425.975;    0.000;    0.000
1001.471;  419.975;    0.000;    0.000
1001.633;  405.975;    0.000;    0.000
1001.796;  402.975;    0.000;    0.000
1001.958;  389.975;    0.000;    0.000
1002.119;  423.975;    0.000;    0.000
1002.281;  412.975;    0.000;    0.000
1002.443;  427.975;    0.000;    0.000
1002.605;  420.975;    0.000;    0.000
1002.767;  437.975;    0.000;    0.000
1002.929;  412.975;    0.000;    0.000
1003.091;  459.975;    0.000;    0.000
1003.252;  468.975;    0.000;    0.000
1003.414;  439.975;    0.000;    0.000
1003.576;  413.975;    0.000;    0.000
1003.738;  419.975;    0.000;    0.000
1003.899;  434.975;    0.000;    0.000
1004.061;  483.975;    0.000;    0.000
1004.222;  466.975;    0.000;    0.000
1004.384;  437.975;    0.000;    0.000
1004.546;  454.975;    0.000;    0.000
1004.707;  472.975;    0.000;    0.000
1004.869;  488.975;    0.000;    0.000
1005.030;  412.975;    0.000;    0.000
1005.191;  421.975;    0.000;    0.000
1005.353;  474.975;    0.000;    0.000
1005.514;  443.975;    0.000;    0.000
1005.675;  435.975;    0.000;    0.000
1005.837;  463.975;    0.000;    0.000
1005.998;  459.975;    0.000;    0.000
1006.159;  442.975;    0.000;    0.000
1006.321;  452.975;    0.000;    0.000
1006.482;  438.975;    0.000;    0.000
1006.643;  446.975;    0.000;    0.000
1006.804;  436.975;    0.000;    0.000
1006.965;  426.975;    0.000;    0.000
1007.126;  479.975;    0.000;    0.000
1007.287;  482.975;    0.000;    0.000
1007.448;  476.975;    0.000;    0.000
1007.609;  507.975;    0.000;    0.000
1007.770;  444.975;    0.000;    0.000
1007.931;  530.975;    0.000;    0.000
1008.092;  448.975;    0.000;    0.000
1008.253;  455.975;    0.000;    0.000
1008.414;  464.975;    0.000;    0.000
1008.575;  491.975;    0.000;    0.000
1008.736;  468.975;    0.000;    0.000
1008.896;  479.975;    0.000;    0.000
1009.057;  514.975;    0.000;    0.000
1009.218;  531.975;    0.000;    0.000
1009.379;  508.975;    0.000;    0.000
1009.539;  533.975;    0.000;    0.000
1009.700;  492.975;    0.000;    0.000
1009.860;  466.975;    0.000;    0.000
1010.021;  512.975;    0.000;    0.000
1010.182;  497.975;    0.000;    0.000
1010.342;  493.975;    0.000;    0.000
1010.503;  537.975;    0.000;    0.000
1010.663;  548.975;    0.000;    0.000
1010.823;  551.975;    0.000;    0.000
1010.984;  535.975;    0.000;    0.000
1011.144;  617.975;    0.000;    0.000
1011.305;  591.975;    0.000;    0.000
1011.465;  647.975;    0.000;    0.000
1011.625;  598.975;    0.000;    0.000
1011.785;  650.975;    0.000;    0.000
1011.946;  607.975;    0.000;    0.000
1012.106;  626.975;    0.000;    0.000
1012.266;  582.975;    0.000;    0.000
1012.426;  590.975;    0.000;    0.000
1012.586;  580.975;    0.000;    0.000
1012.746;  594.975;    0.000;    0.000
1012.906;  598.975;    0.000;    0.000
1013.066;  546.975;    0.000;    0.000
1013.226;  550.975;    0.000;    0.000
1013.386;  519.975;    0.000;    0.000
1013.546;  544.975;    0.000;    0.000
1013.706;  560.975;    0.000;    0.000
1013.866;  538.975;    0.000;    0.000
1014.026;  532.975;    0.000;    0.000
1014.186;  504.975;    0.000;    0.000
1014.346;  491.975;    0.000;    0.000
1014.505;  535.975;    0.000;    0.000
1014.665;  504.975;    0.000;    0.000
1014.825;  497.975;    0.000;    0.000
1014.985;  501.975;    0.000;    0.000
1015.144;  526.975;    0.000;    0.000
1015.304;  520.975;    0.000;    0.000
1015.464;  497.975;    0.000;    0.000
1015.623;  517.975;    0.000;    0.000
1015.783;  521.975;    0.000;    0.000
1015.942;  516.975;    0.000;    0.000
1016.102;  547.975;    0.000;    0.000
1016.261;  489.975;    0.000;    0.000
1016.420;  485.975;    0.000;    0.000
1016.580;  555.975;    0.000;    0.000
1016.739;  529.975;    0.000;    0.000
1016.899;  520.975;    0.000;    0.000
1017.058;  527.975;    0.000;    0.000
1017.217;  527.975;    0.000;    0.000
1017.376;  500.975;    0.000;    0.000
1017.536;  469.975;    0.000;    0.000
1017.695;  517.975;    0.000;    0.000
1017.854;  524.975;    0.000;    0.000
1018.013;  494.975;    0.000;    0.000
1018.172;  489.975;    0.000;    0.000
1018.331;  511.975;    0.000;    0.000
1018.490;  495.975;    0.000;    0.000
1018.649;  491.975;    0.000;    0.000
1018.808;  504.975;    0.000;    0.000
1018.967;  517.975;    0.000;    0.000
1019.126;  538.975;    0.000;    0.000
1019.285;  488.975;    0.000;    0.000
1019.444;  540.975;    0.000;    0.000
1019.603;  479.975;    0.000;    0.000
1019.762;  457.975;    0.000;    0.000
1019.921;  516.975;    0.000;    0.000
1020.079;  457.975;    0.000;    0.000
1020.238;  489.975;    0.000;    0.000
1020.397;  496.975;    0.000;    0.000
1020.555;  469.975;    0.000;    0.000
1020.714;  519.975;    0.000;    0.000
1020.873;  493.975;    0.000;    0.000
1021.031;  519.975;    0.000;    0.000
1021.190;  507.975;    0.000;    0.000
1021.348;  505.975;    0.000;    0.000
1021.507;  522.975;    0.000;    0.000
1021.665;  517.975;    0.000;    0.000
1021.824;  470.975;    0.000;    0.000
1021.982;  468.975;    0.000;    0.000
1022.141;  507.975;    0.000;    0.000
1022.299;  438.975;    0.000;    0.000
1022.457;  463.975;    0.000;    0.000
1022.616;  512.975;    0.000;    0.000
1022.774;  493.975;    0.000;    0.000
1022.932;  452.975;    0.000;    0.000
1023.090;  464.975;    0.000;    0.000
1023.249;  464.975;    0.000;    0.000
1023.407;  497.975;    0.000;    0.000
1023.565;  471.975;    0.000;    0.000
1023.723;  457.975;    0.000;    0.000
1023.881;  473.975;    0.000;    0.000
1024.039;  453.975;    0.000;    0.000
1024.197;  499.975;    0.000;    0.000
1024.355;  508.975;    0.000;    0.000
1024.513;  503.975;    0.000;    0.000
1024.671;  505.975;    0.000;    0.000
1024.829;  477.975;    0.000;    0.000
1024.987;  440.975;    0.000;    0.000
1025.145;  503.975;    0.000;    0.000
1025.302;  462.975;    0.000;    0.000
1025.460;  467.975;    0.000;    0.000
1025.618;  527.975;    0.000;    0.000
1025.776;  485.975;    0.000;    0.000
1025.933;  494.975;    0.000;    0.000
1026.091;  450.975;    0.000;    0.000
1026.249;  526.975;    0.000;    0.000
1026.406;  538.975;    0.000;    0.000
1026.564;  497.975;    0.000;    0.000
1026.721;  480.975;    0.000;    0.000
1026.879;  468.975;    0.000;    0.000
1027.036;  506.975;    0.000;    0.000
1027.194;  516.975;    0.000;    0.000
1027.351;  525.975;    0.000;    0.000
1027.509;  547.975;    0.000;    0.000
1027.666;  519.975;    0.000;    0.000
1027.823;  476.975;    0.000;    0.000
1027.981;  507.975;    0.000;    0.000
1028.138;  563.975;    0.000;    0.000
1028.295;  532.975;    0.000;    0.000
1028.452;  502.975;    0.000;    0.000
1028.609;  499.975;    0.000;    0.000
1028.767;  506.975;    0.000;    0.000
1028.924;  474.975;    0.000;    0.000
1029.081;  517.975;    0.000;    0.000
1029.238;  454.975;    0.000;    0.000
1029.395;  528.975;    0.000;    0.000
1029.552;  496.975;    0.000;    0.000
1029.709;  534.975;    0.000;    0.000
1029.866;  497.975;    0.000;    0.000
1030.023;  458.975;    0.000;    0.000
1030.180;  531.975;    0.000;    0.000
1030.337;  511.975;    0.000;    0.000
1030.494;  490.975;    0.000;    0.000
1030.650;  509.975;    0.000;    0.000
1030.807;  460.975;    0.000;    0.000
1030.964;  468.975;    0.000;    0.000
1031.121;  486.975;    0.000;    0.000
1031.277;  472.975;    0.000;    0.000
1031.434;  477.975;    0.000;    0.000
1031.591;  533.975;    0.000;    0.000
1031.747;  525.975;    0.000;    0.000
1031.904;  500.975;    0.000;    0.000
1032.060;  501.975;    0.000;    0.000
1032.217;  487.975;    0.000;    0.000
1032.373;  509.975;    0.000;    0.000
1032.530;  527.975;    0.000;    0.000
1032.686;  525.975;    0.000;    0.000
1032.843;  491.975;    0.000;    0.000
1032.999;  528.975;    0.000;    0.000
1033.155;  501.975;    0.000;    0.000
1033.312;  532.975;    0.000;    0.000
1033.468;  555.975;    0.000;    0.000
1033.624;  592.975;    0.000;    0.000
1033.780;  547.975;    0.000;    0.000
1033.937;  573.975;    0.000;    0.000
1034.093;  551.975;    0.000;    0.000
1034.249;  554.975;    0.000;    0.000
1034.405;  619.975;    0.000;    0.000
1034.561;  550.975;    0.000;    0.000
1034.717;  585.975;    0.000;    0.000
1034.873;  584.975;    0.000;    0.000
1035.029;  610.975;    0.000;    0.000
1035.185;  592.975;    0.000;    0.000
1035.341;  540.975;    0.000;    0.000
1035.497;  557.975;    0.000;    0.000
1035.653;  639.975;    0.000;    0.000
1035.809;  596.975;    0.000;    0.000
1035.964;  683.975;    0.000;    0.000
1036.120;  611.975;    0.000;    0.000
1036.276;  579.975;    0.000;    0.000
1036.432;  630.975;    0.000;    0.000
1036.587;  605.975;    0.000;    0.000
1036.743;  638.975;    0.000;    0.000
1036.899;  630.975;    0.000;    0.000
1037.054;  612.975;    0.000;    0.000
1037.210;  662.975;    0.000;    0.000
1037.365;  659.975;    0.000;    0.000
1037.521;  678.975;    0.000;    0.000
1037.676;  648.975;    0.000;    0.000
1037.832;  643.975;    0.000;    0.000
1037.987;  620.975;    0.000;    0.000
1038.143;  622.975;    0.000;    0.000
1038.298;  666.975;    0.000;    0.000
1038.453;  641.975;    0.000;    0.000
1038.609;  636.975;    0.000;    0.000
1038.764;  741.975;    0.000;    0.000
1038.919;  706.975;    0.000;    0.000
1039.074;  642.975;    0.000;    0.000
1039.229;  645.975;    0.000;    0.000
1039.385;  667.975;    0.000;    0.000
1039.540;  649.975;    0.000;    0.000
1039.695;  642.975;    0.000;    0.000
1039.850;  688.975;    0.000;    0.000
1040.005;  695.975;    0.000;    0.000
1040.160;  760.975;    0.000;    0.000
1040.315;  709.975;    0.000;    0.000
1040.470;  692.975;    0.000;    0.000
1040.625;  641.975;    0.000;    0.000
1040.780;  696.975;    0.000;    0.000
1040.935;  731.975;    0.000;    0.000
1041.089;  711.975;    0.000;    0.000
1041.244;  669.975;    0.000;    0.000
1041.399;  775.975;    0.000;    0.000
1041.554;  795.975;    0.000;    0.000
1041.708;  836.975;    0.000;    0.000
1041.863;  776.975;    0.000;    0.000
1042.018;  875.975;    0.000;    0.000
1042.172;  846.975;    0.000;    0.000
1042.327;  842.975;    0.000;    0.000
1042.481;  747.975;    0.000;    0.000
1042.636;  785.975;    0.000;    0.000
1042.791;  760.975;    0.000;    0.000
1042.945;  850.975;    0.000;    0.000
1043.099;  962.975;    0.000;    0.000
1043.254;  878.975;    0.000;    0.000
1043.408;  975.975;    0.000;    0.000
1043.563; 1015.975;    0.000;    0.000
1043.717; 1048.975;    0.000;    0.000
1043.871;  886.975;    0.000;    0.000
1044.025;  940.975;    0.000;    0.000
1044.180;  880.975;    0.000;    0.000
1044.334;  930.975;    0.000;    0.000
1044.488;  895.975;    0.000;    0.000
1044.642;  872.975;    0.000;    0.000
1044.796;  981.975;    0.000;    0.000
1044.950; 1061.975;    0.000;    0.000
1045.104; 1108.975;    0.000;    0.000
1045.258; 1098.975;    0.000;    0.000
1045.412; 1109.975;    0.000;    0.000
1045.566; 1127.975;    0.000;    0.000
1045.720; 1063.975;    0.000;    0.000
1045.874; 1013.975;    0.000;    0.000
1046.028;  998.975;    0.000;    0.000
1046.182;  847.975;    0.000;    0.000
1046.336;  904.975;    0.000;    0.000
1046.489;  942.975;    0.000;    0.000
1046.643; 1027.975;    0.000;    0.000
1046.797; 1020.975;    0.000;    0.000
1046.951; 1144.975;    0.000;    0.000
1047.104; 1251.975;    0.000;    0.000
1047.258; 1172.975;    0.000;    0.000
1047.411; 1250.975;    0.000;    0.000
1047.565; 1281.975;    0.000;    0.000
1047.719; 1305.975;    0.000;    0.000
1047.872; 1226.975;    0.000;    0.000
1048.026; 1145.975;    0.000;    0.000
1048.179; 1138.975;    0.000;    0.000
1048.332; 1059.975;    0.000;    0.000
1048.486; 1157.975;    0.000;    0.000
1048.639; 1074.975;    0.000;    0.000
1048.792; 1197.975;    0.000;    0.000
1048.946; 1202.975;    0.000;    0.000
1049.099; 1288.975;    0.000;    0.000
1049.252; 1321.975;    0.000;    0.000
1049.406; 1288.975;    0.000;    0.000
1049.559; 1353.975;    0.000;    0.000
1049.712; 1436.975;    0.000;    0.000
1049.865; 1557.975;    0.000;    0.000
1050.018; 1541.975;    0.000;    0.000
1050.171; 1393.975;    0.000;    0.000
1050.324; 1323.975;    0.000;    0.000
1050.477; 1377.975;    0.000;    0.000
1050.630; 1425.975;    0.000;    0.000
1050.783; 1595.975;    0.000;    0.000
1050.936; 1515.975;    0.000;    0.000
1051.089; 1420.975;    0.000;    0.000
1051.242; 1445.975;    0.000;    0.000
1051.394; 1505.975;    0.000;    0.000
1051.547; 1590.975;    0.000;    0.000
1051.700; 1708.975;    0.000;    0.000
1051.853; 1673.975;    0.000;    0.000
1052.005; 1657.975;    0.000;    0.000
1052.158; 1747.975;    0.000;    0.000
1052.311; 1786.975;    0.000;    0.000
1052.463; 1815.975;    0.000;    0.000
1052.616; 1697.975;    0.000;    0.000
1052.768; 1651.975;    0.000;    0.000
1052.921; 1624.975;    0.000;    0.000
1053.073; 1636.975;    0.000;    0.000
1053.226; 1708.975;    0.000;    0.000
1053.378; 1985.975;    0.000;    0.000
1053.531; 2112.975;    0.000;    0.000
1053.683; 2143.975;    0.000;    0.000
1053.835; 1897.975;    0.000;    0.000
1053.988; 1533.975;    0.000;    0.000
1054.140;  517.975;    0.000;    0.000
1054.292;  351.975;    0.000;    0.000
1054.444;  316.975;    0.000;    0.000
1054.596;  315.975;    0.000;    0.000
1054.749;  307.975;    0.000;    0.000
1054.901;  323.975;    0.000;    0.000
1055.053;  328.975;    0.000;    0.000
1055.205;  293.975;    0.000;    0.000
1055.357;  330.975;    0.000;    0.000
1055.509;  286.975;    0.000;    0.000
1055.661;  326.975;    0.000;    0.000
1055.813;  315.975;    0.000;    0.000
1055.965;  307.975;    0.000;    0.000
1056.116;  332.975;    0.000;    0.000
1056.268;  338.975;    0.000;    0.000
1056.420;  320.975;    0.000;    0.000

