
Integration time [ms]:   0.300
Averaging Nr. [scans]: 1
Smoothing Nr. [pixels]: 0
Data measured with spectrometer [name]: NIR
Wave   ;Sample   ;Dark     ;Reference
[nm]   ;[counts] ;[counts] ;[counts] 

691.496;  -38.875;  102.875;    0.000
691.696;   51.125;  181.875;    0.000
691.896;  -47.875;  138.875;    0.000
692.096;   49.125;  182.875;    0.000
692.296;  -48.875;  145.875;    0.000
692.496;   18.125;  154.875;    0.000
692.695;  -50.875;  108.875;    0.000
692.895;   11.125;  176.875;    0.000
693.095;  -37.875;  138.875;    0.000
693.295;   41.125;  192.875;    0.000
693.495;   10.125;  170.875;    0.000
693.695;    8.125;  147.875;    0.000
693.894;  -12.875;  191.875;    0.000
694.094;   12.125;  148.875;    0.000
694.294;  -21.875;  147.875;    0.000
694.494;  386.125;  140.875;    0.000
694.693; 3715.125;  137.875;    0.000
694.893; 3989.125;  141.875;    0.000
695.093; 3979.125;  105.875;    0.000
695.293; 4048.125;  115.875;    0.000
695.492; 4054.125;   81.875;    0.000
695.692; 4149.125;  162.875;    0.000
695.891; 4058.125;  162.875;    0.000
696.091; 4141.125;  166.875;    0.000
696.291; 4217.125;  143.875;    0.000
696.490; 4166.125;  170.875;    0.000
696.690; 4262.125;  142.875;    0.000
696.889; 4228.125;  186.875;    0.000
697.089; 4274.125;  120.875;    0.000
697.288; 4250.125;  215.875;    0.000
697.488; 4226.125;  178.875;    0.000
697.687; 4274.125;  170.875;    0.000
697.887; 4199.125;  140.875;    0.000
698.086; 4292.125;  131.875;    0.000
698.286; 4228.125;  117.875;    0.000
698.485; 4256.125;  136.875;    0.000
698.684; 4376.125;  126.875;    0.000
698.884; 4267.125;  161.875;    0.000
699.083; 4237.125;   95.875;    0.000
699.282; 4273.125;  120.875;    0.000
699.482; 4283.125;  131.875;    0.000
699.681; 4265.125;  168.875;    0.000
699.880; 4357.125;  154.875;    0.000
700.080; 4516.125;  149.875;    0.000
700.279; 4308.125;   99.875;    0.000
700.478; 4305.125;  157.875;    0.000
700.677; 4386.125;  111.875;    0.000
700.877; 4334.125;  126.875;    0.000
701.076; 4433.125;  142.875;    0.000
701.275; 4251.125;  107.875;    0.000
701.474; 4398.125;   72.875;    0.000
701.673; 4370.125;   87.875;    0.000
701.872; 4480.125;  170.875;    0.000
702.071; 4466.125;  136.875;    0.000
702.271; 4423.125;  121.875;    0.000
702.470; 4436.125;  139.875;    0.000
702.669; 4440.125;  121.875;    0.000
702.868; 4417.125;  146.875;    0.000
703.067; 4510.125;  159.875;    0.000
703.266; 4397.125;  122.875;    0.000
703.465; 4587.125;  121.875;    0.000
703.664; 4551.125;  144.875;    0.000
703.863; 4450.125;  140.875;    0.000
704.062; 4522.125;  109.875;    0.000
704.260; 4618.125;  164.875;    0.000
704.459; 4593.125;  124.875;    0.000
704.658; 4555.125;  109.875;    0.000
704.857; 4606.125;  149.875;    0.000
705.056; 4608.125;  112.875;    0.000
705.255; 4568.125;   95.875;    0.000
705.454; 4586.125;  105.875;    0.000
705.652; 4615.125;  134.875;    0.000
705.851; 4602.125;   92.875;    0.000
706.050; 4601.125;  127.875;    0.000
706.249; 4613.125;  111.875;    0.000
706.447; 4562.125;   98.875;    0.000
706.646; 4651.125;  108.875;    0.000
706.845; 4474.125;   95.875;    0.000
707.043; 4572.125;   95.875;    0.000
707.242; 4624.125;   97.875;    0.000
707.441; 4744.125;  142.875;    0.000
707.639; 4711.125;  121.875;    0.000
707.838; 4628.125;  141.875;    0.000
708.037; 4715.125;  125.875;    0.000
708.235; 4637.125;  100.875;    0.000
708.434; 4667.125;  106.875;    0.000
708.632; 4707.125;   86.875;    0.000
708.831; 4741.125;  138.875;    0.000
709.029; 4771.125;   86.875;    0.000
709.228; 4666.125;  103.875;    0.000
709.426; 4763.125;  146.875;    0.000
709.625; 4765.125;  136.875;    0.000
709.823; 4698.125;  114.875;    0.000
710.022; 4733.125;  144.875;    0.000
710.220; 4840.125;  109.875;    0.000
710.418; 4837.125;  116.875;    0.000
710.617; 4892.125;   67.875;    0.000
710.815; 4842.125;  104.875;    0.000
711.013; 4808.125;  109.875;    0.000
711.212; 4853.125;  106.875;    0.000
711.410; 4888.125;   95.875;    0.000
711.608; 4817.125;  155.875;    0.000
711.807; 4856.125;  103.875;    0.000
712.005; 4841.125;  104.875;    0.000
712.203; 4938.125;   94.875;    0.000
712.401; 4913.125;  125.875;    0.000
712.599; 5120.125;  127.875;    0.000
712.798; 4985.125;  141.875;    0.000
712.996; 4994.125;   85.875;    0.000
713.194; 4994.125;   96.875;    0.000
713.392; 4978.125;   54.875;    0.000
713.590; 4995.125;  123.875;    0.000
713.788; 5064.125;  130.875;    0.000
713.986; 5136.125;  104.875;    0.000
714.184; 5178.125;   91.875;    0.000
714.382; 5080.125;  120.875;    0.000
714.580; 5071.125;   71.875;    0.000
714.778; 5221.125;   92.875;    0.000
714.976; 5195.125;  129.875;    0.000
715.174; 5200.125;   99.875;    0.000
715.372; 5351.125;  119.875;    0.000
715.570; 5371.125;   95.875;    0.000
715.768; 5704.125;  113.875;    0.000
715.966; 5699.125;   64.875;    0.000
716.164; 5687.125;  135.875;    0.000
716.362; 5519.125;  125.875;    0.000
716.560; 5565.125;  135.875;    0.000
716.758; 5595.125;   84.875;    0.000
716.955; 5435.125;  109.875;    0.000
717.153; 5441.125;   73.875;    0.000
717.351; 5441.125;  110.875;    0.000
717.549; 5440.125;  149.875;    0.000
717.746; 5525.125;  121.875;    0.000
717.944; 5523.125;  128.875;    0.000
718.142; 5536.125;  124.875;    0.000
718.340; 5492.125;   96.875;    0.000
718.537; 5543.125;  138.875;    0.000
718.735; 5570.125;  144.875;    0.000
718.933; 5537.125;   97.875;    0.000
719.130; 5405.125;  109.875;    0.000
719.328; 5469.125;  123.875;    0.000
719.525; 5601.125;  118.875;    0.000
719.723; 5468.125;  117.875;    0.000
719.920; 5490.125;   72.875;    0.000
720.118; 5542.125;   92.875;    0.000
720.316; 5526.125;  141.875;    0.000
720.513; 5546.125;   98.875;    0.000
720.711; 5537.125;  146.875;    0.000
720.908; 5556.125;  113.875;    0.000
721.105; 5594.125;  157.875;    0.000
721.303; 5490.125;  106.875;    0.000
721.500; 5566.125;   88.875;    0.000
721.698; 5604.125;   88.875;    0.000
721.895; 5581.125;   94.875;    0.000
722.092; 5602.125;   82.875;    0.000
722.290; 5576.125;  136.875;    0.000
722.487; 5654.125;   67.875;    0.000
722.684; 5623.125;  115.875;    0.000
722.882; 5662.125;  104.875;    0.000
723.079; 5660.125;  122.875;    0.000
723.276; 5579.125;   91.875;    0.000
723.473; 5480.125;   89.875;    0.000
723.671; 5501.125;   97.875;    0.000
723.868; 5654.125;  117.875;    0.000
724.065; 5687.125;  102.875;    0.000
724.262; 5589.125;  137.875;    0.000
724.459; 5589.125;   48.875;    0.000
724.656; 5800.125;  122.875;    0.000
724.854; 5538.125;   96.875;    0.000
725.051; 5589.125;  120.875;    0.000
725.248; 5708.125;  146.875;    0.000
725.445; 5650.125;  117.875;    0.000
725.642; 5717.125;  106.875;    0.000
725.839; 5684.125;  143.875;    0.000
726.036; 5656.125;   79.875;    0.000
726.233; 5801.125;   90.875;    0.000
726.430; 5726.125;  124.875;    0.000
726.627; 5822.125;   98.875;    0.000
726.824; 5769.125;   91.875;    0.000
727.021; 5767.125;  131.875;    0.000
727.218; 5736.125;  110.875;    0.000
727.414; 5872.125;   83.875;    0.000
727.611; 5830.125;   86.875;    0.000
727.808; 5736.125;  131.875;    0.000
728.005; 5831.125;  105.875;    0.000
728.202; 5775.125;  128.875;    0.000
728.399; 5769.125;  113.875;    0.000
728.595; 5718.125;  102.875;    0.000
728.792; 5841.125;   91.875;    0.000
728.989; 5857.125;  122.875;    0.000
729.186; 5725.125;  103.875;    0.000
729.382; 5818.125;  106.875;    0.000
729.579; 5710.125;  114.875;    0.000
729.776; 5778.125;  115.875;    0.000
729.972; 5894.125;  108.875;    0.000
730.169; 5898.125;  111.875;    0.000
730.366; 5820.125;  100.875;    0.000
730.562; 5842.125;   86.875;    0.000
730.759; 5936.125;   93.875;    0.000
730.955; 5920.125;  127.875;    0.000
731.152; 5802.125;   99.875;    0.000
731.348; 5999.125;   97.875;    0.000
731.545; 5860.125;   98.875;    0.000
731.741; 5907.125;  130.875;    0.000
731.938; 5919.125;  115.875;    0.000
732.134; 5966.125;  107.875;    0.000
732.331; 5953.125;   80.875;    0.000
732.527; 5955.125;  108.875;    0.000
732.724; 5907.125;  104.875;    0.000
732.920; 6019.125;  109.875;    0.000
733.116; 6008.125;  117.875;    0.000
733.313; 6122.125;   81.875;    0.000
733.509; 5905.125;   87.875;    0.000
733.705; 5893.125;  143.875;    0.000
733.902; 6017.125;   74.875;    0.000
734.098; 5957.125;   90.875;    0.000
734.294; 6014.125;  104.875;    0.000
734.490; 5938.125;  139.875;    0.000
734.687; 6056.125;  113.875;    0.000
734.883; 5930.125;   72.875;    0.000
735.079; 6016.125;  100.875;    0.000
735.275; 6038.125;  113.875;    0.000
735.471; 6030.125;   55.875;    0.000
735.667; 6001.125;  106.875;    0.000
735.863; 6030.125;  131.875;    0.000
736.060; 6083.125;  127.875;    0.000
736.256; 6090.125;   76.875;    0.000
736.452; 6132.125;  127.875;    0.000
736.648; 6200.125;  136.875;    0.000
736.844; 6194.125;  113.875;    0.000
737.040; 6143.125;  125.875;    0.000
737.236; 6168.125;   99.875;    0.000
737.432; 6113.125;   75.875;    0.000
737.628; 6127.125;  155.875;    0.000
737.824; 6140.125;  116.875;    0.000
738.019; 6211.125;   92.875;    0.000
738.215; 6229.125;  113.875;    0.000
738.411; 6158.125;  135.875;    0.000
738.607; 6297.125;   53.875;    0.000
738.803; 6145.125;   79.875;    0.000
738.999; 6331.125;  117.875;    0.000
739.195; 6258.125;  106.875;    0.000
739.390; 6352.125;  125.875;    0.000
739.586; 6308.125;  102.875;    0.000
739.782; 6462.125;  125.875;    0.000
739.978; 6495.125;  124.875;    0.000
740.173; 6374.125;   96.875;    0.000
740.369; 6395.125;  118.875;    0.000
740.565; 6385.125;  128.875;    0.000
740.760; 6468.125;  118.875;    0.000
740.956; 6365.125;  109.875;    0.000
741.152; 6422.125;  151.875;    0.000
741.347; 6453.125;  112.875;    0.000
741.543; 6530.125;  113.875;    0.000
741.738; 6653.125;  128.875;    0.000
741.934; 6814.125;  144.875;    0.000
742.129; 6770.125;  105.875;    0.000
742.325; 7100.125;  137.875;    0.000
742.520; 7536.125;  128.875;    0.000
742.716; 7548.125;  121.875;    0.000
742.911; 7056.125;   75.875;    0.000
743.107; 7174.125;  100.875;    0.000
743.302; 7071.125;   72.875;    0.000
743.498; 7209.125;  137.875;    0.000
743.693; 7123.125;  124.875;    0.000
743.888; 7317.125;  121.875;    0.000
744.084; 7902.125;   93.875;    0.000
744.279; 8657.125;   75.875;    0.000
744.474; 8760.125;  136.875;    0.000
744.670; 8271.125;  109.875;    0.000
744.865; 7968.125;  142.875;    0.000
745.060; 7764.125;   84.875;    0.000
745.255; 7684.125;  149.875;    0.000
745.451; 7553.125;  101.875;    0.000
745.646; 7463.125;  132.875;    0.000
745.841; 7461.125;  126.875;    0.000
746.036; 7413.125;  125.875;    0.000
746.231; 7585.125;  150.875;    0.000
746.426; 7882.125;  118.875;    0.000
746.622; 8267.125;  135.875;    0.000
746.817; 9252.125;  122.875;    0.000
747.012;10124.125;  134.875;    0.000
747.207; 9790.125;  124.875;    0.000
747.402; 9180.125;  122.875;    0.000
747.597; 8853.125;   95.875;    0.000
747.792; 8563.125;  168.875;    0.000
747.987; 8371.125;  110.875;    0.000
748.182; 8180.125;  119.875;    0.000
748.377; 8049.125;   70.875;    0.000
748.572; 7916.125;  113.875;    0.000
748.767; 7791.125;  123.875;    0.000
748.961; 7515.125;  110.875;    0.000
749.156; 7451.125;  135.875;    0.000
749.351; 7474.125;   98.875;    0.000
749.546; 7301.125;  126.875;    0.000
749.741; 7423.125;  129.875;    0.000
749.936; 7365.125;   86.875;    0.000
750.130; 7315.125;   97.875;    0.000
750.325; 7194.125;  110.875;    0.000
750.520; 7164.125;  120.875;    0.000
750.715; 7237.125;  122.875;    0.000
750.909; 7136.125;  120.875;    0.000
751.104; 7023.125;  118.875;    0.000
751.299; 7076.125;  122.875;    0.000
751.493; 6931.125;  129.875;    0.000
751.688; 7122.125;  138.875;    0.000
751.882; 7171.125;   87.875;    0.000
752.077; 7059.125;  142.875;    0.000
752.272; 7089.125;  110.875;    0.000
752.466; 7043.125;  154.875;    0.000
752.661; 6924.125;   96.875;    0.000
752.855; 6845.125;   93.875;    0.000
753.050; 6881.125;  122.875;    0.000
753.244; 6928.125;  110.875;    0.000
753.439; 6781.125;  116.875;    0.000
753.633; 6907.125;  131.875;    0.000
753.828; 6884.125;  130.875;    0.000
754.022; 6962.125;   96.875;    0.000
754.216; 6853.125;  114.875;    0.000
754.411; 6840.125;  145.875;    0.000
754.605; 6663.125;   65.875;    0.000
754.799; 6771.125;  116.875;    0.000
754.994; 6860.125;  117.875;    0.000
755.188; 6832.125;  124.875;    0.000
755.382; 6749.125;   80.875;    0.000
755.576; 6803.125;   90.875;    0.000
755.771; 6877.125;  115.875;    0.000
755.965; 6863.125;  106.875;    0.000
756.159; 6901.125;   87.875;    0.000
756.353; 6834.125;  125.875;    0.000
756.547; 6833.125;  146.875;    0.000
756.742; 6830.125;  111.875;    0.000
756.936; 6573.125;  108.875;    0.000
757.130; 6850.125;  101.875;    0.000
757.324; 6764.125;  114.875;    0.000
757.518; 6526.125;  136.875;    0.000
757.712; 6806.125;  123.875;    0.000
757.906; 6848.125;  115.875;    0.000
758.100; 6814.125;  186.875;    0.000
758.294; 6857.125;  118.875;    0.000
758.488; 6904.125;  167.875;    0.000
758.682; 6674.125;  137.875;    0.000
758.876; 6675.125;  135.875;    0.000
759.070; 6740.125;  132.875;    0.000
759.264; 6634.125;  118.875;    0.000
759.458; 6721.125;  111.875;    0.000
759.651; 6688.125;  142.875;    0.000
759.845; 6809.125;  105.875;    0.000
760.039; 6703.125;   73.875;    0.000
760.233; 6756.125;  156.875;    0.000
760.427; 6684.125;  119.875;    0.000
760.620; 6789.125;  136.875;    0.000
760.814; 6740.125;  126.875;    0.000
761.008; 6869.125;  126.875;    0.000
761.202; 6877.125;  123.875;    0.000
761.395; 6705.125;  141.875;    0.000
761.589; 6860.125;  107.875;    0.000
761.783; 6889.125;  122.875;    0.000
761.976; 6746.125;  120.875;    0.000
762.170; 6674.125;  147.875;    0.000
762.363; 6746.125;  144.875;    0.000
762.557; 6789.125;  119.875;    0.000
762.750; 6682.125;  118.875;    0.000
762.944; 6834.125;  145.875;    0.000
763.138; 6896.125;  123.875;    0.000
763.331; 6750.125;  129.875;    0.000
763.524; 6874.125;  109.875;    0.000
763.718; 7020.125;  150.875;    0.000
763.911; 6846.125;  140.875;    0.000
764.105; 6761.125;   97.875;    0.000
764.298; 6808.125;  128.875;    0.000
764.492; 6886.125;  132.875;    0.000
764.685; 6955.125;   92.875;    0.000
764.878; 6880.125;  111.875;    0.000
765.072; 6946.125;  116.875;    0.000
765.265; 6855.125;  135.875;    0.000
765.458; 6910.125;   69.875;    0.000
765.651; 7019.125;  145.875;    0.000
765.845; 6975.125;   95.875;    0.000
766.038; 7106.125;  147.875;    0.000
766.231; 7849.125;  119.875;    0.000
766.424;11024.125;  126.875;    0.000
766.617;11365.125;   92.875;    0.000
766.811; 7665.125;  109.875;    0.000
767.004; 7234.125;  107.875;    0.000
767.197; 7174.125;  171.875;    0.000
767.390; 7099.125;  114.875;    0.000
767.583; 6990.125;  109.875;    0.000
767.776; 7026.125;  130.875;    0.000
767.969; 7034.125;  103.875;    0.000
768.162; 7010.125;  139.875;    0.000
768.355; 7001.125;  142.875;    0.000
768.548; 7174.125;  140.875;    0.000
768.741; 6978.125;   82.875;    0.000
768.934; 7184.125;  107.875;    0.000
769.127; 7166.125;  121.875;    0.000
769.320; 7118.125;  106.875;    0.000
769.513; 7330.125;  145.875;    0.000
769.706; 8144.125;  120.875;    0.000
769.898;10951.125;  135.875;    0.000
770.091; 9078.125;  146.875;    0.000
770.284; 7442.125;  108.875;    0.000
770.477; 7152.125;  148.875;    0.000
770.670; 7285.125;  163.875;    0.000
770.862; 7337.125;   97.875;    0.000
771.055; 7302.125;  116.875;    0.000
771.248; 7352.125;  143.875;    0.000
771.441; 7441.125;  125.875;    0.000
771.633; 7456.125;  125.875;    0.000
771.826; 7418.125;  132.875;    0.000
772.018; 7486.125;  123.875;    0.000
772.211; 7583.125;  143.875;    0.000
772.404; 7606.125;  144.875;    0.000
772.596; 7689.125;  130.875;    0.000
772.789; 7742.125;  109.875;    0.000
772.981; 7758.125;  151.875;    0.000
773.174; 7731.125;  119.875;    0.000
773.366; 7834.125;  179.875;    0.000
773.559; 7818.125;  106.875;    0.000
773.751; 7868.125;  120.875;    0.000
773.944; 8020.125;  159.875;    0.000
774.136; 8163.125;  131.875;    0.000
774.329; 8286.125;  141.875;    0.000
774.521; 8248.125;  114.875;    0.000
774.713; 8485.125;  169.875;    0.000
774.906; 8637.125;  151.875;    0.000
775.098; 8885.125;   99.875;    0.000
775.290; 8996.125;  166.875;    0.000
775.483; 9455.125;  146.875;    0.000
775.675; 9742.125;  106.875;    0.000
775.867;10096.125;   91.875;    0.000
776.059;10676.125;  137.875;    0.000
776.251;11149.125;  124.875;    0.000
776.444;12253.125;  168.875;    0.000
776.636;13426.125;  138.875;    0.000
776.828;16017.125;  155.875;    0.000
777.020;20243.125;  160.875;    0.000
777.212;26882.125;  153.875;    0.000
777.404;29856.125;  135.875;    0.000
777.596;28250.125;  144.875;    0.000
777.788;22946.125;  127.875;    0.000
777.980;18861.125;  141.875;    0.000
778.172;16128.125;  138.875;    0.000
778.364;14459.125;  143.875;    0.000
778.556;13372.125;  123.875;    0.000
778.748;12474.125;  103.875;    0.000
778.940;11612.125;  176.875;    0.000
779.132;11025.125;  144.875;    0.000
779.324;10439.125;   75.875;    0.000
779.516; 9959.125;  117.875;    0.000
779.708; 9628.125;  151.875;    0.000
779.900; 9357.125;  127.875;    0.000
780.091; 8970.125;  155.875;    0.000
780.283; 8773.125;  157.875;    0.000
780.475; 8613.125;  140.875;    0.000
780.667; 8523.125;  141.875;    0.000
780.859; 8248.125;  113.875;    0.000
781.050; 8214.125;  153.875;    0.000
781.242; 8088.125;  118.875;    0.000
781.434; 8022.125;  121.875;    0.000
781.625; 7915.125;  146.875;    0.000
781.817; 7955.125;  154.875;    0.000
782.008; 7730.125;  144.875;    0.000
782.200; 7615.125;  152.875;    0.000
782.392; 7636.125;  160.875;    0.000
782.583; 7439.125;  122.875;    0.000
782.775; 7451.125;  144.875;    0.000
782.966; 7532.125;  143.875;    0.000
783.158; 7229.125;  125.875;    0.000
783.349; 7243.125;  173.875;    0.000
783.541; 7271.125;  166.875;    0.000
783.732; 7061.125;  163.875;    0.000
783.924; 7279.125;  157.875;    0.000
784.115; 7060.125;  158.875;    0.000
784.306; 7211.125;  160.875;    0.000
784.498; 7059.125;  132.875;    0.000
784.689; 7030.125;  181.875;    0.000
784.880; 6923.125;  156.875;    0.000
785.072; 6863.125;  134.875;    0.000
785.263; 6937.125;  155.875;    0.000
785.454; 6949.125;  141.875;    0.000
785.645; 6788.125;  114.875;    0.000
785.837; 6875.125;  137.875;    0.000
786.028; 6857.125;  158.875;    0.000
786.219; 6806.125;  135.875;    0.000
786.410; 6898.125;  152.875;    0.000
786.601; 6745.125;  132.875;    0.000
786.792; 6863.125;  152.875;    0.000
786.984; 6722.125;  162.875;    0.000
787.175; 6774.125;   97.875;    0.000
787.366; 6720.125;  129.875;    0.000
787.557; 6966.125;  135.875;    0.000
787.748; 6717.125;  127.875;    0.000
787.939; 6614.125;  152.875;    0.000
788.130; 6802.125;  182.875;    0.000
788.321; 6717.125;  130.875;    0.000
788.512; 6796.125;  161.875;    0.000
788.703; 6794.125;  127.875;    0.000
788.894; 6844.125;  121.875;    0.000
789.084; 6770.125;  134.875;    0.000
789.275; 6838.125;  108.875;    0.000
789.466; 6913.125;  152.875;    0.000
789.657; 6816.125;  115.875;    0.000
789.848; 6865.125;  150.875;    0.000
790.039; 6868.125;  132.875;    0.000
790.229; 6674.125;  169.875;    0.000
790.420; 6952.125;  159.875;    0.000
790.611; 6919.125;  123.875;    0.000
790.801; 6802.125;  144.875;    0.000
790.992; 6915.125;  177.875;    0.000
791.183; 6786.125;  128.875;    0.000
791.373; 6837.125;  123.875;    0.000
791.564; 6765.125;  131.875;    0.000
791.755; 6778.125;  103.875;    0.000
791.945; 6709.125;  104.875;    0.000
792.136; 6552.125;  115.875;    0.000
792.326; 6710.125;   99.875;    0.000
792.517; 6722.125;  139.875;    0.000
792.707; 6896.125;  155.875;    0.000
792.898; 6790.125;  139.875;    0.000
793.088; 6755.125;  153.875;    0.000
793.279; 6864.125;  137.875;    0.000
793.469; 6730.125;  109.875;    0.000
793.660; 6999.125;  119.875;    0.000
793.850; 7124.125;  119.875;    0.000
794.040; 6925.125;  132.875;    0.000
794.231; 7319.125;  122.875;    0.000
794.421; 7428.125;  124.875;    0.000
794.611; 7955.125;  151.875;    0.000
794.802; 8521.125;  121.875;    0.000
794.992; 9046.125;  139.875;    0.000
795.182; 8913.125;  132.875;    0.000
795.372; 8595.125;  149.875;    0.000
795.563; 8117.125;  153.875;    0.000
795.753; 7776.125;  120.875;    0.000
795.943; 7666.125;  121.875;    0.000
796.133; 7338.125;   97.875;    0.000
796.323; 7203.125;  122.875;    0.000
796.513; 7014.125;  142.875;    0.000
796.703; 6977.125;  125.875;    0.000
796.893; 6926.125;  126.875;    0.000
797.083; 6802.125;  150.875;    0.000
797.273; 6815.125;  108.875;    0.000
797.463; 6566.125;  156.875;    0.000
797.653; 6562.125;   80.875;    0.000
797.843; 6574.125;   88.875;    0.000
798.033; 6478.125;   96.875;    0.000
798.223; 6501.125;  159.875;    0.000
798.413; 6366.125;  155.875;    0.000
798.603; 6354.125;  125.875;    0.000
798.793; 6200.125;  141.875;    0.000
798.983; 6220.125;  113.875;    0.000
799.172; 6368.125;   85.875;    0.000
799.362; 6172.125;  141.875;    0.000
799.552; 6180.125;  122.875;    0.000
799.742; 6001.125;  124.875;    0.000
799.932; 6167.125;  102.875;    0.000
800.121; 6147.125;  146.875;    0.000
800.311; 5893.125;  122.875;    0.000
800.501; 6185.125;  120.875;    0.000
800.690; 6110.125;  141.875;    0.000
800.880; 6121.125;  146.875;    0.000
801.070; 5915.125;  122.875;    0.000
801.259; 5994.125;  138.875;    0.000
801.449; 5952.125;  115.875;    0.000
801.638; 5990.125;  132.875;    0.000
801.828; 5942.125;   92.875;    0.000
802.017; 5879.125;  150.875;    0.000
802.207; 5894.125;  134.875;    0.000
802.396; 5933.125;  133.875;    0.000
802.586; 5782.125;  117.875;    0.000
802.775; 5942.125;  155.875;    0.000
802.965; 5851.125;  132.875;    0.000
803.154; 5916.125;  176.875;    0.000
803.343; 5796.125;  106.875;    0.000
803.533; 5718.125;  154.875;    0.000
803.722; 5642.125;   97.875;    0.000
803.911; 5803.125;  107.875;    0.000
804.101; 5781.125;  145.875;    0.000
804.290; 5793.125;  130.875;    0.000
804.479; 5830.125;  152.875;    0.000
804.668; 5720.125;  160.875;    0.000
804.857; 5755.125;  161.875;    0.000
805.047; 5634.125;  126.875;    0.000
805.236; 5712.125;  136.875;    0.000
805.425; 5698.125;  153.875;    0.000
805.614; 5683.125;  139.875;    0.000
805.803; 5691.125;  144.875;    0.000
805.992; 5666.125;  160.875;    0.000
806.181; 5725.125;  139.875;    0.000
806.370; 5658.125;  104.875;    0.000
806.559; 5609.125;  103.875;    0.000
806.748; 5743.125;  145.875;    0.000
806.937; 5598.125;  151.875;    0.000
807.126; 5704.125;  119.875;    0.000
807.315; 5688.125;  139.875;    0.000
807.504; 5656.125;  143.875;    0.000
807.693; 5655.125;  164.875;    0.000
807.882; 5716.125;  135.875;    0.000
808.071; 5765.125;  131.875;    0.000
808.260; 5641.125;  113.875;    0.000
808.448; 5645.125;  161.875;    0.000
808.637; 5799.125;  125.875;    0.000
808.826; 5731.125;  155.875;    0.000
809.015; 5664.125;  113.875;    0.000
809.203; 5814.125;  152.875;    0.000
809.392; 5702.125;   90.875;    0.000
809.581; 5843.125;  186.875;    0.000
809.770; 5843.125;   99.875;    0.000
809.958; 5841.125;  146.875;    0.000
810.147; 5698.125;  115.875;    0.000
810.335; 5932.125;  122.875;    0.000
810.524; 5775.125;  150.875;    0.000
810.713; 5901.125;  121.875;    0.000
810.901; 5852.125;  156.875;    0.000
811.090; 5954.125;  161.875;    0.000
811.278; 5951.125;  138.875;    0.000
811.467; 6057.125;  184.875;    0.000
811.655; 6128.125;  150.875;    0.000
811.844; 5957.125;  137.875;    0.000
812.032; 6126.125;  142.875;    0.000
812.220; 6123.125;  134.875;    0.000
812.409; 6136.125;  143.875;    0.000
812.597; 6123.125;  164.875;    0.000
812.785; 6140.125;  188.875;    0.000
812.974; 6172.125;  156.875;    0.000
813.162; 6143.125;  166.875;    0.000
813.350; 6323.125;  115.875;    0.000
813.539; 6147.125;  167.875;    0.000
813.727; 6305.125;  165.875;    0.000
813.915; 6175.125;  137.875;    0.000
814.103; 6449.125;  166.875;    0.000
814.291; 6395.125;  151.875;    0.000
814.479; 6453.125;  147.875;    0.000
814.668; 6452.125;  166.875;    0.000
814.856; 6677.125;  160.875;    0.000
815.044; 6738.125;  172.875;    0.000
815.232; 6771.125;  193.875;    0.000
815.420; 6844.125;  173.875;    0.000
815.608; 6923.125;  134.875;    0.000
815.796; 6992.125;  105.875;    0.000
815.984; 7212.125;  125.875;    0.000
816.172; 7305.125;  160.875;    0.000
816.360; 7557.125;  162.875;    0.000
816.548; 7723.125;  160.875;    0.000
816.736; 7775.125;  132.875;    0.000
816.924; 8113.125;  184.875;    0.000
817.111; 8518.125;  145.875;    0.000
817.299; 8826.125;  132.875;    0.000
817.487; 9629.125;  193.875;    0.000
817.675;10557.125;  153.875;    0.000
817.863;11908.125;  153.875;    0.000
818.050;14878.125;  172.875;    0.000
818.238;22788.125;  131.875;    0.000
818.426;29724.125;  160.875;    0.000
818.613;22760.125;  136.875;    0.000
818.801;19383.125;  162.875;    0.000
818.989;18660.125;  153.875;    0.000
819.176;20229.125;  181.875;    0.000
819.364;26845.125;  165.875;    0.000
819.552;35123.125;  111.875;    0.000
819.739;27407.125;  192.875;    0.000
819.927;21533.125;  146.875;    0.000
820.114;18774.125;  154.875;    0.000
820.302;16904.125;  144.875;    0.000
820.489;15475.125;  133.875;    0.000
820.677;14265.125;  135.875;    0.000
820.864;13844.125;  130.875;    0.000
821.052;13610.125;   88.875;    0.000
821.239;13251.125;  143.875;    0.000
821.426;13351.125;  186.875;    0.000
821.614;14030.125;  171.875;    0.000
821.801;14565.125;   90.875;    0.000
821.988;13492.125;  143.875;    0.000
822.176;13145.125;   95.875;    0.000
822.363;13063.125;  148.875;    0.000
822.550;12250.125;  139.875;    0.000
822.737;11416.125;  122.875;    0.000
822.924;10885.125;  171.875;    0.000
823.112;10522.125;  147.875;    0.000
823.299;10123.125;  111.875;    0.000
823.486; 9780.125;  161.875;    0.000
823.673; 9489.125;  124.875;    0.000
823.860; 9068.125;  151.875;    0.000
824.047; 9090.125;  145.875;    0.000
824.234; 9571.125;  139.875;    0.000
824.421; 9337.125;  110.875;    0.000
824.608; 8836.125;  145.875;    0.000
824.795; 8365.125;  115.875;    0.000
824.982; 8006.125;  148.875;    0.000
825.169; 7527.125;  135.875;    0.000
825.356; 7544.125;  122.875;    0.000
825.543; 7377.125;  142.875;    0.000
825.730; 7134.125;   89.875;    0.000
825.917; 6968.125;  127.875;    0.000
826.104; 6773.125;  187.875;    0.000
826.290; 6677.125;  138.875;    0.000
826.477; 6380.125;  140.875;    0.000
826.664; 6448.125;  106.875;    0.000
826.851; 6371.125;  155.875;    0.000
827.038; 6260.125;  125.875;    0.000
827.224; 6266.125;  126.875;    0.000
827.411; 6013.125;  163.875;    0.000
827.598; 5947.125;  140.875;    0.000
827.784; 5873.125;  117.875;    0.000
827.971; 5849.125;  114.875;    0.000
828.157; 5748.125;  146.875;    0.000
828.344; 5652.125;  161.875;    0.000
828.531; 5755.125;  155.875;    0.000
828.717; 5572.125;  130.875;    0.000
828.904; 5488.125;  138.875;    0.000
829.090; 5481.125;  176.875;    0.000
829.277; 5373.125;  152.875;    0.000
829.463; 5291.125;  139.875;    0.000
829.650; 5441.125;  168.875;    0.000
829.836; 5215.125;  176.875;    0.000
830.022; 5234.125;  159.875;    0.000
830.209; 5246.125;  135.875;    0.000
830.395; 5169.125;  177.875;    0.000
830.581; 5026.125;  125.875;    0.000
830.768; 5107.125;  155.875;    0.000
830.954; 5056.125;  187.875;    0.000
831.140; 5022.125;  135.875;    0.000
831.327; 4936.125;  158.875;    0.000
831.513; 4924.125;  126.875;    0.000
831.699; 4921.125;  167.875;    0.000
831.885; 4937.125;  165.875;    0.000
832.071; 4854.125;  167.875;    0.000
832.257; 4925.125;  144.875;    0.000
832.444; 4783.125;  158.875;    0.000
832.630; 4724.125;  167.875;    0.000
832.816; 4622.125;  150.875;    0.000
833.002; 4686.125;  157.875;    0.000
833.188; 4688.125;  169.875;    0.000
833.374; 4691.125;  144.875;    0.000
833.560; 4697.125;  179.875;    0.000
833.746; 4522.125;  134.875;    0.000
833.932; 4536.125;  150.875;    0.000
834.118; 4527.125;   98.875;    0.000
834.303; 4449.125;  121.875;    0.000
834.489; 4488.125;  179.875;    0.000
834.675; 4498.125;  136.875;    0.000
834.861; 4475.125;  130.875;    0.000
835.047; 4523.125;  132.875;    0.000
835.233; 4354.125;  104.875;    0.000
835.418; 4441.125;  143.875;    0.000
835.604; 4414.125;  127.875;    0.000
835.790; 4377.125;  138.875;    0.000
835.976; 4219.125;  137.875;    0.000
836.161; 4392.125;  155.875;    0.000
836.347; 4302.125;  101.875;    0.000
836.533; 4336.125;  121.875;    0.000
836.718; 4336.125;  150.875;    0.000
836.904; 4297.125;  168.875;    0.000
837.089; 4351.125;  169.875;    0.000
837.275; 4278.125;  172.875;    0.000
837.460; 4247.125;  140.875;    0.000
837.646; 4297.125;  144.875;    0.000
837.831; 4236.125;  137.875;    0.000
838.017; 4309.125;  176.875;    0.000
838.202; 4224.125;  107.875;    0.000
838.388; 4297.125;  181.875;    0.000
838.573; 4150.125;  151.875;    0.000
838.759; 4327.125;  160.875;    0.000
838.944; 4224.125;  121.875;    0.000
839.129; 4205.125;  145.875;    0.000
839.315; 4226.125;  166.875;    0.000
839.500; 4300.125;  143.875;    0.000
839.685; 4171.125;   93.875;    0.000
839.870; 4317.125;  160.875;    0.000
840.056; 4212.125;  132.875;    0.000
840.241; 4172.125;  154.875;    0.000
840.426; 4265.125;  161.875;    0.000
840.611; 4273.125;  186.875;    0.000
840.796; 4222.125;  135.875;    0.000
840.981; 4257.125;  147.875;    0.000
841.166; 4281.125;  138.875;    0.000
841.352; 4304.125;  156.875;    0.000
841.537; 4236.125;  170.875;    0.000
841.722; 4332.125;  143.875;    0.000
841.907; 4412.125;  143.875;    0.000
842.092; 4344.125;  166.875;    0.000
842.277; 4299.125;  113.875;    0.000
842.461; 4451.125;  126.875;    0.000
842.646; 4421.125;  145.875;    0.000
842.831; 4557.125;  193.875;    0.000
843.016; 4579.125;  162.875;    0.000
843.201; 4529.125;  144.875;    0.000
843.386; 4691.125;  160.875;    0.000
843.571; 4810.125;  136.875;    0.000
843.755; 5080.125;  134.875;    0.000
843.940; 5129.125;  136.875;    0.000
844.125; 5622.125;  169.875;    0.000
844.310; 6189.125;  189.875;    0.000
844.494; 7102.125;  167.875;    0.000
844.679; 8951.125;  184.875;    0.000
844.864; 8868.125;  147.875;    0.000
845.048; 7958.125;  140.875;    0.000
845.233; 7062.125;  178.875;    0.000
845.418; 6428.125;  145.875;    0.000
845.602; 6047.125;  147.875;    0.000
845.787; 5643.125;  147.875;    0.000
845.971; 5222.125;  165.875;    0.000
846.156; 5234.125;  106.875;    0.000
846.340; 5045.125;  168.875;    0.000
846.525; 4921.125;  155.875;    0.000
846.709; 4675.125;  157.875;    0.000
846.893; 4544.125;  166.875;    0.000
847.078; 4434.125;  138.875;    0.000
847.262; 4386.125;  171.875;    0.000
847.447; 4352.125;  135.875;    0.000
847.631; 4239.125;  136.875;    0.000
847.815; 4147.125;  136.875;    0.000
848.000; 4036.125;  126.875;    0.000
848.184; 4182.125;  131.875;    0.000
848.368; 4071.125;  153.875;    0.000
848.552; 3965.125;  137.875;    0.000
848.736; 3983.125;  151.875;    0.000
848.921; 4043.125;  156.875;    0.000
849.105; 4002.125;  153.875;    0.000
849.289; 3807.125;  180.875;    0.000
849.473; 3858.125;  156.875;    0.000
849.657; 3839.125;  157.875;    0.000
849.841; 3707.125;  147.875;    0.000
850.025; 3880.125;  194.875;    0.000
850.209; 3755.125;  147.875;    0.000
850.393; 3724.125;  141.875;    0.000
850.577; 3697.125;  156.875;    0.000
850.761; 3603.125;  157.875;    0.000
850.945; 3731.125;  128.875;    0.000
851.129; 3637.125;  151.875;    0.000
851.313; 3663.125;  180.875;    0.000
851.497; 3606.125;  123.875;    0.000
851.680; 3587.125;  188.875;    0.000
851.864; 3623.125;  177.875;    0.000
852.048; 3690.125;  163.875;    0.000
852.232; 3603.125;  149.875;    0.000
852.416; 3642.125;  187.875;    0.000
852.599; 3619.125;  169.875;    0.000
852.783; 3595.125;  154.875;    0.000
852.967; 3670.125;  191.875;    0.000
853.150; 3569.125;  170.875;    0.000
853.334; 3566.125;  173.875;    0.000
853.518; 3583.125;  186.875;    0.000
853.701; 3595.125;  142.875;    0.000
853.885; 3530.125;  153.875;    0.000
854.068; 3540.125;  132.875;    0.000
854.252; 3490.125;  184.875;    0.000
854.435; 3485.125;  152.875;    0.000
854.619; 3491.125;  152.875;    0.000
854.802; 3534.125;  164.875;    0.000
854.986; 3497.125;  151.875;    0.000
855.169; 3466.125;  153.875;    0.000
855.353; 3470.125;  183.875;    0.000
855.536; 3443.125;  113.875;    0.000
855.719; 3468.125;  181.875;    0.000
855.903; 3502.125;  159.875;    0.000
856.086; 3554.125;  142.875;    0.000
856.269; 3490.125;  171.875;    0.000
856.452; 3555.125;  132.875;    0.000
856.636; 3527.125;  140.875;    0.000
856.819; 3598.125;  165.875;    0.000
857.002; 3654.125;  170.875;    0.000
857.185; 3712.125;  173.875;    0.000
857.368; 3631.125;  129.875;    0.000
857.552; 3647.125;  151.875;    0.000
857.735; 3604.125;  146.875;    0.000
857.918; 3602.125;  114.875;    0.000
858.101; 3521.125;  152.875;    0.000
858.284; 3567.125;  164.875;    0.000
858.467; 3569.125;  147.875;    0.000
858.650; 3737.125;  146.875;    0.000
858.833; 3634.125;  118.875;    0.000
859.016; 3706.125;  161.875;    0.000
859.199; 3731.125;  135.875;    0.000
859.382; 3898.125;  157.875;    0.000
859.564; 4152.125;  124.875;    0.000
859.747; 4108.125;  154.875;    0.000
859.930; 3906.125;  138.875;    0.000
860.113; 3927.125;  153.875;    0.000
860.296; 3876.125;  180.875;    0.000
860.478; 3699.125;  145.875;    0.000
860.661; 3803.125;  160.875;    0.000
860.844; 3734.125;   96.875;    0.000
861.027; 3663.125;  128.875;    0.000
861.209; 3693.125;  127.875;    0.000
861.392; 3631.125;  126.875;    0.000
861.575; 3687.125;  155.875;    0.000
861.757; 3698.125;  141.875;    0.000
861.940; 3779.125;  181.875;    0.000
862.122; 3752.125;  145.875;    0.000
862.305; 3777.125;  124.875;    0.000
862.487; 3869.125;  151.875;    0.000
862.670; 4006.125;  132.875;    0.000
862.852; 4303.125;  112.875;    0.000
863.035; 4861.125;  116.875;    0.000
863.217; 4824.125;  131.875;    0.000
863.400; 4666.125;  145.875;    0.000
863.582; 4344.125;  147.875;    0.000
863.764; 4253.125;  163.875;    0.000
863.947; 4178.125;  129.875;    0.000
864.129; 4121.125;  159.875;    0.000
864.311; 4086.125;  144.875;    0.000
864.493; 4087.125;  141.875;    0.000
864.676; 4026.125;  159.875;    0.000
864.858; 3980.125;  146.875;    0.000
865.040; 3998.125;  163.875;    0.000
865.222; 3836.125;  133.875;    0.000
865.404; 4071.125;  148.875;    0.000
865.587; 4182.125;  177.875;    0.000
865.769; 4109.125;  172.875;    0.000
865.951; 4134.125;  145.875;    0.000
866.133; 4229.125;  168.875;    0.000
866.315; 4109.125;  147.875;    0.000
866.497; 4184.125;  164.875;    0.000
866.679; 4272.125;  143.875;    0.000
866.861; 4320.125;  170.875;    0.000
867.043; 4518.125;  185.875;    0.000
867.225; 4576.125;  149.875;    0.000
867.407; 4971.125;  143.875;    0.000
867.589; 5327.125;  169.875;    0.000
867.770; 6155.125;  166.875;    0.000
867.952; 7442.125;  158.875;    0.000
868.134; 9239.125;  170.875;    0.000
868.316; 9397.125;  157.875;    0.000
868.498; 8979.125;  186.875;    0.000
868.679; 8105.125;  158.875;    0.000
868.861; 7344.125;  180.875;    0.000
869.043; 6435.125;  164.875;    0.000
869.224; 5908.125;  156.875;    0.000
869.406; 5421.125;  176.875;    0.000
869.588; 5230.125;  152.875;    0.000
869.769; 4983.125;  131.875;    0.000
869.951; 4955.125;  203.875;    0.000
870.132; 5029.125;  143.875;    0.000
870.314; 5174.125;  129.875;    0.000
870.495; 5248.125;  175.875;    0.000
870.677; 5091.125;  165.875;    0.000
870.858; 4863.125;  151.875;    0.000
871.040; 5080.125;  155.875;    0.000
871.221; 5474.125;  144.875;    0.000
871.403; 5265.125;  131.875;    0.000
871.584; 5015.125;  174.875;    0.000
871.765; 5117.125;  169.875;    0.000
871.947; 5239.125;  187.875;    0.000
872.128; 4870.125;  181.875;    0.000
872.309; 4496.125;  129.875;    0.000
872.491; 4315.125;  142.875;    0.000
872.672; 4144.125;  158.875;    0.000
872.853; 4095.125;  179.875;    0.000
873.034; 3922.125;  164.875;    0.000
873.215; 3819.125;  168.875;    0.000
873.396; 3695.125;  114.875;    0.000
873.578; 3715.125;  126.875;    0.000
873.759; 3557.125;  177.875;    0.000
873.940; 3460.125;  169.875;    0.000
874.121; 3533.125;  133.875;    0.000
874.302; 3443.125;  164.875;    0.000
874.483; 3401.125;  162.875;    0.000
874.664; 3368.125;  140.875;    0.000
874.845; 3315.125;  124.875;    0.000
875.026; 3314.125;  146.875;    0.000
875.207; 3251.125;  147.875;    0.000
875.388; 3264.125;  174.875;    0.000
875.568; 3189.125;  179.875;    0.000
875.749; 3173.125;  155.875;    0.000
875.930; 3180.125;  166.875;    0.000
876.111; 3011.125;  153.875;    0.000
876.292; 3063.125;  146.875;    0.000
876.472; 3074.125;  167.875;    0.000
876.653; 3056.125;  145.875;    0.000
876.834; 3045.125;  172.875;    0.000
877.015; 3091.125;  184.875;    0.000
877.195; 2921.125;  160.875;    0.000
877.376; 3006.125;  163.875;    0.000
877.556; 3003.125;  164.875;    0.000
877.737; 3096.125;  179.875;    0.000
877.918; 2953.125;  137.875;    0.000
878.098; 3024.125;  117.875;    0.000
878.279; 2936.125;  135.875;    0.000
878.459; 2947.125;  149.875;    0.000
878.640; 2919.125;  171.875;    0.000
878.820; 2990.125;  142.875;    0.000
879.000; 2989.125;  166.875;    0.000
879.181; 2901.125;  177.875;    0.000
879.361; 2861.125;  176.875;    0.000
879.542; 2905.125;  159.875;    0.000
879.722; 2920.125;  122.875;    0.000
879.902; 3018.125;  166.875;    0.000
880.083; 3000.125;  164.875;    0.000
880.263; 2984.125;  139.875;    0.000
880.443; 3308.125;  179.875;    0.000
880.623; 3829.125;  154.875;    0.000
880.803; 4264.125;  160.875;    0.000
880.984; 3815.125;  181.875;    0.000
881.164; 3555.125;  167.875;    0.000
881.344; 3281.125;  141.875;    0.000
881.524; 3222.125;  190.875;    0.000
881.704; 3211.125;  165.875;    0.000
881.884; 3225.125;  144.875;    0.000
882.064; 3229.125;  135.875;    0.000
882.244; 3214.125;  186.875;    0.000
882.424; 3144.125;  150.875;    0.000
882.604; 3081.125;  168.875;    0.000
882.784; 3116.125;  155.875;    0.000
882.964; 3036.125;  137.875;    0.000
883.144; 2956.125;  136.875;    0.000
883.324; 2909.125;  200.875;    0.000
883.504; 2934.125;  203.875;    0.000
883.683; 2863.125;  149.875;    0.000
883.863; 2813.125;  160.875;    0.000
884.043; 2807.125;  161.875;    0.000
884.223; 2758.125;  147.875;    0.000
884.402; 2788.125;  175.875;    0.000
884.582; 2795.125;  188.875;    0.000
884.762; 2866.125;  173.875;    0.000
884.941; 2757.125;  164.875;    0.000
885.121; 2720.125;  147.875;    0.000
885.301; 2767.125;  135.875;    0.000
885.480; 2763.125;  145.875;    0.000
885.660; 2750.125;  144.875;    0.000
885.839; 2762.125;  155.875;    0.000
886.019; 2757.125;  207.875;    0.000
886.198; 2671.125;  165.875;    0.000
886.378; 2679.125;  120.875;    0.000
886.557; 2678.125;  133.875;    0.000
886.737; 2712.125;  119.875;    0.000
886.916; 2678.125;  129.875;    0.000
887.095; 2719.125;  158.875;    0.000
887.275; 2691.125;  169.875;    0.000
887.454; 2588.125;  184.875;    0.000
887.633; 2533.125;  143.875;    0.000
887.813; 2590.125;  154.875;    0.000
887.992; 2699.125;  188.875;    0.000
888.171; 2643.125;  176.875;    0.000
888.350; 2631.125;  161.875;    0.000
888.530; 2582.125;  163.875;    0.000
888.709; 2634.125;  136.875;    0.000
888.888; 2595.125;  177.875;    0.000
889.067; 2605.125;  169.875;    0.000
889.246; 2595.125;  188.875;    0.000
889.425; 2608.125;  187.875;    0.000
889.604; 2628.125;  169.875;    0.000
889.783; 2559.125;  182.875;    0.000
889.962; 2528.125;  112.875;    0.000
890.141; 2567.125;  231.875;    0.000
890.320; 2479.125;  161.875;    0.000
890.499; 2585.125;  164.875;    0.000
890.678; 2641.125;  176.875;    0.000
890.857; 2543.125;  163.875;    0.000
891.036; 2587.125;  161.875;    0.000
891.214; 2497.125;  156.875;    0.000
891.393; 2600.125;  167.875;    0.000
891.572; 2488.125;  163.875;    0.000
891.751; 2571.125;  205.875;    0.000
891.930; 2469.125;  162.875;    0.000
892.108; 2644.125;  153.875;    0.000
892.287; 2563.125;  153.875;    0.000
892.466; 2579.125;  201.875;    0.000
892.644; 2607.125;  158.875;    0.000
892.823; 2506.125;  122.875;    0.000
893.001; 2517.125;  148.875;    0.000
893.180; 2539.125;  142.875;    0.000
893.359; 2561.125;  192.875;    0.000
893.537; 2531.125;  166.875;    0.000
893.716; 2474.125;  144.875;    0.000
893.894; 2574.125;  145.875;    0.000
894.073; 2585.125;  180.875;    0.000
894.251; 2574.125;  165.875;    0.000
894.429; 2479.125;  182.875;    0.000
894.608; 2540.125;  181.875;    0.000
894.786; 2402.125;  180.875;    0.000
894.964; 2508.125;  207.875;    0.000
895.143; 2514.125;  190.875;    0.000
895.321; 2481.125;  206.875;    0.000
895.499; 2501.125;  164.875;    0.000
895.677; 2472.125;  199.875;    0.000
895.856; 2575.125;  203.875;    0.000
896.034; 2514.125;  200.875;    0.000
896.212; 2570.125;  198.875;    0.000
896.390; 2480.125;  161.875;    0.000
896.568; 2493.125;  205.875;    0.000
896.746; 2591.125;  185.875;    0.000
896.924; 2484.125;  179.875;    0.000
897.102; 2558.125;  190.875;    0.000
897.280; 2533.125;  160.875;    0.000
897.458; 2504.125;  196.875;    0.000
897.636; 2507.125;  168.875;    0.000
897.814; 2569.125;  159.875;    0.000
897.992; 2576.125;  216.875;    0.000
898.170; 2518.125;  195.875;    0.000
898.348; 2507.125;  185.875;    0.000
898.526; 2495.125;  199.875;    0.000
898.704; 2494.125;  215.875;    0.000
898.882; 2497.125;  195.875;    0.000
899.059; 2544.125;  197.875;    0.000
899.237; 2577.125;  168.875;    0.000
899.415; 2535.125;  221.875;    0.000
899.593; 2504.125;  171.875;    0.000
899.770; 2508.125;  191.875;    0.000
899.948; 2517.125;  206.875;    0.000
900.125; 2496.125;  175.875;    0.000
900.303; 2541.125;  176.875;    0.000
900.481; 2529.125;  199.875;    0.000
900.658; 2619.125;  217.875;    0.000
900.836; 2570.125;  192.875;    0.000
901.013; 2593.125;  221.875;    0.000
901.191; 2604.125;  203.875;    0.000
901.368; 2670.125;  189.875;    0.000
901.546; 2679.125;  212.875;    0.000
901.723; 2674.125;  189.875;    0.000
901.901; 2602.125;  198.875;    0.000
902.078; 2683.125;  193.875;    0.000
902.255; 2704.125;  176.875;    0.000
902.433; 2649.125;  201.875;    0.000
902.610; 2662.125;  170.875;    0.000
902.787; 2740.125;  164.875;    0.000
902.964; 2721.125;  216.875;    0.000
903.142; 2833.125;  153.875;    0.000
903.319; 2840.125;  204.875;    0.000
903.496; 2802.125;  188.875;    0.000
903.673; 2811.125;  209.875;    0.000
903.850; 2860.125;  173.875;    0.000
904.027; 2894.125;  186.875;    0.000
904.204; 2947.125;  241.875;    0.000
904.381; 3098.125;  187.875;    0.000
904.558; 3313.125;  196.875;    0.000
904.735; 3621.125;  206.875;    0.000
904.912; 3674.125;  228.875;    0.000
905.089; 3617.125;  172.875;    0.000
905.266; 3370.125;  175.875;    0.000
905.443; 3336.125;  239.875;    0.000
905.620; 3216.125;  176.875;    0.000
905.797; 3090.125;  205.875;    0.000
905.974; 3086.125;  187.875;    0.000
906.151; 3048.125;  135.875;    0.000
906.327; 3021.125;  209.875;    0.000
906.504; 3051.125;  145.875;    0.000
906.681; 2942.125;  178.875;    0.000
906.858; 2874.125;  179.875;    0.000
907.034; 2937.125;  221.875;    0.000
907.211; 2778.125;  166.875;    0.000
907.388; 2781.125;  206.875;    0.000
907.564; 2728.125;  150.875;    0.000
907.741; 2782.125;  187.875;    0.000
907.917; 2670.125;  180.875;    0.000
908.094; 2726.125;  206.875;    0.000
908.271; 2716.125;  184.875;    0.000
908.447; 2833.125;  212.875;    0.000
908.623; 2596.125;  193.875;    0.000
908.800; 2698.125;  185.875;    0.000
908.976; 2666.125;  202.875;    0.000
909.153; 2693.125;  175.875;    0.000
909.329; 2564.125;  193.875;    0.000
909.505; 2603.125;  154.875;    0.000
909.682; 2606.125;  188.875;    0.000
909.858; 2488.125;  162.875;    0.000
910.034; 2538.125;  181.875;    0.000
910.211; 2529.125;  142.875;    0.000
910.387; 2507.125;  200.875;    0.000
910.563; 2548.125;  163.875;    0.000
910.739; 2549.125;  156.875;    0.000
910.915; 2504.125;  202.875;    0.000
911.091; 2522.125;  186.875;    0.000
911.268; 2537.125;  167.875;    0.000
911.444; 2623.125;  193.875;    0.000
911.620; 2454.125;  175.875;    0.000
911.796; 2489.125;  168.875;    0.000
911.972; 2548.125;  154.875;    0.000
912.148; 2480.125;  201.875;    0.000
912.324; 2493.125;  146.875;    0.000
912.500; 2652.125;  185.875;    0.000
912.676; 2420.125;  183.875;    0.000
912.851; 2533.125;  204.875;    0.000
913.027; 2483.125;  196.875;    0.000
913.203; 2496.125;  174.875;    0.000
913.379; 2519.125;  210.875;    0.000
913.555; 2441.125;  197.875;    0.000
913.730; 2514.125;  209.875;    0.000
913.906; 2479.125;  169.875;    0.000
914.082; 2593.125;  236.875;    0.000
914.258; 2465.125;  216.875;    0.000
914.433; 2456.125;  212.875;    0.000
914.609; 2470.125;  180.875;    0.000
914.784; 2469.125;  176.875;    0.000
914.960; 2480.125;  227.875;    0.000
915.136; 2386.125;  149.875;    0.000
915.311; 2505.125;  165.875;    0.000
915.487; 2470.125;  167.875;    0.000
915.662; 2542.125;  225.875;    0.000
915.838; 2469.125;  165.875;    0.000
916.013; 2524.125;  188.875;    0.000
916.189; 2478.125;  200.875;    0.000
916.364; 2526.125;  201.875;    0.000
916.539; 2422.125;  240.875;    0.000
916.715; 2410.125;  180.875;    0.000
916.890; 2573.125;  191.875;    0.000
917.065; 2442.125;  211.875;    0.000
917.240; 2532.125;  212.875;    0.000
917.416; 2584.125;  207.875;    0.000
917.591; 2536.125;  189.875;    0.000
917.766; 2494.125;  205.875;    0.000
917.941; 2478.125;  191.875;    0.000
918.116; 2489.125;  195.875;    0.000
918.292; 2481.125;  183.875;    0.000
918.467; 2461.125;  206.875;    0.000
918.642; 2558.125;  190.875;    0.000
918.817; 2566.125;  193.875;    0.000
918.992; 2450.125;  171.875;    0.000
919.167; 2590.125;  191.875;    0.000
919.342; 2440.125;  202.875;    0.000
919.517; 2646.125;  182.875;    0.000
919.692; 2634.125;  190.875;    0.000
919.867; 2660.125;  221.875;    0.000
920.041; 2598.125;  195.875;    0.000
920.216; 2725.125;  226.875;    0.000
920.391; 2684.125;  230.875;    0.000
920.566; 2682.125;  210.875;    0.000
920.741; 2625.125;  204.875;    0.000
920.915; 2830.125;  213.875;    0.000
921.090; 2888.125;  194.875;    0.000
921.265; 3279.125;  234.875;    0.000
921.439; 3564.125;  228.875;    0.000
921.614; 3356.125;  199.875;    0.000
921.789; 3176.125;  194.875;    0.000
921.963; 3031.125;  236.875;    0.000
922.138; 3029.125;  192.875;    0.000
922.312; 2941.125;  203.875;    0.000
922.487; 2913.125;  207.875;    0.000
922.661; 2989.125;  216.875;    0.000
922.836; 3117.125;  199.875;    0.000
923.010; 3278.125;  179.875;    0.000
923.185; 3152.125;  241.875;    0.000
923.359; 2986.125;  199.875;    0.000
923.534; 2958.125;  227.875;    0.000
923.708; 3062.125;  213.875;    0.000
923.882; 3074.125;  203.875;    0.000
924.057; 3065.125;  194.875;    0.000
924.231; 3010.125;  185.875;    0.000
924.405; 2914.125;  223.875;    0.000
924.579; 2918.125;  196.875;    0.000
924.753; 2852.125;  209.875;    0.000
924.928; 2764.125;  202.875;    0.000
925.102; 2796.125;  184.875;    0.000
925.276; 2832.125;  191.875;    0.000
925.450; 2802.125;  199.875;    0.000
925.624; 2781.125;  190.875;    0.000
925.798; 2873.125;  214.875;    0.000
925.972; 2927.125;  193.875;    0.000
926.146; 2959.125;  191.875;    0.000
926.320; 3024.125;  177.875;    0.000
926.494; 3158.125;  190.875;    0.000
926.668; 3246.125;  182.875;    0.000
926.842; 3361.125;  182.875;    0.000
927.016; 3347.125;  235.875;    0.000
927.190; 3329.125;  234.875;    0.000
927.363; 3282.125;  214.875;    0.000
927.537; 3196.125;  198.875;    0.000
927.711; 3166.125;  154.875;    0.000
927.885; 3001.125;  167.875;    0.000
928.058; 3082.125;  210.875;    0.000
928.232; 2990.125;  206.875;    0.000
928.406; 3013.125;  176.875;    0.000
928.579; 2956.125;  182.875;    0.000
928.753; 2936.125;  179.875;    0.000
928.927; 2888.125;  186.875;    0.000
929.100; 2934.125;  188.875;    0.000
929.274; 2784.125;  167.875;    0.000
929.447; 2823.125;  152.875;    0.000
929.621; 2783.125;  195.875;    0.000
929.794; 2739.125;  200.875;    0.000
929.968; 2796.125;  203.875;    0.000
930.141; 2695.125;  237.875;    0.000
930.315; 2611.125;  165.875;    0.000
930.488; 2675.125;  175.875;    0.000
930.661; 2647.125;  173.875;    0.000
930.835; 2607.125;  171.875;    0.000
931.008; 2701.125;  210.875;    0.000
931.181; 2593.125;  206.875;    0.000
931.354; 2573.125;  195.875;    0.000
931.528; 2497.125;  178.875;    0.000
931.701; 2529.125;  179.875;    0.000
931.874; 2496.125;  150.875;    0.000
932.047; 2450.125;  154.875;    0.000
932.220; 2530.125;  185.875;    0.000
932.393; 2424.125;  166.875;    0.000
932.566; 2528.125;  171.875;    0.000
932.739; 2415.125;  196.875;    0.000
932.912; 2448.125;  212.875;    0.000
933.085; 2506.125;  234.875;    0.000
933.258; 2461.125;  212.875;    0.000
933.431; 2415.125;  181.875;    0.000
933.604; 2413.125;  201.875;    0.000
933.777; 2373.125;  201.875;    0.000
933.950; 2422.125;  176.875;    0.000
934.123; 2430.125;  175.875;    0.000
934.296; 2389.125;  174.875;    0.000
934.468; 2374.125;  186.875;    0.000
934.641; 2370.125;  192.875;    0.000
934.814; 2360.125;  187.875;    0.000
934.987; 2252.125;  165.875;    0.000
935.159; 2320.125;  162.875;    0.000
935.332; 2374.125;  210.875;    0.000
935.505; 2410.125;  191.875;    0.000
935.677; 2323.125;  159.875;    0.000
935.850; 2293.125;  170.875;    0.000
936.022; 2409.125;  172.875;    0.000
936.195; 2370.125;  202.875;    0.000
936.367; 2348.125;  179.875;    0.000
936.540; 2439.125;  207.875;    0.000
936.712; 2366.125;  200.875;    0.000
936.885; 2372.125;  219.875;    0.000
937.057; 2352.125;  150.875;    0.000
937.229; 2309.125;  187.875;    0.000
937.402; 2501.125;  169.875;    0.000
937.574; 2382.125;  127.875;    0.000
937.746; 2431.125;  171.875;    0.000
937.919; 2469.125;  176.875;    0.000
938.091; 2542.125;  193.875;    0.000
938.263; 2730.125;  200.875;    0.000
938.435; 2726.125;  181.875;    0.000
938.608; 3047.125;  191.875;    0.000
938.780; 3144.125;  173.875;    0.000
938.952; 3308.125;  184.875;    0.000
939.124; 3292.125;  171.875;    0.000
939.296; 3608.125;  156.875;    0.000
939.468; 3701.125;  147.875;    0.000
939.640; 3485.125;  186.875;    0.000
939.812; 3349.125;  217.875;    0.000
939.984; 3115.125;  155.875;    0.000
940.156; 3003.125;  191.875;    0.000
940.328; 2908.125;  201.875;    0.000
940.500; 2722.125;  176.875;    0.000
940.672; 2718.125;  190.875;    0.000
940.843; 2553.125;  143.875;    0.000
941.015; 2581.125;  189.875;    0.000
941.187; 2475.125;  172.875;    0.000
941.359; 2564.125;  175.875;    0.000
941.531; 2432.125;  154.875;    0.000
941.702; 2530.125;  183.875;    0.000
941.874; 2362.125;  140.875;    0.000
942.046; 2423.125;  177.875;    0.000
942.217; 2365.125;  147.875;    0.000
942.389; 2451.125;  196.875;    0.000
942.560; 2332.125;  163.875;    0.000
942.732; 2328.125;  187.875;    0.000
942.904; 2301.125;  226.875;    0.000
943.075; 2226.125;  159.875;    0.000
943.247; 2243.125;  209.875;    0.000
943.418; 2239.125;  167.875;    0.000
943.589; 2303.125;  195.875;    0.000
943.761; 2188.125;  190.875;    0.000
943.932; 2256.125;  187.875;    0.000
944.104; 2163.125;  194.875;    0.000
944.275; 2139.125;  177.875;    0.000
944.446; 2235.125;  155.875;    0.000
944.617; 2175.125;  176.875;    0.000
944.789; 2165.125;  171.875;    0.000
944.960; 2167.125;  172.875;    0.000
945.131; 2083.125;  158.875;    0.000
945.302; 2195.125;  201.875;    0.000
945.473; 2043.125;  141.875;    0.000
945.645; 2200.125;  197.875;    0.000
945.816; 2137.125;  165.875;    0.000
945.987; 2145.125;  190.875;    0.000
946.158; 2147.125;  158.875;    0.000
946.329; 2205.125;  160.875;    0.000
946.500; 2131.125;  190.875;    0.000
946.671; 2076.125;  152.875;    0.000
946.842; 2084.125;  182.875;    0.000
947.013; 2109.125;  160.875;    0.000
947.183; 2128.125;  203.875;    0.000
947.354; 1987.125;  174.875;    0.000
947.525; 2049.125;  173.875;    0.000
947.696; 1961.125;  170.875;    0.000
947.867; 2062.125;  187.875;    0.000
948.037; 1977.125;  165.875;    0.000
948.208; 1997.125;  154.875;    0.000
948.379; 2046.125;  176.875;    0.000
948.550; 2064.125;  176.875;    0.000
948.720; 2046.125;  169.875;    0.000
948.891; 2006.125;  216.875;    0.000
949.061; 2028.125;  200.875;    0.000
949.232; 2054.125;  163.875;    0.000
949.403; 1993.125;  157.875;    0.000
949.573; 2000.125;  158.875;    0.000
949.744; 1980.125;  213.875;    0.000
949.914; 1961.125;  177.875;    0.000
950.085; 2050.125;  195.875;    0.000
950.255; 2020.125;  166.875;    0.000
950.425; 1989.125;  196.875;    0.000
950.596; 2063.125;  176.875;    0.000
950.766; 1996.125;  228.875;    0.000
950.936; 1974.125;  185.875;    0.000
951.107; 1909.125;  178.875;    0.000
951.277; 2082.125;  227.875;    0.000
951.447; 1967.125;  219.875;    0.000
951.617; 1975.125;  219.875;    0.000
951.788; 1966.125;  198.875;    0.000
951.958; 1926.125;  202.875;    0.000
952.128; 1970.125;  197.875;    0.000
952.298; 2039.125;  211.875;    0.000
952.468; 1849.125;  233.875;    0.000
952.638; 1962.125;  222.875;    0.000
952.808; 1922.125;  210.875;    0.000
952.978; 1970.125;  216.875;    0.000
953.148; 1921.125;  203.875;    0.000
953.318; 1926.125;  212.875;    0.000
953.488; 1932.125;  156.875;    0.000
953.658; 1938.125;  226.875;    0.000
953.828; 1864.125;  223.875;    0.000
953.998; 1866.125;  209.875;    0.000
954.167; 1890.125;  203.875;    0.000
954.337; 1811.125;  209.875;    0.000
954.507; 1870.125;  252.875;    0.000
954.677; 1849.125;  207.875;    0.000
954.846; 1904.125;  240.875;    0.000
955.016; 1876.125;  197.875;    0.000
955.186; 1835.125;  208.875;    0.000
955.355; 1916.125;  243.875;    0.000
955.525; 1806.125;  211.875;    0.000
955.695; 1855.125;  187.875;    0.000
955.864; 1835.125;  204.875;    0.000
956.034; 1875.125;  199.875;    0.000
956.203; 1905.125;  257.875;    0.000
956.373; 1818.125;  193.875;    0.000
956.542; 1855.125;  187.875;    0.000
956.711; 1817.125;  259.875;    0.000
956.881; 1785.125;  227.875;    0.000
957.050; 1906.125;  260.875;    0.000
957.220; 1804.125;  246.875;    0.000
957.389; 1853.125;  211.875;    0.000
957.558; 1784.125;  197.875;    0.000
957.727; 1824.125;  227.875;    0.000
957.897; 1814.125;  219.875;    0.000
958.066; 1797.125;  180.875;    0.000
958.235; 1810.125;  179.875;    0.000
958.404; 1745.125;  194.875;    0.000
958.573; 1817.125;  235.875;    0.000
958.743; 1784.125;  191.875;    0.000
958.912; 1808.125;  181.875;    0.000
959.081; 1718.125;  193.875;    0.000
959.250; 1708.125;  180.875;    0.000
959.419; 1822.125;  205.875;    0.000
959.588; 1789.125;  241.875;    0.000
959.757; 1779.125;  202.875;    0.000
959.926; 1840.125;  212.875;    0.000
960.094; 1755.125;  199.875;    0.000
960.263; 1782.125;  226.875;    0.000
960.432; 1706.125;  188.875;    0.000
960.601; 1773.125;  200.875;    0.000
960.770; 1755.125;  197.875;    0.000
960.939; 1779.125;  195.875;    0.000
961.107; 1702.125;  198.875;    0.000
961.276; 1752.125;  151.875;    0.000
961.445; 1702.125;  227.875;    0.000
961.613; 1785.125;  186.875;    0.000
961.782; 1775.125;  187.875;    0.000
961.951; 1756.125;  194.875;    0.000
962.119; 1669.125;  227.875;    0.000
962.288; 1734.125;  181.875;    0.000
962.456; 1736.125;  206.875;    0.000
962.625; 1739.125;  181.875;    0.000
962.793; 1737.125;  216.875;    0.000
962.962; 1734.125;  237.875;    0.000
963.130; 1672.125;  194.875;    0.000
963.298; 1733.125;  190.875;    0.000
963.467; 1757.125;  204.875;    0.000
963.635; 1736.125;  159.875;    0.000
963.803; 1700.125;  208.875;    0.000
963.972; 1679.125;  206.875;    0.000
964.140; 1680.125;  178.875;    0.000
964.308; 1700.125;  185.875;    0.000
964.477; 1719.125;  189.875;    0.000
964.645; 1683.125;  201.875;    0.000
964.813; 1737.125;  200.875;    0.000
964.981; 1761.125;  160.875;    0.000
965.149; 1791.125;  230.875;    0.000
965.317; 1733.125;  214.875;    0.000
965.485; 1769.125;  190.875;    0.000
965.653; 1732.125;  239.875;    0.000
965.821; 1706.125;  211.875;    0.000
965.989; 1719.125;  216.875;    0.000
966.157; 1726.125;  198.875;    0.000
966.325; 1724.125;  200.875;    0.000
966.493; 1621.125;  187.875;    0.000
966.661; 1672.125;  181.875;    0.000
966.829; 1641.125;  181.875;    0.000
966.996; 1614.125;  220.875;    0.000
967.164; 1765.125;  179.875;    0.000
967.332; 1762.125;  203.875;    0.000
967.500; 1759.125;  200.875;    0.000
967.667; 1700.125;  196.875;    0.000
967.835; 1742.125;  199.875;    0.000
968.003; 1730.125;  191.875;    0.000
968.170; 1690.125;  141.875;    0.000
968.338; 1645.125;  185.875;    0.000
968.505; 1707.125;  199.875;    0.000
968.673; 1664.125;  191.875;    0.000
968.841; 1642.125;  165.875;    0.000
969.008; 1670.125;  192.875;    0.000
969.175; 1678.125;  172.875;    0.000
969.343; 1709.125;  191.875;    0.000
969.510; 1705.125;  199.875;    0.000
969.678; 1656.125;  156.875;    0.000
969.845; 1652.125;  191.875;    0.000
970.012; 1664.125;  205.875;    0.000
970.180; 1756.125;  201.875;    0.000
970.347; 1748.125;  229.875;    0.000
970.514; 1631.125;  207.875;    0.000
970.681; 1637.125;  169.875;    0.000
970.849; 1667.125;  196.875;    0.000
971.016; 1729.125;  212.875;    0.000
971.183; 1667.125;  178.875;    0.000
971.350; 1723.125;  193.875;    0.000
971.517; 1710.125;  190.875;    0.000
971.684; 1731.125;  261.875;    0.000
971.851; 1736.125;  203.875;    0.000
972.018; 1737.125;  184.875;    0.000
972.185; 1651.125;  226.875;    0.000
972.352; 1664.125;  180.875;    0.000
972.519; 1785.125;  226.875;    0.000
972.686; 1735.125;  233.875;    0.000
972.853; 1620.125;  173.875;    0.000
973.020; 1701.125;  208.875;    0.000
973.186; 1637.125;  173.875;    0.000
973.353; 1648.125;  218.875;    0.000
973.520; 1611.125;  218.875;    0.000
973.687; 1619.125;  176.875;    0.000
973.853; 1690.125;  203.875;    0.000
974.020; 1614.125;  196.875;    0.000
974.187; 1617.125;  188.875;    0.000
974.353; 1651.125;  230.875;    0.000
974.520; 1621.125;  195.875;    0.000
974.687; 1688.125;  209.875;    0.000
974.853; 1588.125;  189.875;    0.000
975.020; 1654.125;  179.875;    0.000
975.186; 1609.125;  204.875;    0.000
975.353; 1558.125;  201.875;    0.000
975.519; 1573.125;  200.875;    0.000
975.685; 1625.125;  176.875;    0.000
975.852; 1574.125;  197.875;    0.000
976.018; 1622.125;  201.875;    0.000
976.184; 1590.125;  176.875;    0.000
976.351; 1646.125;  221.875;    0.000
976.517; 1610.125;  203.875;    0.000
976.683; 1670.125;  236.875;    0.000
976.849; 1628.125;  190.875;    0.000
977.016; 1578.125;  173.875;    0.000
977.182; 1628.125;  200.875;    0.000
977.348; 1532.125;  179.875;    0.000
977.514; 1580.125;  159.875;    0.000
977.680; 1559.125;  200.875;    0.000
977.846; 1528.125;  206.875;    0.000
978.012; 1607.125;  219.875;    0.000
978.178; 1569.125;  229.875;    0.000
978.344; 1539.125;  195.875;    0.000
978.510; 1597.125;  209.875;    0.000
978.676; 1537.125;  190.875;    0.000
978.842; 1547.125;  195.875;    0.000
979.008; 1624.125;  186.875;    0.000
979.174; 1593.125;  185.875;    0.000
979.340; 1574.125;  198.875;    0.000
979.505; 1590.125;  214.875;    0.000
979.671; 1581.125;  159.875;    0.000
979.837; 1629.125;  202.875;    0.000
980.003; 1558.125;  190.875;    0.000
980.168; 1646.125;  216.875;    0.000
980.334; 1490.125;  194.875;    0.000
980.499; 1604.125;  229.875;    0.000
980.665; 1602.125;  240.875;    0.000
980.831; 1632.125;  202.875;    0.000
980.996; 1562.125;  179.875;    0.000
981.162; 1588.125;  212.875;    0.000
981.327; 1561.125;  202.875;    0.000
981.493; 1658.125;  219.875;    0.000
981.658; 1637.125;  218.875;    0.000
981.823; 1592.125;  207.875;    0.000
981.989; 1649.125;  207.875;    0.000
982.154; 1600.125;  224.875;    0.000
982.319; 1610.125;  217.875;    0.000
982.485; 1622.125;  266.875;    0.000
982.650; 1699.125;  245.875;    0.000
982.815; 1570.125;  229.875;    0.000
982.980; 1603.125;  203.875;    0.000
983.146; 1620.125;  242.875;    0.000
983.311; 1522.125;  144.875;    0.000
983.476; 1589.125;  222.875;    0.000
983.641; 1554.125;  206.875;    0.000
983.806; 1509.125;  217.875;    0.000
983.971; 1625.125;  254.875;    0.000
984.136; 1476.125;  217.875;    0.000
984.301; 1482.125;  202.875;    0.000
984.466; 1480.125;  206.875;    0.000
984.631; 1600.125;  224.875;    0.000
984.796; 1544.125;  218.875;    0.000
984.961; 1591.125;  202.875;    0.000
985.126; 1614.125;  238.875;    0.000
985.291; 1583.125;  220.875;    0.000
985.455; 1555.125;  223.875;    0.000
985.620; 1505.125;  218.875;    0.000
985.785; 1491.125;  228.875;    0.000
985.950; 1532.125;  212.875;    0.000
986.114; 1557.125;  215.875;    0.000
986.279; 1509.125;  243.875;    0.000
986.444; 1582.125;  222.875;    0.000
986.608; 1555.125;  243.875;    0.000
986.773; 1641.125;  213.875;    0.000
986.937; 1626.125;  267.875;    0.000
987.102; 1588.125;  235.875;    0.000
987.266; 1496.125;  210.875;    0.000
987.431; 1645.125;  239.875;    0.000
987.595; 1514.125;  230.875;    0.000
987.760; 1480.125;  229.875;    0.000
987.924; 1557.125;  217.875;    0.000
988.088; 1503.125;  210.875;    0.000
988.253; 1614.125;  215.875;    0.000
988.417; 1532.125;  186.875;    0.000
988.581; 1541.125;  214.875;    0.000
988.746; 1452.125;  212.875;    0.000
988.910; 1553.125;  192.875;    0.000
989.074; 1458.125;  195.875;    0.000
989.238; 1609.125;  226.875;    0.000
989.402; 1566.125;  214.875;    0.000
989.566; 1525.125;  201.875;    0.000
989.731; 1522.125;  199.875;    0.000
989.895; 1604.125;  205.875;    0.000
990.059; 1464.125;  204.875;    0.000
990.223; 1512.125;  182.875;    0.000
990.387; 1578.125;  220.875;    0.000
990.551; 1582.125;  199.875;    0.000
990.714; 1473.125;  202.875;    0.000
990.878; 1567.125;  201.875;    0.000
991.042; 1521.125;  202.875;    0.000
991.206; 1508.125;  215.875;    0.000
991.370; 1618.125;  217.875;    0.000
991.534; 1518.125;  152.875;    0.000
991.697; 1515.125;  194.875;    0.000
991.861; 1548.125;  208.875;    0.000
992.025; 1531.125;  209.875;    0.000
992.188; 1552.125;  182.875;    0.000
992.352; 1540.125;  181.875;    0.000
992.516; 1491.125;  192.875;    0.000
992.679; 1397.125;  183.875;    0.000
992.843; 1483.125;  156.875;    0.000
993.006; 1493.125;  192.875;    0.000
993.170; 1453.125;  172.875;    0.000
993.333; 1465.125;  195.875;    0.000
993.497; 1500.125;  185.875;    0.000
993.660; 1515.125;  155.875;    0.000
993.824; 1576.125;  199.875;    0.000
993.987; 1548.125;  211.875;    0.000
994.150; 1476.125;  173.875;    0.000
994.314; 1555.125;  202.875;    0.000
994.477; 1495.125;  171.875;    0.000
994.640; 1541.125;  191.875;    0.000
994.803; 1527.125;  203.875;    0.000
994.967; 1487.125;  198.875;    0.000
995.130; 1481.125;  192.875;    0.000
995.293; 1509.125;  211.875;    0.000
995.456; 1532.125;  207.875;    0.000
995.619; 1543.125;  207.875;    0.000
995.782; 1577.125;  186.875;    0.000
995.945; 1546.125;  203.875;    0.000
996.108; 1538.125;  195.875;    0.000
996.271; 1527.125;  195.875;    0.000
996.434; 1553.125;  179.875;    0.000
996.597; 1464.125;  170.875;    0.000
996.760; 1410.125;  161.875;    0.000
996.923; 1460.125;  177.875;    0.000
997.086; 1479.125;  199.875;    0.000
997.248; 1532.125;  225.875;    0.000
997.411; 1503.125;  194.875;    0.000
997.574; 1454.125;  204.875;    0.000
997.737; 1493.125;  236.875;    0.000
997.899; 1469.125;  191.875;    0.000
998.062; 1445.125;  178.875;    0.000
998.225; 1395.125;  176.875;    0.000
998.387; 1510.125;  203.875;    0.000
998.550; 1454.125;  155.875;    0.000
998.712; 1422.125;  169.875;    0.000
998.875; 1480.125;  234.875;    0.000
999.037; 1401.125;  211.875;    0.000
999.200; 1448.125;  185.875;    0.000
999.362; 1478.125;  199.875;    0.000
999.525; 1384.125;  234.875;    0.000
999.687; 1455.125;  194.875;    0.000
999.849; 1456.125;  223.875;    0.000
1000.012; 1437.125;  222.875;    0.000
1000.174; 1464.125;  187.875;    0.000
1000.336; 1415.125;  204.875;    0.000
1000.499; 1503.125;  240.875;    0.000
1000.661; 1469.125;  215.875;    0.000
1000.823; 1428.125;  206.875;    0.000
1000.985; 1469.125;  197.875;    0.000
1001.147; 1547.125;  221.875;    0.000
1001.309; 1399.125;  207.875;    0.000
1001.471; 1460.125;  227.875;    0.000
1001.633; 1521.125;  208.875;    0.000
1001.796; 1452.125;  158.875;    0.000
1001.958; 1521.125;  210.875;    0.000
1002.119; 1549.125;  223.875;    0.000
1002.281; 1567.125;  211.875;    0.000
1002.443; 1604.125;  227.875;    0.000
1002.605; 1725.125;  186.875;    0.000
1002.767; 1656.125;  242.875;    0.000
1002.929; 1780.125;  219.875;    0.000
1003.091; 1767.125;  191.875;    0.000
1003.252; 1913.125;  233.875;    0.000
1003.414; 1940.125;  214.875;    0.000
1003.576; 1947.125;  186.875;    0.000
1003.738; 2117.125;  175.875;    0.000
1003.899; 2225.125;  237.875;    0.000
1004.061; 2440.125;  220.875;    0.000
1004.222; 2347.125;  186.875;    0.000
1004.384; 2473.125;  216.875;    0.000
1004.546; 2368.125;  203.875;    0.000
1004.707; 2516.125;  216.875;    0.000
1004.869; 2689.125;  219.875;    0.000
1005.030; 2603.125;  188.875;    0.000
1005.191; 2540.125;  223.875;    0.000
1005.353; 2529.125;  227.875;    0.000
1005.514; 2399.125;  235.875;    0.000
1005.675; 2294.125;  201.875;    0.000
1005.837; 2245.125;  199.875;    0.000
1005.998; 2171.125;  219.875;    0.000
1006.159; 2106.125;  235.875;    0.000
1006.321; 2113.125;  199.875;    0.000
1006.482; 2138.125;  222.875;    0.000
1006.643; 2160.125;  195.875;    0.000
1006.804; 2259.125;  205.875;    0.000
1006.965; 2326.125;  199.875;    0.000
1007.126; 2478.125;  231.875;    0.000
1007.287; 2446.125;  208.875;    0.000
1007.448; 2431.125;  205.875;    0.000
1007.609; 2429.125;  256.875;    0.000
1007.770; 2276.125;  231.875;    0.000
1007.931; 2274.125;  223.875;    0.000
1008.092; 2282.125;  217.875;    0.000
1008.253; 2449.125;  236.875;    0.000
1008.414; 2390.125;  197.875;    0.000
1008.575; 2457.125;  233.875;    0.000
1008.736; 2438.125;  193.875;    0.000
1008.896; 2466.125;  238.875;    0.000
1009.057; 2406.125;  245.875;    0.000
1009.218; 2332.125;  240.875;    0.000
1009.379; 2350.125;  210.875;    0.000
1009.539; 2374.125;  234.875;    0.000
1009.700; 2438.125;  228.875;    0.000
1009.860; 2502.125;  238.875;    0.000
1010.021; 2415.125;  199.875;    0.000
1010.182; 2468.125;  214.875;    0.000
1010.342; 2460.125;  216.875;    0.000
1010.503; 2542.125;  207.875;    0.000
1010.663; 2556.125;  258.875;    0.000
1010.823; 2587.125;  243.875;    0.000
1010.984; 2575.125;  268.875;    0.000
1011.144; 2637.125;  217.875;    0.000
1011.305; 2564.125;  237.875;    0.000
1011.465; 2631.125;  216.875;    0.000
1011.625; 2865.125;  195.875;    0.000
1011.785; 2879.125;  201.875;    0.000
1011.946; 2890.125;  200.875;    0.000
1012.106; 2665.125;  206.875;    0.000
1012.266; 2857.125;  227.875;    0.000
1012.426; 2682.125;  221.875;    0.000
1012.586; 2829.125;  198.875;    0.000
1012.746; 2740.125;  215.875;    0.000
1012.906; 2650.125;  226.875;    0.000
1013.066; 2790.125;  221.875;    0.000
1013.226; 2832.125;  202.875;    0.000
1013.386; 2770.125;  210.875;    0.000
1013.546; 2763.125;  243.875;    0.000
1013.706; 2676.125;  200.875;    0.000
1013.866; 2700.125;  232.875;    0.000
1014.026; 2823.125;  206.875;    0.000
1014.186; 2786.125;  222.875;    0.000
1014.346; 2821.125;  233.875;    0.000
1014.505; 2783.125;  241.875;    0.000
1014.665; 2867.125;  225.875;    0.000
1014.825; 2793.125;  196.875;    0.000
1014.985; 2786.125;  234.875;    0.000
1015.144; 2922.125;  232.875;    0.000
1015.304; 2997.125;  214.875;    0.000
1015.464; 3075.125;  210.875;    0.000
1015.623; 2910.125;  219.875;    0.000
1015.783; 3152.125;  216.875;    0.000
1015.942; 3486.125;  267.875;    0.000
1016.102; 3398.125;  234.875;    0.000
1016.261; 3259.125;  230.875;    0.000
1016.420; 3610.125;  225.875;    0.000
1016.580; 3977.125;  205.875;    0.000
1016.739; 3882.125;  199.875;    0.000
1016.899; 3802.125;  218.875;    0.000
1017.058; 3963.125;  204.875;    0.000
1017.217; 4182.125;  196.875;    0.000
1017.376; 3984.125;  204.875;    0.000
1017.536; 3714.125;  195.875;    0.000
1017.695; 3632.125;  216.875;    0.000
1017.854; 3819.125;  235.875;    0.000
1018.013; 3698.125;  189.875;    0.000
1018.172; 3383.125;  217.875;    0.000
1018.331; 3298.125;  215.875;    0.000
1018.490; 3587.125;  233.875;    0.000
1018.649; 3847.125;  211.875;    0.000
1018.808; 3894.125;  196.875;    0.000
1018.967; 3963.125;  222.875;    0.000
1019.126; 3938.125;  221.875;    0.000
1019.285; 4043.125;  212.875;    0.000
1019.444; 3859.125;  231.875;    0.000
1019.603; 3762.125;  227.875;    0.000
1019.762; 3681.125;  192.875;    0.000
1019.921; 3674.125;  240.875;    0.000
1020.079; 3925.125;  209.875;    0.000
1020.238; 4119.125;  211.875;    0.000
1020.397; 3970.125;  253.875;    0.000
1020.555; 3720.125;  179.875;    0.000
1020.714; 3846.125;  225.875;    0.000
1020.873; 4104.125;  232.875;    0.000
1021.031; 4011.125;  245.875;    0.000
1021.190; 3832.125;  230.875;    0.000
1021.348; 3817.125;  221.875;    0.000
1021.507; 4214.125;  212.875;    0.000
1021.665; 4369.125;  211.875;    0.000
1021.824; 4051.125;  206.875;    0.000
1021.982; 3899.125;  218.875;    0.000
1022.141; 3902.125;  232.875;    0.000
1022.299; 4486.125;  193.875;    0.000
1022.457; 4594.125;  217.875;    0.000
1022.616; 4099.125;  248.875;    0.000
1022.774; 3855.125;  222.875;    0.000
1022.932; 4254.125;  211.875;    0.000
1023.090; 4566.125;  288.875;    0.000
1023.249; 4564.125;  214.875;    0.000
1023.407; 4099.125;  233.875;    0.000
1023.565; 3889.125;  208.875;    0.000
1023.723; 4168.125;  217.875;    0.000
1023.881; 4598.125;  235.875;    0.000
1024.039; 4599.125;  228.875;    0.000
1024.197; 4243.125;  216.875;    0.000
1024.355; 4040.125;  251.875;    0.000
1024.513; 4217.125;  232.875;    0.000
1024.671; 4808.125;  217.875;    0.000
1024.829; 4787.125;  255.875;    0.000
1024.987; 4379.125;  203.875;    0.000
1025.145; 3867.125;  239.875;    0.000
1025.302; 4296.125;  209.875;    0.000
1025.460; 4823.125;  224.875;    0.000
1025.618; 4769.125;  193.875;    0.000
1025.776; 4419.125;  209.875;    0.000
1025.933; 3975.125;  229.875;    0.000
1026.091; 4279.125;  218.875;    0.000
1026.249; 4827.125;  269.875;    0.000
1026.406; 5146.125;  264.875;    0.000
1026.564; 4679.125;  230.875;    0.000
1026.721; 4273.125;  198.875;    0.000
1026.879; 4091.125;  216.875;    0.000
1027.036; 4685.125;  226.875;    0.000
1027.194; 5194.125;  245.875;    0.000
1027.351; 5091.125;  236.875;    0.000
1027.509; 4512.125;  262.875;    0.000
1027.666; 4225.125;  227.875;    0.000
1027.823; 4692.125;  214.875;    0.000
1027.981; 5104.125;  258.875;    0.000
1028.138; 5321.125;  239.875;    0.000
1028.295; 4837.125;  226.875;    0.000
1028.452; 4416.125;  225.875;    0.000
1028.609; 4369.125;  276.875;    0.000
1028.767; 4869.125;  228.875;    0.000
1028.924; 5246.125;  213.875;    0.000
1029.081; 5056.125;  232.875;    0.000
1029.238; 4921.125;  250.875;    0.000
1029.395; 4562.125;  255.875;    0.000
1029.552; 4680.125;  217.875;    0.000
1029.709; 5118.125;  210.875;    0.000
1029.866; 5439.125;  243.875;    0.000
1030.023; 5222.125;  202.875;    0.000
1030.180; 4596.125;  233.875;    0.000
1030.337; 4523.125;  234.875;    0.000
1030.494; 4748.125;  222.875;    0.000
1030.650; 5169.125;  241.875;    0.000
1030.807; 5442.125;  206.875;    0.000
1030.964; 5103.125;  206.875;    0.000
1031.121; 4869.125;  228.875;    0.000
1031.277; 4753.125;  228.875;    0.000
1031.434; 4978.125;  234.875;    0.000
1031.591; 5322.125;  250.875;    0.000
1031.747; 5403.125;  246.875;    0.000
1031.904; 5554.125;  201.875;    0.000
1032.060; 5110.125;  237.875;    0.000
1032.217; 5062.125;  232.875;    0.000
1032.373; 5496.125;  210.875;    0.000
1032.530; 5519.125;  246.875;    0.000
1032.686; 6214.125;  196.875;    0.000
1032.843; 6066.125;  212.875;    0.000
1032.999; 5678.125;  243.875;    0.000
1033.155; 5945.125;  234.875;    0.000
1033.312; 5991.125;  246.875;    0.000
1033.468; 6972.125;  233.875;    0.000
1033.624; 7304.125;  237.875;    0.000
1033.780; 7662.125;  263.875;    0.000
1033.937; 7832.125;  214.875;    0.000
1034.093; 7183.125;  230.875;    0.000
1034.249; 7387.125;  206.875;    0.000
1034.405; 7421.125;  238.875;    0.000
1034.561; 7766.125;  231.875;    0.000
1034.717; 8369.125;  228.875;    0.000
1034.873; 8003.125;  262.875;    0.000
1035.029; 8377.125;  252.875;    0.000
1035.185; 7796.125;  232.875;    0.000
1035.341; 7398.125;  245.875;    0.000
1035.497; 8526.125;  253.875;    0.000
1035.653; 8463.125;  252.875;    0.000
1035.809; 9344.125;  245.875;    0.000
1035.964;10139.125;  229.875;    0.000
1036.120; 9458.125;  226.875;    0.000
1036.276; 9500.125;  236.875;    0.000
1036.432; 9319.125;  203.875;    0.000
1036.587; 8869.125;  228.875;    0.000
1036.743; 9559.125;  240.875;    0.000
1036.899;10264.125;  220.875;    0.000
1037.054;10223.125;  153.875;    0.000
1037.210;11031.125;  219.875;    0.000
1037.365;11178.125;  229.875;    0.000
1037.521;10189.125;  257.875;    0.000
1037.676;10371.125;  211.875;    0.000
1037.832; 9835.125;  234.875;    0.000
1037.987;10003.125;  235.875;    0.000
1038.143;10168.125;  176.875;    0.000
1038.298;11320.125;  262.875;    0.000
1038.453;11381.125;  209.875;    0.000
1038.609;11967.125;  230.875;    0.000
1038.764;12399.125;  253.875;    0.000
1038.919;11253.125;  195.875;    0.000
1039.074;11465.125;  234.875;    0.000
1039.229;10620.125;  234.875;    0.000
1039.385;10467.125;  266.875;    0.000
1039.540;11099.125;  252.875;    0.000
1039.695;12586.125;  231.875;    0.000
1039.850;13210.125;  208.875;    0.000
1040.005;14069.125;  232.875;    0.000
1040.160;15069.125;  214.875;    0.000
1040.315;14453.125;  221.875;    0.000
1040.470;13408.125;  207.875;    0.000
1040.625;12338.125;  249.875;    0.000
1040.780;12676.125;  251.875;    0.000
1040.935;12360.125;  254.875;    0.000
1041.089;12930.125;  210.875;    0.000
1041.244;15167.125;  225.875;    0.000
1041.399;15440.125;  208.875;    0.000
1041.554;16109.125;  249.875;    0.000
1041.708;17609.125;  254.875;    0.000
1041.863;17692.125;  248.875;    0.000
1042.018;16609.125;  280.875;    0.000
1042.172;15809.125;  233.875;    0.000
1042.327;15730.125;  256.875;    0.000
1042.481;16176.125;  210.875;    0.000
1042.636;16597.125;  229.875;    0.000
1042.791;17084.125;  215.875;    0.000
1042.945;19444.125;  256.875;    0.000
1043.099;20788.125;  251.875;    0.000
1043.254;20075.125;  204.875;    0.000
1043.408;21108.125;  278.875;    0.000
1043.563;22057.125;  211.875;    0.000
1043.717;21273.125;  259.875;    0.000
1043.871;20523.125;  233.875;    0.000
1044.025;20173.125;  221.875;    0.000
1044.180;19035.125;  208.875;    0.000
1044.334;20570.125;  255.875;    0.000
1044.488;20318.125;  269.875;    0.000
1044.642;20565.125;  228.875;    0.000
1044.796;23622.125;  232.875;    0.000
1044.950;26373.125;  249.875;    0.000
1045.104;28208.125;  205.875;    0.000
1045.258;28478.125;  206.875;    0.000
1045.412;28698.125;  251.875;    0.000
1045.566;28234.125;  249.875;    0.000
1045.720;25528.125;  206.875;    0.000
1045.874;23667.125;  232.875;    0.000
1046.028;22410.125;  266.875;    0.000
1046.182;22420.125;  217.875;    0.000
1046.336;24018.125;  216.875;    0.000
1046.489;24527.125;  236.875;    0.000
1046.643;25373.125;  253.875;    0.000
1046.797;26946.125;  244.875;    0.000
1046.951;28295.125;  234.875;    0.000
1047.104;29836.125;  281.875;    0.000
1047.258;30849.125;  253.875;    0.000
1047.411;32182.125;  228.875;    0.000
1047.565;30968.125;  273.875;    0.000
1047.719;30251.125;  232.875;    0.000
1047.872;28417.125;  230.875;    0.000
1048.026;27228.125;  282.875;    0.000
1048.179;26790.125;  225.875;    0.000
1048.332;27073.125;  234.875;    0.000
1048.486;27335.125;  223.875;    0.000
1048.639;27438.125;  248.875;    0.000
1048.792;29781.125;  244.875;    0.000
1048.946;30748.125;  210.875;    0.000
1049.099;34536.125;  242.875;    0.000
1049.252;34223.125;  269.875;    0.000
1049.406;32162.125;  285.875;    0.000
1049.559;33978.125;  277.875;    0.000
1049.712;37135.125;  254.875;    0.000
1049.865;41267.125;  252.875;    0.000
1050.018;38431.125;  270.875;    0.000
1050.171;33806.125;  230.875;    0.000
1050.324;33166.125;  268.875;    0.000
1050.477;35063.125;  262.875;    0.000
1050.630;37117.125;  243.875;    0.000
1050.783;38271.125;  216.875;    0.000
1050.936;36526.125;  250.875;    0.000
1051.089;33916.125;  247.875;    0.000
1051.242;34385.125;  300.875;    0.000
1051.394;38162.125;  233.875;    0.000
1051.547;40499.125;  263.875;    0.000
1051.700;39186.125;  238.875;    0.000
1051.853;37785.125;  299.875;    0.000
1052.005;39810.125;  275.875;    0.000
1052.158;43174.125;  304.875;    0.000
1052.311;46817.125;  251.875;    0.000
1052.463;45072.125;  276.875;    0.000
1052.616;41476.125;  271.875;    0.000
1052.768;38044.125;  285.875;    0.000
1052.921;37124.125;  261.875;    0.000
1053.073;39170.125;  333.875;    0.000
1053.226;42755.125;  271.875;    0.000
1053.378;48911.125;  309.875;    0.000
1053.531;52447.125;  266.875;    0.000
1053.683;48499.125;  278.875;    0.000
1053.835;42214.125;  274.875;    0.000
1053.988;32793.125;  287.875;    0.000
1054.140; 5895.125;  350.875;    0.000
1054.292; 1447.125;  338.875;    0.000
1054.444; 1183.125;  270.875;    0.000
1054.596; 1004.125;  294.875;    0.000
1054.749;  922.125;  285.875;    0.000
1054.901;  873.125;  254.875;    0.000
1055.053;  857.125;  320.875;    0.000
1055.205;  821.125;  284.875;    0.000
1055.357;  743.125;  298.875;    0.000
1055.509;  782.125;  304.875;    0.000
1055.661;  714.125;  350.875;    0.000
1055.813;  692.125;  289.875;    0.000
1055.965;  696.125;  277.875;    0.000
1056.116;  707.125;  288.875;    0.000
1056.268;  674.125;  311.875;    0.000
1056.420;  664.125;  308.875;    0.000

