
Integration time [ms]:   0.300
Averaging Nr. [scans]: 1
Smoothing Nr. [pixels]: 0
Data measured with spectrometer [name]: VIS
Wave   ;Sample   ;Dark     ;Reference
[nm]   ;[counts] ;[counts] ;[counts] 

450.961;  181.075;  204.125;    0.000
451.100;  222.075;  219.125;    0.000
451.239;  203.075;  196.125;    0.000
451.377;  221.075;  252.125;    0.000
451.516;  201.075;  215.125;    0.000
451.655;  225.075;  214.125;    0.000
451.794;  236.075;  241.125;    0.000
451.932;  234.075;  242.125;    0.000
452.071;  215.075;  204.125;    0.000
452.210;  241.075;  243.125;    0.000
452.348;  217.075;  241.125;    0.000
452.487;  255.075;  246.125;    0.000
452.626;  192.075;  235.125;    0.000
452.764;  234.075;  230.125;    0.000
452.903;  203.075;  199.125;    0.000
453.042;  253.075;  178.125;    0.000
453.180; 3128.075;  291.125;    0.000
453.319; 3313.075;  335.125;    0.000
453.458; 3346.075;  245.125;    0.000
453.596; 3326.075;  325.125;    0.000
453.735; 3373.075;  291.125;    0.000
453.873; 3407.075;  295.125;    0.000
454.012; 3509.075;  291.125;    0.000
454.150; 3358.075;  292.125;    0.000
454.289; 3502.075;  328.125;    0.000
454.427; 3505.075;  295.125;    0.000
454.566; 3574.075;  295.125;    0.000
454.704; 3515.075;  301.125;    0.000
454.843; 3588.075;  278.125;    0.000
454.981; 3710.075;  306.125;    0.000
455.120; 3699.075;  237.125;    0.000
455.258; 3724.075;  325.125;    0.000
455.397; 3714.075;  276.125;    0.000
455.535; 3853.075;  269.125;    0.000
455.674; 3824.075;  259.125;    0.000
455.812; 3826.075;  264.125;    0.000
455.951; 3913.075;  286.125;    0.000
456.089; 3908.075;  302.125;    0.000
456.227; 3983.075;  230.125;    0.000
456.366; 4007.075;  303.125;    0.000
456.504; 4042.075;  316.125;    0.000
456.642; 4155.075;  309.125;    0.000
456.781; 4085.075;  299.125;    0.000
456.919; 4136.075;  281.125;    0.000
457.057; 4234.075;  253.125;    0.000
457.196; 4162.075;  268.125;    0.000
457.334; 4312.075;  292.125;    0.000
457.472; 4353.075;  287.125;    0.000
457.610; 4533.075;  300.125;    0.000
457.749; 4452.075;  342.125;    0.000
457.887; 4540.075;  310.125;    0.000
458.025; 4485.075;  310.125;    0.000
458.163; 4577.075;  323.125;    0.000
458.301; 4721.075;  336.125;    0.000
458.440; 4689.075;  297.125;    0.000
458.578; 4799.075;  295.125;    0.000
458.716; 4897.075;  309.125;    0.000
458.854; 4969.075;  335.125;    0.000
458.992; 4941.075;  244.125;    0.000
459.130; 5081.075;  370.125;    0.000
459.269; 5176.075;  313.125;    0.000
459.407; 5103.075;  370.125;    0.000
459.545; 5207.075;  341.125;    0.000
459.683; 5393.075;  336.125;    0.000
459.821; 5211.075;  311.125;    0.000
459.959; 5399.075;  330.125;    0.000
460.097; 5408.075;  355.125;    0.000
460.235; 5538.075;  348.125;    0.000
460.373; 5581.075;  338.125;    0.000
460.511; 5562.075;  361.125;    0.000
460.649; 5522.075;  295.125;    0.000
460.787; 5485.075;  325.125;    0.000
460.925; 5628.075;  266.125;    0.000
461.063; 5669.075;  365.125;    0.000
461.201; 5688.075;  334.125;    0.000
461.339; 5684.075;  341.125;    0.000
461.477; 5689.075;  304.125;    0.000
461.615; 5695.075;  311.125;    0.000
461.753; 5925.075;  342.125;    0.000
461.891; 5829.075;  333.125;    0.000
462.029; 6111.075;  336.125;    0.000
462.166; 6065.075;  272.125;    0.000
462.304; 6148.075;  313.125;    0.000
462.442; 6239.075;  313.125;    0.000
462.580; 6363.075;  328.125;    0.000
462.718; 6292.075;  358.125;    0.000
462.856; 6405.075;  302.125;    0.000
462.993; 6309.075;  360.125;    0.000
463.131; 6324.075;  280.125;    0.000
463.269; 6340.075;  312.125;    0.000
463.407; 6211.075;  263.125;    0.000
463.545; 6151.075;  253.125;    0.000
463.682; 6237.075;  296.125;    0.000
463.820; 6445.075;  308.125;    0.000
463.958; 6599.075;  300.125;    0.000
464.095; 6694.075;  289.125;    0.000
464.233; 6764.075;  340.125;    0.000
464.371; 6969.075;  300.125;    0.000
464.509; 6653.075;  266.125;    0.000
464.646; 6686.075;  294.125;    0.000
464.784; 6748.075;  284.125;    0.000
464.921; 6585.075;  350.125;    0.000
465.059; 6489.075;  256.125;    0.000
465.197; 6337.075;  289.125;    0.000
465.334; 6348.075;  287.125;    0.000
465.472; 6225.075;  322.125;    0.000
465.609; 6267.075;  311.125;    0.000
465.747; 6117.075;  336.125;    0.000
465.885; 6039.075;  308.125;    0.000
466.022; 5987.075;  299.125;    0.000
466.160; 5937.075;  293.125;    0.000
466.297; 6016.075;  317.125;    0.000
466.435; 6023.075;  336.125;    0.000
466.572; 5982.075;  282.125;    0.000
466.710; 6092.075;  299.125;    0.000
466.847; 6015.075;  288.125;    0.000
466.985; 6029.075;  274.125;    0.000
467.122; 5830.075;  302.125;    0.000
467.260; 5964.075;  271.125;    0.000
467.397; 5883.075;  263.125;    0.000
467.534; 5870.075;  320.125;    0.000
467.672; 5955.075;  309.125;    0.000
467.809; 5912.075;  275.125;    0.000
467.947; 6009.075;  319.125;    0.000
468.084; 5938.075;  309.125;    0.000
468.221; 5888.075;  302.125;    0.000
468.359; 5912.075;  286.125;    0.000
468.496; 6053.075;  293.125;    0.000
468.633; 5875.075;  273.125;    0.000
468.771; 5964.075;  296.125;    0.000
468.908; 5787.075;  277.125;    0.000
469.045; 5945.075;  303.125;    0.000
469.183; 5981.075;  314.125;    0.000
469.320; 5934.075;  278.125;    0.000
469.457; 6105.075;  308.125;    0.000
469.594; 6050.075;  272.125;    0.000
469.732; 6069.075;  321.125;    0.000
469.869; 6197.075;  299.125;    0.000
470.006; 6290.075;  267.125;    0.000
470.143; 6351.075;  298.125;    0.000
470.280; 6354.075;  272.125;    0.000
470.417; 6423.075;  314.125;    0.000
470.555; 6377.075;  305.125;    0.000
470.692; 6298.075;  309.125;    0.000
470.829; 6362.075;  311.125;    0.000
470.966; 6422.075;  260.125;    0.000
471.103; 6228.075;  267.125;    0.000
471.240; 6325.075;  290.125;    0.000
471.377; 6300.075;  290.125;    0.000
471.514; 6258.075;  295.125;    0.000
471.651; 6058.075;  300.125;    0.000
471.789; 6213.075;  281.125;    0.000
471.926; 6103.075;  291.125;    0.000
472.063; 6123.075;  305.125;    0.000
472.200; 6072.075;  285.125;    0.000
472.337; 6200.075;  288.125;    0.000
472.474; 6081.075;  276.125;    0.000
472.611; 6022.075;  309.125;    0.000
472.748; 6138.075;  280.125;    0.000
472.884; 6237.075;  300.125;    0.000
473.021; 6041.075;  280.125;    0.000
473.158; 5979.075;  304.125;    0.000
473.295; 6082.075;  308.125;    0.000
473.432; 6072.075;  294.125;    0.000
473.569; 5939.075;  288.125;    0.000
473.706; 5897.075;  254.125;    0.000
473.843; 5876.075;  282.125;    0.000
473.980; 6070.075;  286.125;    0.000
474.117; 6079.075;  257.125;    0.000
474.253; 5954.075;  298.125;    0.000
474.390; 6015.075;  253.125;    0.000
474.527; 6043.075;  271.125;    0.000
474.664; 6006.075;  257.125;    0.000
474.801; 6136.075;  296.125;    0.000
474.937; 6080.075;  263.125;    0.000
475.074; 6184.075;  262.125;    0.000
475.211; 6156.075;  299.125;    0.000
475.348; 6146.075;  308.125;    0.000
475.484; 6211.075;  278.125;    0.000
475.621; 6047.075;  287.125;    0.000
475.758; 6115.075;  231.125;    0.000
475.894; 6149.075;  295.125;    0.000
476.031; 6258.075;  290.125;    0.000
476.168; 6164.075;  287.125;    0.000
476.304; 6154.075;  331.125;    0.000
476.441; 6280.075;  301.125;    0.000
476.578; 6257.075;  263.125;    0.000
476.714; 6114.075;  261.125;    0.000
476.851; 6185.075;  247.125;    0.000
476.987; 6348.075;  297.125;    0.000
477.124; 6295.075;  296.125;    0.000
477.261; 6335.075;  299.125;    0.000
477.397; 6380.075;  292.125;    0.000
477.534; 6473.075;  289.125;    0.000
477.670; 6449.075;  268.125;    0.000
477.807; 6466.075;  234.125;    0.000
477.943; 6538.075;  279.125;    0.000
478.080; 6587.075;  276.125;    0.000
478.216; 6641.075;  248.125;    0.000
478.353; 6771.075;  296.125;    0.000
478.489; 6654.075;  267.125;    0.000
478.626; 6682.075;  243.125;    0.000
478.762; 6784.075;  252.125;    0.000
478.898; 6871.075;  266.125;    0.000
479.035; 6860.075;  290.125;    0.000
479.171; 6790.075;  247.125;    0.000
479.308; 6962.075;  283.125;    0.000
479.444; 6799.075;  244.125;    0.000
479.580; 6848.075;  259.125;    0.000
479.717; 6945.075;  301.125;    0.000
479.853; 6964.075;  257.125;    0.000
479.989; 6920.075;  249.125;    0.000
480.126; 6964.075;  218.125;    0.000
480.262; 7015.075;  275.125;    0.000
480.398; 6973.075;  246.125;    0.000
480.535; 6947.075;  246.125;    0.000
480.671; 6967.075;  272.125;    0.000
480.807; 6971.075;  281.125;    0.000
480.943; 6986.075;  233.125;    0.000
481.080; 6971.075;  303.125;    0.000
481.216; 6838.075;  229.125;    0.000
481.352; 6796.075;  240.125;    0.000
481.488; 6844.075;  284.125;    0.000
481.624; 6926.075;  236.125;    0.000
481.760; 6810.075;  255.125;    0.000
481.897; 6788.075;  206.125;    0.000
482.033; 6699.075;  254.125;    0.000
482.169; 6767.075;  268.125;    0.000
482.305; 6800.075;  214.125;    0.000
482.441; 6854.075;  225.125;    0.000
482.577; 6807.075;  251.125;    0.000
482.713; 6818.075;  221.125;    0.000
482.849; 6678.075;  218.125;    0.000
482.985; 6841.075;  245.125;    0.000
483.121; 6780.075;  224.125;    0.000
483.258; 6846.075;  249.125;    0.000
483.394; 6748.075;  224.125;    0.000
483.530; 6858.075;  247.125;    0.000
483.665; 6805.075;  256.125;    0.000
483.801; 6791.075;  220.125;    0.000
483.937; 6768.075;  200.125;    0.000
484.073; 6861.075;  272.125;    0.000
484.209; 6824.075;  243.125;    0.000
484.345; 6895.075;  274.125;    0.000
484.481; 6782.075;  264.125;    0.000
484.617; 6725.075;  270.125;    0.000
484.753; 6847.075;  244.125;    0.000
484.889; 7025.075;  293.125;    0.000
485.025; 6972.075;  257.125;    0.000
485.161; 6836.075;  264.125;    0.000
485.296; 6905.075;  247.125;    0.000
485.432; 7000.075;  240.125;    0.000
485.568; 7017.075;  240.125;    0.000
485.704; 6983.075;  232.125;    0.000
485.840; 6881.075;  280.125;    0.000
485.975; 7051.075;  253.125;    0.000
486.111; 6951.075;  250.125;    0.000
486.247; 7081.075;  272.125;    0.000
486.383; 7040.075;  258.125;    0.000
486.518; 6983.075;  256.125;    0.000
486.654; 7030.075;  250.125;    0.000
486.790; 6998.075;  259.125;    0.000
486.926; 6835.075;  256.125;    0.000
487.061; 6917.075;  267.125;    0.000
487.197; 6886.075;  224.125;    0.000
487.333; 6886.075;  265.125;    0.000
487.468; 6850.075;  223.125;    0.000
487.604; 6912.075;  298.125;    0.000
487.740; 6973.075;  261.125;    0.000
487.875; 6982.075;  278.125;    0.000
488.011; 7008.075;  292.125;    0.000
488.146; 6966.075;  239.125;    0.000
488.282; 6969.075;  265.125;    0.000
488.417; 6969.075;  286.125;    0.000
488.553; 7108.075;  271.125;    0.000
488.688; 7155.075;  252.125;    0.000
488.824; 6988.075;  239.125;    0.000
488.960; 7035.075;  266.125;    0.000
489.095; 6941.075;  229.125;    0.000
489.230; 7137.075;  247.125;    0.000
489.366; 7194.075;  260.125;    0.000
489.501; 7117.075;  257.125;    0.000
489.637; 7018.075;  233.125;    0.000
489.772; 7119.075;  254.125;    0.000
489.908; 7145.075;  235.125;    0.000
490.043; 7134.075;  266.125;    0.000
490.178; 7173.075;  228.125;    0.000
490.314; 7104.075;  310.125;    0.000
490.449; 7150.075;  251.125;    0.000
490.585; 7163.075;  221.125;    0.000
490.720; 7106.075;  203.125;    0.000
490.855; 7153.075;  266.125;    0.000
490.991; 7161.075;  249.125;    0.000
491.126; 7138.075;  313.125;    0.000
491.261; 7178.075;  284.125;    0.000
491.396; 7024.075;  225.125;    0.000
491.532; 7071.075;  227.125;    0.000
491.667; 7191.075;  210.125;    0.000
491.802; 7192.075;  214.125;    0.000
491.937; 7278.075;  246.125;    0.000
492.073; 7279.075;  250.125;    0.000
492.208; 7148.075;  267.125;    0.000
492.343; 7188.075;  245.125;    0.000
492.478; 7341.075;  271.125;    0.000
492.613; 7314.075;  253.125;    0.000
492.749; 7108.075;  249.125;    0.000
492.884; 7217.075;  217.125;    0.000
493.019; 7273.075;  244.125;    0.000
493.154; 7231.075;  265.125;    0.000
493.289; 7204.075;  266.125;    0.000
493.424; 7217.075;  226.125;    0.000
493.559; 7179.075;  222.125;    0.000
493.694; 7111.075;  218.125;    0.000
493.829; 7234.075;  246.125;    0.000
493.964; 7235.075;  243.125;    0.000
494.099; 7245.075;  269.125;    0.000
494.234; 7210.075;  249.125;    0.000
494.369; 7360.075;  279.125;    0.000
494.504; 7144.075;  261.125;    0.000
494.639; 7212.075;  289.125;    0.000
494.774; 7065.075;  252.125;    0.000
494.909; 7204.075;  250.125;    0.000
495.044; 7249.075;  207.125;    0.000
495.179; 7237.075;  266.125;    0.000
495.314; 7067.075;  228.125;    0.000
495.449; 7287.075;  262.125;    0.000
495.584; 7391.075;  281.125;    0.000
495.719; 7233.075;  251.125;    0.000
495.854; 7405.075;  237.125;    0.000
495.988; 7426.075;  238.125;    0.000
496.123; 7226.075;  255.125;    0.000
496.258; 7484.075;  264.125;    0.000
496.393; 7501.075;  253.125;    0.000
496.528; 7445.075;  244.125;    0.000
496.663; 7630.075;  267.125;    0.000
496.797; 7618.075;  271.125;    0.000
496.932; 7529.075;  262.125;    0.000
497.067; 7715.075;  260.125;    0.000
497.202; 7789.075;  264.125;    0.000
497.336; 7978.075;  243.125;    0.000
497.471; 8012.075;  251.125;    0.000
497.606; 8067.075;  219.125;    0.000
497.740; 8272.075;  264.125;    0.000
497.875; 8461.075;  252.125;    0.000
498.010; 8564.075;  241.125;    0.000
498.144; 8717.075;  261.125;    0.000
498.279; 8814.075;  221.125;    0.000
498.414; 9055.075;  246.125;    0.000
498.548; 9127.075;  212.125;    0.000
498.683; 9223.075;  260.125;    0.000
498.817; 9431.075;  244.125;    0.000
498.952; 9488.075;  252.125;    0.000
499.087; 9662.075;  251.125;    0.000
499.221;10032.075;  282.125;    0.000
499.356; 9974.075;  264.125;    0.000
499.490;10270.075;  280.125;    0.000
499.625;10655.075;  256.125;    0.000
499.759;10814.075;  253.125;    0.000
499.894;11173.075;  261.125;    0.000
500.028;11272.075;  304.125;    0.000
500.162;11574.075;  272.125;    0.000
500.297;11578.075;  274.125;    0.000
500.431;11846.075;  320.125;    0.000
500.566;11831.075;  268.125;    0.000
500.700;11611.075;  280.125;    0.000
500.835;11640.075;  288.125;    0.000
500.969;11074.075;  253.125;    0.000
501.103;10944.075;  234.125;    0.000
501.238;10594.075;  302.125;    0.000
501.372;10390.075;  292.125;    0.000
501.506; 9959.075;  222.125;    0.000
501.641; 9724.075;  274.125;    0.000
501.775; 9389.075;  245.125;    0.000
501.909; 9218.075;  283.125;    0.000
502.043; 8996.075;  252.125;    0.000
502.178; 8826.075;  293.125;    0.000
502.312; 8527.075;  223.125;    0.000
502.446; 8589.075;  292.125;    0.000
502.580; 8374.075;  253.125;    0.000
502.715; 8277.075;  282.125;    0.000
502.849; 8262.075;  258.125;    0.000
502.983; 8002.075;  267.125;    0.000
503.117; 7961.075;  226.125;    0.000
503.251; 7954.075;  260.125;    0.000
503.385; 7855.075;  291.125;    0.000
503.520; 7672.075;  279.125;    0.000
503.654; 7680.075;  229.125;    0.000
503.788; 7499.075;  259.125;    0.000
503.922; 7388.075;  246.125;    0.000
504.056; 7194.075;  269.125;    0.000
504.190; 7315.075;  265.125;    0.000
504.324; 7277.075;  298.125;    0.000
504.458; 7106.075;  235.125;    0.000
504.592; 7211.075;  275.125;    0.000
504.726; 7030.075;  226.125;    0.000
504.860; 6916.075;  298.125;    0.000
504.994; 6885.075;  253.125;    0.000
505.128; 6818.075;  283.125;    0.000
505.262; 6640.075;  255.125;    0.000
505.396; 6580.075;  219.125;    0.000
505.530; 6557.075;  279.125;    0.000
505.664; 6379.075;  306.125;    0.000
505.798; 6278.075;  297.125;    0.000
505.932; 6225.075;  273.125;    0.000
506.066; 6281.075;  271.125;    0.000
506.199; 6153.075;  273.125;    0.000
506.333; 6196.075;  227.125;    0.000
506.467; 6164.075;  302.125;    0.000
506.601; 5963.075;  254.125;    0.000
506.735; 5989.075;  299.125;    0.000
506.869; 5913.075;  278.125;    0.000
507.002; 5967.075;  259.125;    0.000
507.136; 5941.075;  285.125;    0.000
507.270; 5936.075;  255.125;    0.000
507.404; 5829.075;  273.125;    0.000
507.537; 5801.075;  245.125;    0.000
507.671; 5862.075;  251.125;    0.000
507.805; 5711.075;  286.125;    0.000
507.939; 5815.075;  261.125;    0.000
508.072; 5717.075;  298.125;    0.000
508.206; 5653.075;  238.125;    0.000
508.340; 5800.075;  289.125;    0.000
508.473; 5614.075;  255.125;    0.000
508.607; 5694.075;  266.125;    0.000
508.740; 5679.075;  253.125;    0.000
508.874; 5617.075;  233.125;    0.000
509.008; 5499.075;  274.125;    0.000
509.141; 5530.075;  235.125;    0.000
509.275; 5520.075;  225.125;    0.000
509.408; 5516.075;  254.125;    0.000
509.542; 5591.075;  244.125;    0.000
509.675; 5556.075;  263.125;    0.000
509.809; 5476.075;  271.125;    0.000
509.942; 5501.075;  246.125;    0.000
510.076; 5497.075;  221.125;    0.000
510.209; 5428.075;  270.125;    0.000
510.343; 5451.075;  265.125;    0.000
510.476; 5361.075;  291.125;    0.000
510.610; 5423.075;  251.125;    0.000
510.743; 5407.075;  304.125;    0.000
510.877; 5355.075;  259.125;    0.000
511.010; 5286.075;  274.125;    0.000
511.143; 5463.075;  255.125;    0.000
511.277; 5278.075;  267.125;    0.000
511.410; 5330.075;  270.125;    0.000
511.543; 5262.075;  231.125;    0.000
511.677; 5350.075;  275.125;    0.000
511.810; 5194.075;  265.125;    0.000
511.943; 5292.075;  231.125;    0.000
512.077; 5300.075;  225.125;    0.000
512.210; 5264.075;  235.125;    0.000
512.343; 5166.075;  251.125;    0.000
512.476; 5252.075;  260.125;    0.000
512.610; 5261.075;  289.125;    0.000
512.743; 5413.075;  270.125;    0.000
512.876; 5355.075;  289.125;    0.000
513.009; 5312.075;  293.125;    0.000
513.142; 5253.075;  282.125;    0.000
513.276; 5227.075;  244.125;    0.000
513.409; 5177.075;  277.125;    0.000
513.542; 5118.075;  254.125;    0.000
513.675; 5309.075;  258.125;    0.000
513.808; 5235.075;  243.125;    0.000
513.941; 5292.075;  274.125;    0.000
514.074; 5277.075;  296.125;    0.000
514.207; 5276.075;  267.125;    0.000
514.340; 5265.075;  283.125;    0.000
514.474; 5324.075;  255.125;    0.000
514.607; 5297.075;  291.125;    0.000
514.740; 5373.075;  296.125;    0.000
514.873; 5451.075;  275.125;    0.000
515.006; 5491.075;  313.125;    0.000
515.139; 5463.075;  253.125;    0.000
515.272; 5683.075;  263.125;    0.000
515.404; 5689.075;  258.125;    0.000
515.537; 5620.075;  285.125;    0.000
515.670; 5554.075;  286.125;    0.000
515.803; 5598.075;  266.125;    0.000
515.936; 5592.075;  251.125;    0.000
516.069; 5609.075;  231.125;    0.000
516.202; 5709.075;  278.125;    0.000
516.335; 5780.075;  295.125;    0.000
516.468; 6298.075;  239.125;    0.000
516.600; 7303.075;  229.125;    0.000
516.733; 9063.075;  301.125;    0.000
516.866; 9067.075;  287.125;    0.000
516.999; 8157.075;  265.125;    0.000
517.132;10206.075;  291.125;    0.000
517.264;14224.075;  262.125;    0.000
517.397;13848.075;  292.125;    0.000
517.530;10540.075;  299.125;    0.000
517.663; 8729.075;  268.125;    0.000
517.795; 8290.075;  323.125;    0.000
517.928; 7819.075;  281.125;    0.000
518.061; 7983.075;  242.125;    0.000
518.193;10353.075;  279.125;    0.000
518.326;16431.074;  288.125;    0.000
518.459;17786.074;  251.125;    0.000
518.591;13420.075;  314.125;    0.000
518.724;10050.075;  279.125;    0.000
518.857; 8437.075;  245.125;    0.000
518.989; 7810.075;  290.125;    0.000
519.122; 7126.075;  319.125;    0.000
519.254; 6885.075;  295.125;    0.000
519.387; 6614.075;  271.125;    0.000
519.519; 6379.075;  312.125;    0.000
519.652; 6114.075;  289.125;    0.000
519.784; 6064.075;  311.125;    0.000
519.917; 5803.075;  283.125;    0.000
520.049; 5800.075;  281.125;    0.000
520.182; 5686.075;  242.125;    0.000
520.314; 5704.075;  310.125;    0.000
520.447; 5483.075;  215.125;    0.000
520.579; 5524.075;  277.125;    0.000
520.712; 5459.075;  224.125;    0.000
520.844; 5402.075;  293.125;    0.000
520.976; 5371.075;  281.125;    0.000
521.109; 5226.075;  279.125;    0.000
521.241; 5089.075;  318.125;    0.000
521.373; 5172.075;  242.125;    0.000
521.506; 5076.075;  246.125;    0.000
521.638; 5036.075;  312.125;    0.000
521.770; 5042.075;  257.125;    0.000
521.903; 5139.075;  295.125;    0.000
522.035; 4849.075;  283.125;    0.000
522.167; 4865.075;  281.125;    0.000
522.300; 4921.075;  262.125;    0.000
522.432; 4792.075;  272.125;    0.000
522.564; 4710.075;  277.125;    0.000
522.696; 4843.075;  295.125;    0.000
522.828; 4729.075;  284.125;    0.000
522.961; 4659.075;  295.125;    0.000
523.093; 4711.075;  282.125;    0.000
523.225; 4742.075;  270.125;    0.000
523.357; 4702.075;  285.125;    0.000
523.489; 4683.075;  292.125;    0.000
523.621; 4754.075;  285.125;    0.000
523.753; 4488.075;  273.125;    0.000
523.885; 4518.075;  271.125;    0.000
524.018; 4588.075;  276.125;    0.000
524.150; 4470.075;  320.125;    0.000
524.282; 4562.075;  304.125;    0.000
524.414; 4519.075;  302.125;    0.000
524.546; 4532.075;  305.125;    0.000
524.678; 4359.075;  264.125;    0.000
524.810; 4522.075;  258.125;    0.000
524.942; 4492.075;  252.125;    0.000
525.074; 4470.075;  275.125;    0.000
525.206; 4283.075;  286.125;    0.000
525.338; 4412.075;  280.125;    0.000
525.469; 4310.075;  267.125;    0.000
525.601; 4371.075;  266.125;    0.000
525.733; 4264.075;  283.125;    0.000
525.865; 4308.075;  273.125;    0.000
525.997; 4349.075;  286.125;    0.000
526.129; 4290.075;  249.125;    0.000
526.261; 4444.075;  233.125;    0.000
526.393; 4241.075;  257.125;    0.000
526.524; 4209.075;  184.125;    0.000
526.656; 4303.075;  259.125;    0.000
526.788; 4232.075;  268.125;    0.000
526.920; 4303.075;  262.125;    0.000
527.052; 4211.075;  250.125;    0.000
527.183; 4329.075;  264.125;    0.000
527.315; 4198.075;  301.125;    0.000
527.447; 4287.075;  262.125;    0.000
527.578; 4184.075;  267.125;    0.000
527.710; 4264.075;  299.125;    0.000
527.842; 4229.075;  266.125;    0.000
527.973; 4176.075;  240.125;    0.000
528.105; 4232.075;  275.125;    0.000
528.237; 4217.075;  239.125;    0.000
528.368; 4101.075;  275.125;    0.000
528.500; 4221.075;  271.125;    0.000
528.632; 4245.075;  252.125;    0.000
528.763; 4095.075;  253.125;    0.000
528.895; 4211.075;  259.125;    0.000
529.026; 4247.075;  209.125;    0.000
529.158; 4213.075;  291.125;    0.000
529.289; 4165.075;  280.125;    0.000
529.421; 4270.075;  274.125;    0.000
529.552; 4198.075;  253.125;    0.000
529.684; 4160.075;  310.125;    0.000
529.815; 4315.075;  305.125;    0.000
529.947; 4181.075;  234.125;    0.000
530.078; 4220.075;  259.125;    0.000
530.210; 4168.075;  264.125;    0.000
530.341; 4285.075;  267.125;    0.000
530.472; 4232.075;  232.125;    0.000
530.604; 4183.075;  293.125;    0.000
530.735; 4163.075;  275.125;    0.000
530.867; 4209.075;  280.125;    0.000
530.998; 4113.075;  295.125;    0.000
531.129; 4229.075;  274.125;    0.000
531.260; 4304.075;  272.125;    0.000
531.392; 4276.075;  275.125;    0.000
531.523; 4229.075;  244.125;    0.000
531.654; 4359.075;  289.125;    0.000
531.786; 4303.075;  259.125;    0.000
531.917; 4355.075;  286.125;    0.000
532.048; 4371.075;  293.125;    0.000
532.179; 4315.075;  288.125;    0.000
532.311; 4304.075;  296.125;    0.000
532.442; 4206.075;  277.125;    0.000
532.573; 4248.075;  273.125;    0.000
532.704; 4292.075;  308.125;    0.000
532.835; 4234.075;  308.125;    0.000
532.966; 4157.075;  274.125;    0.000
533.097; 4242.075;  310.125;    0.000
533.229; 4201.075;  294.125;    0.000
533.360; 4189.075;  324.125;    0.000
533.491; 4198.075;  278.125;    0.000
533.622; 4223.075;  319.125;    0.000
533.753; 4184.075;  303.125;    0.000
533.884; 4187.075;  269.125;    0.000
534.015; 4199.075;  266.125;    0.000
534.146; 4240.075;  283.125;    0.000
534.277; 4236.075;  299.125;    0.000
534.408; 4329.075;  265.125;    0.000
534.539; 4326.075;  310.125;    0.000
534.670; 4186.075;  319.125;    0.000
534.801; 4267.075;  281.125;    0.000
534.932; 3977.075;  239.125;    0.000
535.063; 4025.075;  276.125;    0.000
535.194; 4174.075;  361.125;    0.000
535.324; 4116.075;  283.125;    0.000
535.455; 4062.075;  282.125;    0.000
535.586; 4121.075;  331.125;    0.000
535.717; 4125.075;  262.125;    0.000
535.848; 4244.075;  308.125;    0.000
535.979; 4147.075;  273.125;    0.000
536.109; 4090.075;  277.125;    0.000
536.240; 4185.075;  293.125;    0.000
536.371; 4097.075;  295.125;    0.000
536.502; 4123.075;  330.125;    0.000
536.632; 4060.075;  280.125;    0.000
536.763; 4104.075;  332.125;    0.000
536.894; 4129.075;  334.125;    0.000
537.025; 4065.075;  295.125;    0.000
537.155; 4062.075;  321.125;    0.000
537.286; 4039.075;  292.125;    0.000
537.417; 4075.075;  314.125;    0.000
537.547; 4087.075;  287.125;    0.000
537.678; 4019.075;  287.125;    0.000
537.808; 4090.075;  278.125;    0.000
537.939; 3990.075;  304.125;    0.000
538.070; 4060.075;  303.125;    0.000
538.200; 4020.075;  279.125;    0.000
538.331; 3990.075;  321.125;    0.000
538.461; 3930.075;  313.125;    0.000
538.592; 4052.075;  290.125;    0.000
538.722; 3991.075;  285.125;    0.000
538.853; 4023.075;  261.125;    0.000
538.983; 3962.075;  280.125;    0.000
539.114; 3956.075;  310.125;    0.000
539.244; 4055.075;  281.125;    0.000
539.375; 3944.075;  292.125;    0.000
539.505; 4036.075;  286.125;    0.000
539.636; 4016.075;  276.125;    0.000
539.766; 4055.075;  287.125;    0.000
539.896; 3956.075;  292.125;    0.000
540.027; 3987.075;  262.125;    0.000
540.157; 4019.075;  269.125;    0.000
540.287; 4043.075;  282.125;    0.000
540.418; 4020.075;  269.125;    0.000
540.548; 4081.075;  328.125;    0.000
540.678; 4004.075;  271.125;    0.000
540.809; 4100.075;  272.125;    0.000
540.939; 4034.075;  299.125;    0.000
541.069; 3983.075;  266.125;    0.000
541.200; 4077.075;  242.125;    0.000
541.330; 4107.075;  257.125;    0.000
541.460; 4105.075;  270.125;    0.000
541.590; 4100.075;  287.125;    0.000
541.720; 4004.075;  255.125;    0.000
541.851; 3987.075;  273.125;    0.000
541.981; 4146.075;  244.125;    0.000
542.111; 4281.075;  263.125;    0.000
542.241; 4195.075;  271.125;    0.000
542.371; 4205.075;  263.125;    0.000
542.501; 4150.075;  274.125;    0.000
542.631; 4462.075;  288.125;    0.000
542.761; 4333.075;  261.125;    0.000
542.891; 4262.075;  253.125;    0.000
543.021; 4309.075;  249.125;    0.000
543.151; 4454.075;  261.125;    0.000
543.281; 4406.075;  256.125;    0.000
543.411; 4259.075;  290.125;    0.000
543.542; 4250.075;  278.125;    0.000
543.671; 4297.075;  238.125;    0.000
543.801; 4178.075;  256.125;    0.000
543.931; 4230.075;  254.125;    0.000
544.061; 4288.075;  237.125;    0.000
544.191; 4216.075;  245.125;    0.000
544.321; 4239.075;  267.125;    0.000
544.451; 4332.075;  262.125;    0.000
544.581; 4162.075;  221.125;    0.000
544.711; 4355.075;  252.125;    0.000
544.841; 4299.075;  264.125;    0.000
544.970; 4444.075;  315.125;    0.000
545.100; 4465.075;  245.125;    0.000
545.230; 4454.075;  276.125;    0.000
545.360; 4466.075;  278.125;    0.000
545.490; 4440.075;  268.125;    0.000
545.619; 4261.075;  237.125;    0.000
545.749; 4225.075;  228.125;    0.000
545.879; 4334.075;  234.125;    0.000
546.009; 4262.075;  287.125;    0.000
546.138; 4197.075;  222.125;    0.000
546.268; 4215.075;  228.125;    0.000
546.398; 4217.075;  244.125;    0.000
546.527; 4238.075;  233.125;    0.000
546.657; 4156.075;  189.125;    0.000
546.786; 4193.075;  247.125;    0.000
546.916; 4228.075;  244.125;    0.000
547.046; 4199.075;  214.125;    0.000
547.175; 4272.075;  242.125;    0.000
547.305; 4169.075;  252.125;    0.000
547.434; 4183.075;  191.125;    0.000
547.564; 4213.075;  208.125;    0.000
547.693; 4202.075;  213.125;    0.000
547.823; 4171.075;  209.125;    0.000
547.953; 4223.075;  250.125;    0.000
548.082; 4264.075;  231.125;    0.000
548.211; 4115.075;  226.125;    0.000
548.341; 4200.075;  254.125;    0.000
548.470; 4158.075;  266.125;    0.000
548.600; 4118.075;  229.125;    0.000
548.729; 4175.075;  225.125;    0.000
548.859; 4126.075;  185.125;    0.000
548.988; 4165.075;  225.125;    0.000
549.117; 4264.075;  241.125;    0.000
549.247; 4234.075;  236.125;    0.000
549.376; 4318.075;  220.125;    0.000
549.505; 4326.075;  254.125;    0.000
549.635; 4317.075;  268.125;    0.000
549.764; 4207.075;  194.125;    0.000
549.893; 4338.075;  232.125;    0.000
550.023; 4284.075;  222.125;    0.000
550.152; 4304.075;  223.125;    0.000
550.281; 4357.075;  210.125;    0.000
550.410; 4344.075;  197.125;    0.000
550.539; 4334.075;  222.125;    0.000
550.669; 4301.075;  245.125;    0.000
550.798; 4391.075;  265.125;    0.000
550.927; 4399.075;  249.125;    0.000
551.056; 4441.075;  184.125;    0.000
551.185; 4402.075;  247.125;    0.000
551.314; 4363.075;  258.125;    0.000
551.443; 4252.075;  224.125;    0.000
551.573; 4406.075;  204.125;    0.000
551.702; 4365.075;  220.125;    0.000
551.831; 4338.075;  287.125;    0.000
551.960; 4338.075;  259.125;    0.000
552.089; 4445.075;  222.125;    0.000
552.218; 4470.075;  254.125;    0.000
552.347; 4463.075;  260.125;    0.000
552.476; 4490.075;  251.125;    0.000
552.605; 4572.075;  229.125;    0.000
552.734; 4605.075;  261.125;    0.000
552.863; 4620.075;  225.125;    0.000
552.992; 4718.075;  202.125;    0.000
553.121; 4814.075;  193.125;    0.000
553.249; 4585.075;  224.125;    0.000
553.378; 4631.075;  274.125;    0.000
553.507; 4629.075;  248.125;    0.000
553.636; 4506.075;  203.125;    0.000
553.765; 4500.075;  224.125;    0.000
553.894; 4509.075;  246.125;    0.000
554.023; 4472.075;  229.125;    0.000
554.151; 4497.075;  216.125;    0.000
554.280; 4508.075;  223.125;    0.000
554.409; 4357.075;  240.125;    0.000
554.538; 4431.075;  277.125;    0.000
554.666; 4447.075;  244.125;    0.000
554.795; 4365.075;  240.125;    0.000
554.924; 4373.075;  257.125;    0.000
555.052; 4313.075;  266.125;    0.000
555.181; 4388.075;  244.125;    0.000
555.310; 4318.075;  262.125;    0.000
555.439; 4255.075;  260.125;    0.000
555.567; 4319.075;  234.125;    0.000
555.696; 4391.075;  237.125;    0.000
555.824; 4359.075;  232.125;    0.000
555.953; 4370.075;  279.125;    0.000
556.082; 4244.075;  234.125;    0.000
556.210; 4336.075;  235.125;    0.000
556.339; 4186.075;  198.125;    0.000
556.467; 4382.075;  216.125;    0.000
556.596; 4318.075;  273.125;    0.000
556.724; 4293.075;  245.125;    0.000
556.853; 4271.075;  241.125;    0.000
556.981; 4244.075;  219.125;    0.000
557.110; 4264.075;  242.125;    0.000
557.238; 4172.075;  202.125;    0.000
557.367; 4243.075;  254.125;    0.000
557.495; 4194.075;  260.125;    0.000
557.623; 4121.075;  207.125;    0.000
557.752; 4207.075;  219.125;    0.000
557.880; 4139.075;  209.125;    0.000
558.008; 4120.075;  243.125;    0.000
558.137; 4310.075;  244.125;    0.000
558.265; 4275.075;  221.125;    0.000
558.393; 4174.075;  297.125;    0.000
558.522; 4152.075;  232.125;    0.000
558.650; 4193.075;  299.125;    0.000
558.778; 4148.075;  210.125;    0.000
558.906; 4158.075;  240.125;    0.000
559.035; 4286.075;  252.125;    0.000
559.163; 4145.075;  246.125;    0.000
559.291; 4155.075;  213.125;    0.000
559.419; 4183.075;  221.125;    0.000
559.548; 4266.075;  208.125;    0.000
559.676; 4352.075;  254.125;    0.000
559.804; 4291.075;  213.125;    0.000
559.932; 4384.075;  208.125;    0.000
560.060; 4206.075;  276.125;    0.000
560.188; 4338.075;  278.125;    0.000
560.316; 4375.075;  217.125;    0.000
560.444; 4268.075;  254.125;    0.000
560.572; 4305.075;  226.125;    0.000
560.700; 4424.075;  282.125;    0.000
560.828; 4480.075;  211.125;    0.000
560.956; 4380.075;  264.125;    0.000
561.085; 4441.075;  295.125;    0.000
561.212; 4387.075;  229.125;    0.000
561.340; 4387.075;  259.125;    0.000
561.468; 4495.075;  253.125;    0.000
561.596; 4403.075;  240.125;    0.000
561.724; 4499.075;  259.125;    0.000
561.852; 4558.075;  224.125;    0.000
561.980; 4532.075;  251.125;    0.000
562.108; 4512.075;  214.125;    0.000
562.236; 4532.075;  258.125;    0.000
562.364; 4578.075;  237.125;    0.000
562.492; 4578.075;  228.125;    0.000
562.619; 4573.075;  223.125;    0.000
562.747; 4643.075;  263.125;    0.000
562.875; 4639.075;  257.125;    0.000
563.003; 4648.075;  216.125;    0.000
563.130; 4658.075;  190.125;    0.000
563.258; 4727.075;  225.125;    0.000
563.386; 4690.075;  259.125;    0.000
563.514; 4826.075;  264.125;    0.000
563.641; 4825.075;  230.125;    0.000
563.769; 5012.075;  257.125;    0.000
563.897; 5008.075;  210.125;    0.000
564.024; 4898.075;  221.125;    0.000
564.152; 5130.075;  256.125;    0.000
564.280; 5299.075;  225.125;    0.000
564.407; 5145.075;  262.125;    0.000
564.535; 5233.075;  235.125;    0.000
564.662; 5196.075;  238.125;    0.000
564.790; 5290.075;  248.125;    0.000
564.917; 5242.075;  214.125;    0.000
565.045; 5363.075;  253.125;    0.000
565.173; 5319.075;  225.125;    0.000
565.300; 5367.075;  261.125;    0.000
565.428; 5404.075;  218.125;    0.000
565.555; 5416.075;  245.125;    0.000
565.682; 5548.075;  242.125;    0.000
565.810; 5568.075;  228.125;    0.000
565.937; 5808.075;  230.125;    0.000
566.065; 5841.075;  251.125;    0.000
566.192; 5843.075;  196.125;    0.000
566.320; 5993.075;  217.125;    0.000
566.447; 6187.075;  224.125;    0.000
566.574; 6131.075;  221.125;    0.000
566.702; 6355.075;  221.125;    0.000
566.829; 6446.075;  252.125;    0.000
566.956; 6507.075;  214.125;    0.000
567.083; 6626.075;  204.125;    0.000
567.211; 6602.075;  216.125;    0.000
567.338; 6646.075;  228.125;    0.000
567.465; 6694.075;  208.125;    0.000
567.593; 6766.075;  205.125;    0.000
567.720; 6750.075;  194.125;    0.000
567.847; 6682.075;  268.125;    0.000
567.974; 6732.075;  198.125;    0.000
568.101; 7128.075;  224.125;    0.000
568.228; 7938.075;  236.125;    0.000
568.356; 8122.075;  207.125;    0.000
568.483; 7934.075;  220.125;    0.000
568.610; 7749.075;  181.125;    0.000
568.737; 8849.075;  216.125;    0.000
568.864; 9840.075;  258.125;    0.000
568.991; 9434.075;  203.125;    0.000
569.118; 8196.075;  232.125;    0.000
569.245; 7527.075;  192.125;    0.000
569.372; 7017.075;  226.125;    0.000
569.499; 6767.075;  211.125;    0.000
569.626; 6424.075;  247.125;    0.000
569.753; 6329.075;  248.125;    0.000
569.880; 6228.075;  226.125;    0.000
570.007; 6061.075;  215.125;    0.000
570.134; 5788.075;  205.125;    0.000
570.261; 5729.075;  187.125;    0.000
570.388; 5581.075;  258.125;    0.000
570.515; 5613.075;  241.125;    0.000
570.642; 5545.075;  211.125;    0.000
570.768; 5507.075;  228.125;    0.000
570.895; 5431.075;  229.125;    0.000
571.022; 5457.075;  203.125;    0.000
571.149; 5335.075;  206.125;    0.000
571.276; 5067.075;  191.125;    0.000
571.402; 5158.075;  218.125;    0.000
571.529; 5150.075;  192.125;    0.000
571.656; 5151.075;  209.125;    0.000
571.783; 4898.075;  181.125;    0.000
571.909; 5036.075;  251.125;    0.000
572.036; 4962.075;  225.125;    0.000
572.163; 4858.075;  214.125;    0.000
572.289; 4878.075;  252.125;    0.000
572.416; 4874.075;  220.125;    0.000
572.543; 4765.075;  225.125;    0.000
572.669; 4726.075;  226.125;    0.000
572.796; 4736.075;  231.125;    0.000
572.922; 4724.075;  258.125;    0.000
573.049; 4824.075;  202.125;    0.000
573.176; 4641.075;  254.125;    0.000
573.302; 4688.075;  215.125;    0.000
573.429; 4829.075;  251.125;    0.000
573.555; 4759.075;  221.125;    0.000
573.682; 4643.075;  227.125;    0.000
573.808; 4581.075;  259.125;    0.000
573.935; 4597.075;  233.125;    0.000
574.061; 4701.075;  241.125;    0.000
574.188; 4606.075;  238.125;    0.000
574.314; 4632.075;  221.125;    0.000
574.440; 4537.075;  221.125;    0.000
574.567; 4629.075;  216.125;    0.000
574.693; 4667.075;  224.125;    0.000
574.820; 4604.075;  199.125;    0.000
574.946; 4529.075;  248.125;    0.000
575.072; 4555.075;  220.125;    0.000
575.198; 4541.075;  262.125;    0.000
575.325; 4582.075;  232.125;    0.000
575.451; 4565.075;  225.125;    0.000
575.577; 4495.075;  216.125;    0.000
575.704; 4560.075;  248.125;    0.000
575.830; 4551.075;  227.125;    0.000
575.956; 4444.075;  206.125;    0.000
576.082; 4497.075;  222.125;    0.000
576.208; 4480.075;  206.125;    0.000
576.335; 4435.075;  256.125;    0.000
576.461; 4418.075;  247.125;    0.000
576.587; 4513.075;  219.125;    0.000
576.713; 4447.075;  215.125;    0.000
576.839; 4415.075;  225.125;    0.000
576.965; 4490.075;  230.125;    0.000
577.091; 4556.075;  235.125;    0.000
577.217; 4497.075;  235.125;    0.000
577.343; 4490.075;  233.125;    0.000
577.469; 4474.075;  242.125;    0.000
577.596; 4500.075;  241.125;    0.000
577.722; 4433.075;  255.125;    0.000
577.848; 4537.075;  235.125;    0.000
577.974; 4528.075;  210.125;    0.000
578.099; 4538.075;  239.125;    0.000
578.225; 4475.075;  258.125;    0.000
578.351; 4451.075;  209.125;    0.000
578.477; 4475.075;  255.125;    0.000
578.603; 4483.075;  213.125;    0.000
578.729; 4474.075;  221.125;    0.000
578.855; 4456.075;  209.125;    0.000
578.981; 4550.075;  206.125;    0.000
579.107; 4642.075;  221.125;    0.000
579.232; 4578.075;  206.125;    0.000
579.358; 4512.075;  226.125;    0.000
579.484; 4573.075;  244.125;    0.000
579.610; 4644.075;  261.125;    0.000
579.735; 4478.075;  270.125;    0.000
579.861; 4626.075;  255.125;    0.000
579.987; 4615.075;  249.125;    0.000
580.113; 4613.075;  260.125;    0.000
580.238; 4531.075;  206.125;    0.000
580.364; 4684.075;  249.125;    0.000
580.490; 4682.075;  225.125;    0.000
580.615; 4598.075;  266.125;    0.000
580.741; 4657.075;  224.125;    0.000
580.867; 4690.075;  251.125;    0.000
580.992; 4687.075;  270.125;    0.000
581.118; 4642.075;  248.125;    0.000
581.243; 4716.075;  251.125;    0.000
581.369; 4681.075;  192.125;    0.000
581.494; 4676.075;  259.125;    0.000
581.620; 4718.075;  245.125;    0.000
581.745; 4744.075;  232.125;    0.000
581.871; 4829.075;  243.125;    0.000
581.996; 4875.075;  216.125;    0.000
582.122; 4827.075;  263.125;    0.000
582.247; 4918.075;  254.125;    0.000
582.373; 4919.075;  232.125;    0.000
582.498; 4939.075;  275.125;    0.000
582.624; 4966.075;  260.125;    0.000
582.749; 5038.075;  251.125;    0.000
582.874; 5050.075;  245.125;    0.000
583.000; 5060.075;  278.125;    0.000
583.125; 5158.075;  211.125;    0.000
583.250; 5298.075;  246.125;    0.000
583.376; 5200.075;  259.125;    0.000
583.501; 5176.075;  254.125;    0.000
583.626; 5433.075;  209.125;    0.000
583.751; 5364.075;  239.125;    0.000
583.877; 5374.075;  255.125;    0.000
584.002; 5403.075;  263.125;    0.000
584.127; 5499.075;  205.125;    0.000
584.252; 5515.075;  196.125;    0.000
584.377; 5767.075;  249.125;    0.000
584.503; 5724.075;  219.125;    0.000
584.628; 5628.075;  243.125;    0.000
584.753; 5908.075;  250.125;    0.000
584.878; 5862.075;  208.125;    0.000
585.003; 6026.075;  234.125;    0.000
585.128; 6185.075;  207.125;    0.000
585.253; 6349.075;  219.125;    0.000
585.378; 6361.075;  205.125;    0.000
585.503; 6424.075;  256.125;    0.000
585.628; 6512.075;  217.125;    0.000
585.753; 6723.075;  213.125;    0.000
585.878; 6801.075;  147.125;    0.000
586.003; 7057.075;  256.125;    0.000
586.128; 7281.075;  214.125;    0.000
586.253; 7359.075;  254.125;    0.000
586.378; 7538.075;  252.125;    0.000
586.503; 7925.075;  219.125;    0.000
586.628; 8239.075;  226.125;    0.000
586.753; 8255.075;  237.125;    0.000
586.878; 8838.075;  185.125;    0.000
587.003; 9248.075;  248.125;    0.000
587.127; 9669.075;  237.125;    0.000
587.252;10062.075;  221.125;    0.000
587.377;10690.075;  244.125;    0.000
587.502;11250.075;  260.125;    0.000
587.627;11979.075;  232.125;    0.000
587.751;13011.075;  250.125;    0.000
587.876;14252.075;  234.125;    0.000
588.001;15518.075;  248.125;    0.000
588.125;17242.074;  236.125;    0.000
588.250;19600.074;  192.125;    0.000
588.375;22664.074;  265.125;    0.000
588.499;26919.074;  235.125;    0.000
588.624;32816.074;  212.125;    0.000
588.749;42180.074;  214.125;    0.000
588.873;52347.074;  236.125;    0.000
588.998;60475.074;  230.125;    0.000
589.122;61730.074;  231.125;    0.000
589.247;55637.074;  250.125;    0.000
589.372;50397.074;  247.125;    0.000
589.496;53280.074;  230.125;    0.000
589.621;57778.074;  237.125;    0.000
589.745;53734.074;  277.125;    0.000
589.870;43515.074;  283.125;    0.000
589.994;34157.074;  263.125;    0.000
590.118;28399.074;  239.125;    0.000
590.243;24038.074;  218.125;    0.000
590.367;21076.074;  226.125;    0.000
590.492;18752.074;  269.125;    0.000
590.616;17031.074;  205.125;    0.000
590.740;15524.075;  243.125;    0.000
590.865;14388.075;  281.125;    0.000
590.989;13317.075;  233.125;    0.000
591.114;12443.075;  222.125;    0.000
591.238;11864.075;  204.125;    0.000
591.362;11133.075;  283.125;    0.000
591.486;10697.075;  236.125;    0.000
591.611;10205.075;  228.125;    0.000
591.735; 9834.075;  249.125;    0.000
591.859; 9483.075;  202.125;    0.000
591.983; 9227.075;  257.125;    0.000
592.107; 8755.075;  230.125;    0.000
592.232; 8663.075;  266.125;    0.000
592.356; 8438.075;  232.125;    0.000
592.480; 8162.075;  245.125;    0.000
592.604; 7890.075;  254.125;    0.000
592.728; 7906.075;  233.125;    0.000
592.852; 7728.075;  213.125;    0.000
592.976; 7428.075;  234.125;    0.000
593.100; 7492.075;  246.125;    0.000
593.224; 7314.075;  305.125;    0.000
593.349; 7200.075;  240.125;    0.000
593.473; 6985.075;  206.125;    0.000
593.597; 7009.075;  243.125;    0.000
593.721; 6799.075;  247.125;    0.000
593.844; 6622.075;  230.125;    0.000
593.968; 6593.075;  226.125;    0.000
594.092; 6541.075;  193.125;    0.000
594.216; 6539.075;  237.125;    0.000
594.340; 6372.075;  235.125;    0.000
594.464; 6258.075;  225.125;    0.000
594.588; 6167.075;  269.125;    0.000
594.712; 6099.075;  242.125;    0.000
594.836; 5868.075;  240.125;    0.000
594.959; 5941.075;  255.125;    0.000
595.083; 5808.075;  258.125;    0.000
595.207; 5668.075;  264.125;    0.000
595.331; 5656.075;  215.125;    0.000
595.455; 5625.075;  234.125;    0.000
595.578; 5603.075;  215.125;    0.000
595.702; 5443.075;  259.125;    0.000
595.826; 5323.075;  232.125;    0.000
595.949; 5335.075;  251.125;    0.000
596.073; 5165.075;  197.125;    0.000
596.197; 5284.075;  239.125;    0.000
596.320; 5134.075;  229.125;    0.000
596.444; 5190.075;  264.125;    0.000
596.568; 5026.075;  207.125;    0.000
596.691; 4997.075;  234.125;    0.000
596.815; 4963.075;  241.125;    0.000
596.938; 4952.075;  244.125;    0.000
597.062; 4924.075;  210.125;    0.000
597.186; 4826.075;  247.125;    0.000
597.309; 4809.075;  215.125;    0.000
597.433; 4954.075;  266.125;    0.000
597.556; 4887.075;  234.125;    0.000
597.680; 4779.075;  261.125;    0.000
597.803; 4714.075;  239.125;    0.000
597.926; 4589.075;  251.125;    0.000
598.050; 4692.075;  227.125;    0.000
598.173; 4632.075;  247.125;    0.000
598.297; 4642.075;  244.125;    0.000
598.420; 4582.075;  243.125;    0.000
598.543; 4519.075;  237.125;    0.000
598.667; 4433.075;  239.125;    0.000
598.790; 4443.075;  217.125;    0.000
598.913; 4510.075;  244.125;    0.000
599.037; 4536.075;  249.125;    0.000
599.160; 4434.075;  222.125;    0.000
599.283; 4455.075;  235.125;    0.000
599.406; 4278.075;  228.125;    0.000
599.530; 4416.075;  234.125;    0.000
599.653; 4291.075;  228.125;    0.000
599.776; 4424.075;  263.125;    0.000
599.899; 4320.075;  197.125;    0.000
600.022; 4364.075;  224.125;    0.000
600.145; 4267.075;  211.125;    0.000
600.269; 4276.075;  246.125;    0.000
600.392; 4291.075;  233.125;    0.000
600.515; 4137.075;  266.125;    0.000
600.638; 4139.075;  246.125;    0.000
600.761; 4226.075;  213.125;    0.000
600.884; 4095.075;  279.125;    0.000
601.007; 4266.075;  268.125;    0.000
601.130; 4107.075;  203.125;    0.000
601.253; 4190.075;  241.125;    0.000
601.376; 4122.075;  248.125;    0.000
601.499; 4200.075;  241.125;    0.000
601.622; 4064.075;  266.125;    0.000
601.745; 4192.075;  237.125;    0.000
601.868; 4096.075;  256.125;    0.000
601.991; 4176.075;  260.125;    0.000
602.113; 4103.075;  246.125;    0.000
602.236; 4055.075;  243.125;    0.000
602.359; 4133.075;  220.125;    0.000
602.482; 4043.075;  236.125;    0.000
602.605; 3921.075;  216.125;    0.000
602.728; 4030.075;  247.125;    0.000
602.850; 4010.075;  255.125;    0.000
602.973; 3957.075;  224.125;    0.000
603.096; 4046.075;  258.125;    0.000
603.219; 3919.075;  222.125;    0.000
603.341; 4118.075;  235.125;    0.000
603.464; 4004.075;  223.125;    0.000
603.587; 3923.075;  250.125;    0.000
603.709; 3920.075;  229.125;    0.000
603.832; 4008.075;  285.125;    0.000
603.955; 3948.075;  225.125;    0.000
604.077; 3913.075;  235.125;    0.000
604.200; 3966.075;  209.125;    0.000
604.323; 3855.075;  240.125;    0.000
604.445; 3935.075;  198.125;    0.000
604.568; 3889.075;  230.125;    0.000
604.690; 3857.075;  225.125;    0.000
604.813; 3970.075;  248.125;    0.000
604.935; 3862.075;  204.125;    0.000
605.058; 3924.075;  191.125;    0.000
605.180; 3813.075;  237.125;    0.000
605.303; 3899.075;  224.125;    0.000
605.425; 3906.075;  244.125;    0.000
605.547; 3908.075;  268.125;    0.000
605.670; 3829.075;  211.125;    0.000
605.792; 3913.075;  266.125;    0.000
605.915; 3804.075;  202.125;    0.000
606.037; 3874.075;  236.125;    0.000
606.159; 3703.075;  234.125;    0.000
606.282; 3805.075;  223.125;    0.000
606.404; 3779.075;  217.125;    0.000
606.526; 3825.075;  221.125;    0.000
606.648; 3854.075;  204.125;    0.000
606.771; 3816.075;  265.125;    0.000
606.893; 3791.075;  211.125;    0.000
607.015; 3766.075;  206.125;    0.000
607.137; 3759.075;  222.125;    0.000
607.260; 3790.075;  228.125;    0.000
607.382; 3879.075;  202.125;    0.000
607.504; 3820.075;  257.125;    0.000
607.626; 3766.075;  249.125;    0.000
607.748; 3732.075;  233.125;    0.000
607.870; 3822.075;  222.125;    0.000
607.992; 3692.075;  227.125;    0.000
608.114; 3739.075;  228.125;    0.000
608.237; 3904.075;  254.125;    0.000
608.359; 3663.075;  216.125;    0.000
608.481; 3710.075;  197.125;    0.000
608.603; 3677.075;  209.125;    0.000
608.725; 3594.075;  220.125;    0.000
608.847; 3783.075;  259.125;    0.000
608.969; 3632.075;  242.125;    0.000
609.090; 3712.075;  218.125;    0.000
609.212; 3559.075;  200.125;    0.000
609.334; 3786.075;  212.125;    0.000
609.456; 3686.075;  231.125;    0.000
609.578; 3699.075;  249.125;    0.000
609.700; 3737.075;  185.125;    0.000
609.822; 3670.075;  200.125;    0.000
609.944; 3780.075;  236.125;    0.000
610.065; 3792.075;  255.125;    0.000
610.187; 3734.075;  208.125;    0.000
610.309; 3545.075;  202.125;    0.000
610.431; 3614.075;  232.125;    0.000
610.552; 3731.075;  232.125;    0.000
610.674; 3611.075;  217.125;    0.000
610.796; 3674.075;  186.125;    0.000
610.918; 3543.075;  211.125;    0.000
611.039; 3650.075;  244.125;    0.000
611.161; 3708.075;  202.125;    0.000
611.282; 3592.075;  212.125;    0.000
611.404; 3620.075;  235.125;    0.000
611.526; 3624.075;  213.125;    0.000
611.647; 3672.075;  248.125;    0.000
611.769; 3619.075;  205.125;    0.000
611.890; 3561.075;  224.125;    0.000
612.012; 3647.075;  189.125;    0.000
612.133; 3603.075;  186.125;    0.000
612.255; 3605.075;  246.125;    0.000
612.377; 3610.075;  230.125;    0.000
612.498; 3593.075;  196.125;    0.000
612.619; 3566.075;  234.125;    0.000
612.741; 3664.075;  221.125;    0.000
612.862; 3665.075;  227.125;    0.000
612.984; 3528.075;  189.125;    0.000
613.105; 3687.075;  232.125;    0.000
613.226; 3572.075;  199.125;    0.000
613.348; 3619.075;  260.125;    0.000
613.469; 3593.075;  217.125;    0.000
613.590; 3645.075;  236.125;    0.000
613.712; 3588.075;  226.125;    0.000
613.833; 3551.075;  231.125;    0.000
613.954; 3530.075;  236.125;    0.000
614.076; 3575.075;  236.125;    0.000
614.197; 3537.075;  228.125;    0.000
614.318; 3657.075;  207.125;    0.000
614.439; 3526.075;  237.125;    0.000
614.560; 3676.075;  202.125;    0.000
614.682; 3646.075;  230.125;    0.000
614.803; 3653.075;  236.125;    0.000
614.924; 3541.075;  257.125;    0.000
615.045; 3696.075;  228.125;    0.000
615.166; 3719.075;  221.125;    0.000
615.287; 3782.075;  199.125;    0.000
615.408; 4319.075;  228.125;    0.000
615.529; 4377.075;  200.125;    0.000
615.650; 4067.075;  224.125;    0.000
615.771; 3906.075;  202.125;    0.000
615.892; 4032.075;  215.125;    0.000
616.013; 4670.075;  246.125;    0.000
616.134; 5207.075;  210.125;    0.000
616.255; 4800.075;  232.125;    0.000
616.376; 4262.075;  241.125;    0.000
616.497; 4035.075;  213.125;    0.000
616.618; 3814.075;  171.125;    0.000
616.739; 3858.075;  221.125;    0.000
616.860; 3719.075;  244.125;    0.000
616.981; 3758.075;  240.125;    0.000
617.102; 3768.075;  234.125;    0.000
617.222; 3688.075;  265.125;    0.000
617.343; 3674.075;  206.125;    0.000
617.464; 3718.075;  246.125;    0.000
617.585; 3676.075;  256.125;    0.000
617.705; 3671.075;  249.125;    0.000
617.826; 3607.075;  218.125;    0.000
617.947; 3670.075;  225.125;    0.000
618.068; 3658.075;  199.125;    0.000
618.188; 3619.075;  202.125;    0.000
618.309; 3656.075;  220.125;    0.000
618.430; 3564.075;  229.125;    0.000
618.550; 3500.075;  252.125;    0.000
618.671; 3608.075;  233.125;    0.000
618.791; 3564.075;  227.125;    0.000
618.912; 3677.075;  236.125;    0.000
619.033; 3617.075;  220.125;    0.000
619.153; 3585.075;  228.125;    0.000
619.274; 3459.075;  208.125;    0.000
619.394; 3401.075;  255.125;    0.000
619.515; 3473.075;  206.125;    0.000
619.635; 3433.075;  204.125;    0.000
619.756; 3623.075;  252.125;    0.000
619.876; 3550.075;  238.125;    0.000
619.996; 3609.075;  249.125;    0.000
620.117; 3487.075;  223.125;    0.000
620.237; 3485.075;  210.125;    0.000
620.358; 3496.075;  264.125;    0.000
620.478; 3480.075;  263.125;    0.000
620.598; 3535.075;  238.125;    0.000
620.719; 3468.075;  225.125;    0.000
620.839; 3437.075;  259.125;    0.000
620.959; 3471.075;  218.125;    0.000
621.079; 3407.075;  253.125;    0.000
621.200; 3454.075;  245.125;    0.000
621.320; 3469.075;  254.125;    0.000
621.440; 3445.075;  233.125;    0.000
621.560; 3388.075;  235.125;    0.000
621.681; 3328.075;  234.125;    0.000
621.801; 3468.075;  240.125;    0.000
621.921; 3391.075;  239.125;    0.000
622.041; 3389.075;  288.125;    0.000
622.161; 3381.075;  229.125;    0.000
622.281; 3351.075;  223.125;    0.000
622.401; 3327.075;  240.125;    0.000
622.521; 3414.075;  267.125;    0.000
622.641; 3349.075;  226.125;    0.000
622.761; 3381.075;  252.125;    0.000
622.882; 3302.075;  207.125;    0.000
623.002; 3332.075;  226.125;    0.000
623.121; 3350.075;  207.125;    0.000
623.241; 3403.075;  215.125;    0.000
623.361; 3289.075;  222.125;    0.000
623.481; 3352.075;  187.125;    0.000
623.601; 3373.075;  283.125;    0.000
623.721; 3450.075;  283.125;    0.000
623.841; 3406.075;  233.125;    0.000
623.961; 3355.075;  215.125;    0.000
624.081; 3203.075;  219.125;    0.000
624.201; 3291.075;  221.125;    0.000
624.320; 3256.075;  215.125;    0.000
624.440; 3280.075;  222.125;    0.000
624.560; 3322.075;  231.125;    0.000
624.680; 3368.075;  225.125;    0.000
624.799; 3352.075;  230.125;    0.000
624.919; 3333.075;  243.125;    0.000
625.039; 3283.075;  203.125;    0.000
625.159; 3302.075;  257.125;    0.000
625.278; 3259.075;  230.125;    0.000
625.398; 3351.075;  195.125;    0.000
625.518; 3185.075;  211.125;    0.000
625.637; 3264.075;  267.125;    0.000
625.757; 3286.075;  228.125;    0.000
625.876; 3236.075;  231.125;    0.000
625.996; 3276.075;  219.125;    0.000
626.115; 3319.075;  235.125;    0.000
626.235; 3307.075;  199.125;    0.000
626.354; 3202.075;  226.125;    0.000
626.474; 3199.075;  225.125;    0.000
626.594; 3251.075;  223.125;    0.000
626.713; 3316.075;  231.125;    0.000
626.832; 3236.075;  287.125;    0.000
626.952; 3230.075;  251.125;    0.000
627.071; 3274.075;  254.125;    0.000
627.191; 3180.075;  193.125;    0.000
627.310; 3257.075;  213.125;    0.000
627.429; 3269.075;  259.125;    0.000
627.549; 3270.075;  243.125;    0.000
627.668; 3222.075;  181.125;    0.000
627.787; 3275.075;  232.125;    0.000
627.907; 3199.075;  222.125;    0.000
628.026; 3281.075;  219.125;    0.000
628.145; 3162.075;  201.125;    0.000
628.264; 3166.075;  198.125;    0.000
628.384; 3244.075;  208.125;    0.000
628.503; 3168.075;  251.125;    0.000
628.622; 3197.075;  195.125;    0.000
628.741; 3216.075;  180.125;    0.000
628.860; 3178.075;  235.125;    0.000
628.980; 3235.075;  222.125;    0.000
629.099; 3193.075;  237.125;    0.000
629.218; 3189.075;  175.125;    0.000
629.337; 3131.075;  194.125;    0.000
629.456; 3170.075;  225.125;    0.000
629.575; 3204.075;  239.125;    0.000
629.694; 3215.075;  230.125;    0.000
629.813; 3197.075;  197.125;    0.000
629.932; 3178.075;  225.125;    0.000
630.051; 3210.075;  238.125;    0.000
630.170; 3171.075;  233.125;    0.000
630.289; 3274.075;  231.125;    0.000
630.408; 2999.075;  204.125;    0.000
630.527; 3268.075;  262.125;    0.000
630.646; 3134.075;  181.125;    0.000
630.764; 3140.075;  218.125;    0.000
630.883; 3160.075;  215.125;    0.000
631.002; 3220.075;  224.125;    0.000
631.121; 3103.075;  209.125;    0.000
631.240; 3190.075;  230.125;    0.000
631.359; 3197.075;  235.125;    0.000
631.477; 3167.075;  223.125;    0.000
631.596; 3219.075;  218.125;    0.000
631.715; 3196.075;  234.125;    0.000
631.834; 3106.075;  215.125;    0.000
631.952; 3205.075;  243.125;    0.000
632.071; 3158.075;  219.125;    0.000
632.190; 3128.075;  235.125;    0.000
632.308; 3165.075;  239.125;    0.000
632.427; 3090.075;  211.125;    0.000
632.546; 3123.075;  233.125;    0.000
632.664; 3132.075;  219.125;    0.000
632.783; 3099.075;  203.125;    0.000
632.901; 3133.075;  221.125;    0.000
633.020; 3036.075;  197.125;    0.000
633.138; 3110.075;  244.125;    0.000
633.257; 3121.075;  205.125;    0.000
633.375; 3214.075;  245.125;    0.000
633.494; 3049.075;  218.125;    0.000
633.612; 3127.075;  222.125;    0.000
633.731; 3026.075;  212.125;    0.000
633.849; 3203.075;  218.125;    0.000
633.968; 3092.075;  236.125;    0.000
634.086; 3057.075;  233.125;    0.000
634.204; 3136.075;  215.125;    0.000
634.323; 3100.075;  230.125;    0.000
634.441; 3052.075;  235.125;    0.000
634.559; 3039.075;  202.125;    0.000
634.678; 3063.075;  218.125;    0.000
634.796; 3027.075;  203.125;    0.000
634.914; 3041.075;  227.125;    0.000
635.032; 3021.075;  279.125;    0.000
635.151; 3086.075;  221.125;    0.000
635.269; 3004.075;  207.125;    0.000
635.387; 3148.075;  195.125;    0.000
635.505; 3119.075;  243.125;    0.000
635.623; 3101.075;  269.125;    0.000
635.742; 3032.075;  232.125;    0.000
635.860; 3053.075;  243.125;    0.000
635.978; 3071.075;  215.125;    0.000
636.096; 3078.075;  225.125;    0.000
636.214; 3047.075;  244.125;    0.000
636.332; 3005.075;  226.125;    0.000
636.450; 3031.075;  227.125;    0.000
636.568; 3018.075;  225.125;    0.000
636.686; 2962.075;  194.125;    0.000
636.804; 3038.075;  234.125;    0.000
636.922; 3013.075;  177.125;    0.000
637.040; 3060.075;  225.125;    0.000
637.158; 3030.075;  194.125;    0.000
637.276; 3138.075;  219.125;    0.000
637.394; 2982.075;  219.125;    0.000
637.512; 2923.075;  210.125;    0.000
637.629; 3079.075;  242.125;    0.000
637.747; 3004.075;  193.125;    0.000
637.865; 3108.075;  219.125;    0.000
637.983; 2996.075;  251.125;    0.000
638.101; 3084.075;  221.125;    0.000
638.218; 3072.075;  193.125;    0.000
638.336; 3093.075;  224.125;    0.000
638.454; 3063.075;  227.125;    0.000
638.572; 2983.075;  245.125;    0.000
638.689; 2975.075;  222.125;    0.000
638.807; 2983.075;  244.125;    0.000
638.925; 2943.075;  238.125;    0.000
639.042; 2952.075;  213.125;    0.000
639.160; 3076.075;  186.125;    0.000
639.278; 2958.075;  203.125;    0.000
639.395; 2984.075;  270.125;    0.000
639.513; 3014.075;  227.125;    0.000
639.630; 3059.075;  200.125;    0.000
639.748; 2989.075;  199.125;    0.000
639.865; 3006.075;  233.125;    0.000
639.983; 3007.075;  181.125;    0.000
640.100; 3060.075;  219.125;    0.000
640.218; 2992.075;  234.125;    0.000
640.335; 2987.075;  233.125;    0.000
640.453; 3078.075;  202.125;    0.000
640.570; 3002.075;  214.125;    0.000
640.688; 2973.075;  215.125;    0.000
640.805; 3037.075;  229.125;    0.000
640.922; 2940.075;  244.125;    0.000
641.040; 2958.075;  233.125;    0.000
641.157; 2910.075;  199.125;    0.000
641.274; 2951.075;  205.125;    0.000
641.391; 3041.075;  244.125;    0.000
641.509; 3045.075;  184.125;    0.000
641.626; 2966.075;  244.125;    0.000
641.743; 2962.075;  221.125;    0.000
641.860; 3008.075;  206.125;    0.000
641.978; 2929.075;  272.125;    0.000
642.095; 3091.075;  218.125;    0.000
642.212; 2968.075;  208.125;    0.000
642.329; 3004.075;  218.125;    0.000
642.446; 3001.075;  197.125;    0.000
642.563; 3061.075;  214.125;    0.000
642.681; 2940.075;  203.125;    0.000
642.798; 3043.075;  236.125;    0.000
642.915; 2989.075;  191.125;    0.000
643.032; 2963.075;  226.125;    0.000
643.149; 2931.075;  231.125;    0.000
643.266; 2995.075;  213.125;    0.000
643.383; 3054.075;  240.125;    0.000
643.500; 3003.075;  185.125;    0.000
643.617; 2990.075;  229.125;    0.000
643.734; 2986.075;  205.125;    0.000
643.850; 3082.075;  222.125;    0.000
643.967; 3002.075;  202.125;    0.000
644.084; 3118.075;  264.125;    0.000
644.201; 2964.075;  214.125;    0.000
644.318; 2970.075;  206.125;    0.000
644.435; 3028.075;  225.125;    0.000
644.552; 3026.075;  203.125;    0.000
644.668; 3108.075;  252.125;    0.000
644.785; 3129.075;  213.125;    0.000
644.902; 3104.075;  233.125;    0.000
645.019; 3043.075;  220.125;    0.000
645.135; 3032.075;  225.125;    0.000
645.252; 3065.075;  218.125;    0.000
645.369; 3103.075;  214.125;    0.000
645.485; 3101.075;  210.125;    0.000
645.602; 3058.075;  198.125;    0.000
645.719; 3097.075;  228.125;    0.000
645.835; 3051.075;  209.125;    0.000
645.952; 3140.075;  213.125;    0.000
646.068; 3137.075;  241.125;    0.000
646.185; 3128.075;  219.125;    0.000
646.302; 3213.075;  246.125;    0.000
646.418; 3176.075;  228.125;    0.000
646.535; 3237.075;  256.125;    0.000
646.651; 3177.075;  222.125;    0.000
646.768; 3179.075;  203.125;    0.000
646.884; 3109.075;  199.125;    0.000
647.000; 3179.075;  194.125;    0.000
647.117; 3139.075;  214.125;    0.000
647.233; 3215.075;  209.125;    0.000
647.350; 3224.075;  235.125;    0.000
647.466; 3251.075;  237.125;    0.000
647.582; 3246.075;  231.125;    0.000
647.699; 3292.075;  219.125;    0.000
647.815; 3332.075;  200.125;    0.000
647.931; 3301.075;  173.125;    0.000
648.047; 3260.075;  184.125;    0.000
648.164; 3266.075;  199.125;    0.000
648.280; 3295.075;  209.125;    0.000
648.396; 3339.075;  220.125;    0.000
648.512; 3331.075;  212.125;    0.000
648.629; 3329.075;  214.125;    0.000
648.745; 3326.075;  197.125;    0.000
648.861; 3200.075;  228.125;    0.000
648.977; 3232.075;  238.125;    0.000
649.093; 3372.075;  208.125;    0.000
649.209; 3373.075;  179.125;    0.000
649.325; 3438.075;  256.125;    0.000
649.441; 3337.075;  224.125;    0.000
649.557; 3439.075;  247.125;    0.000
649.673; 3361.075;  214.125;    0.000
649.789; 3439.075;  213.125;    0.000
649.905; 3350.075;  170.125;    0.000
650.021; 3425.075;  236.125;    0.000
650.137; 3376.075;  229.125;    0.000
650.253; 3381.075;  207.125;    0.000
650.369; 3402.075;  198.125;    0.000
650.485; 3398.075;  225.125;    0.000
650.601; 3433.075;  260.125;    0.000
650.717; 3519.075;  196.125;    0.000
650.833; 3359.075;  219.125;    0.000
650.948; 3458.075;  203.125;    0.000
651.064; 3528.075;  232.125;    0.000
651.180; 3483.075;  252.125;    0.000
651.296; 3580.075;  190.125;    0.000
651.411; 3434.075;  235.125;    0.000
651.527; 3668.075;  227.125;    0.000
651.643; 3591.075;  238.125;    0.000
651.759; 3688.075;  260.125;    0.000
651.874; 3627.075;  217.125;    0.000
651.990; 3664.075;  239.125;    0.000
652.105; 3643.075;  215.125;    0.000
652.221; 3618.075;  237.125;    0.000
652.337; 3643.075;  238.125;    0.000
652.452; 3804.075;  230.125;    0.000
652.568; 3765.075;  201.125;    0.000
652.683; 3754.075;  243.125;    0.000
652.799; 3786.075;  218.125;    0.000
652.914; 3866.075;  189.125;    0.000
653.030; 3827.075;  191.125;    0.000
653.145; 3861.075;  240.125;    0.000
653.261; 3932.075;  225.125;    0.000
653.376; 3968.075;  241.125;    0.000
653.492; 4038.075;  188.125;    0.000
653.607; 4010.075;  219.125;    0.000
653.722; 4257.075;  268.125;    0.000
653.838; 4227.075;  262.125;    0.000
653.953; 4263.075;  188.125;    0.000
654.068; 4350.075;  244.125;    0.000
654.184; 4386.075;  247.125;    0.000
654.299; 4539.075;  228.125;    0.000
654.414; 4562.075;  181.125;    0.000
654.530; 4562.075;  210.125;    0.000
654.645; 4634.075;  240.125;    0.000
654.760; 4712.075;  219.125;    0.000
654.875; 4866.075;  178.125;    0.000
654.990; 4910.075;  222.125;    0.000
655.106; 4958.075;  227.125;    0.000
655.221; 5104.075;  270.125;    0.000
655.336; 5267.075;  199.125;    0.000
655.451; 5366.075;  235.125;    0.000
655.566; 5564.075;  251.125;    0.000
655.681; 5666.075;  253.125;    0.000
655.796; 5951.075;  207.125;    0.000
655.911; 6134.075;  213.125;    0.000
656.026; 6398.075;  247.125;    0.000
656.141; 6559.075;  209.125;    0.000
656.256; 6944.075;  226.125;    0.000
656.371; 6756.075;  201.125;    0.000
656.486; 6844.075;  196.125;    0.000
656.601; 6702.075;  239.125;    0.000
656.716; 6592.075;  234.125;    0.000
656.831; 6517.075;  223.125;    0.000
656.946; 6273.075;  246.125;    0.000
657.060; 6165.075;  230.125;    0.000
657.175; 6188.075;  207.125;    0.000
657.290; 5979.075;  213.125;    0.000
657.405; 5853.075;  319.125;    0.000
657.520; 5681.075;  241.125;    0.000
657.634; 5579.075;  235.125;    0.000
657.749; 5443.075;  275.125;    0.000
657.864; 5440.075;  210.125;    0.000
657.979; 5177.075;  227.125;    0.000
658.093; 5197.075;  206.125;    0.000
658.208; 5080.075;  217.125;    0.000
658.323; 4984.075;  227.125;    0.000
658.437; 4971.075;  217.125;    0.000
658.552; 4837.075;  237.125;    0.000
658.666; 4805.075;  233.125;    0.000
658.781; 4731.075;  248.125;    0.000
658.895; 4627.075;  233.125;    0.000
659.010; 4606.075;  238.125;    0.000
659.125; 4467.075;  206.125;    0.000
659.239; 4373.075;  220.125;    0.000
659.353; 4308.075;  236.125;    0.000
659.468; 4282.075;  238.125;    0.000
659.582; 4228.075;  275.125;    0.000
659.697; 4188.075;  239.125;    0.000
659.811; 4207.075;  232.125;    0.000
659.926; 4113.075;  230.125;    0.000
660.040; 4092.075;  257.125;    0.000
660.154; 4029.075;  221.125;    0.000
660.269; 3939.075;  219.125;    0.000
660.383; 3932.075;  228.125;    0.000
660.497; 3955.075;  243.125;    0.000
660.612; 3863.075;  238.125;    0.000
660.726; 3889.075;  260.125;    0.000
660.840; 3864.075;  239.125;    0.000
660.954; 3767.075;  236.125;    0.000
661.068; 3720.075;  239.125;    0.000
661.183; 3764.075;  245.125;    0.000
661.297; 3617.075;  198.125;    0.000
661.411; 3687.075;  203.125;    0.000
661.525; 3722.075;  244.125;    0.000
661.639; 3545.075;  229.125;    0.000
661.753; 3567.075;  238.125;    0.000
661.867; 3455.075;  237.125;    0.000
661.981; 3468.075;  219.125;    0.000
662.095; 3436.075;  232.125;    0.000
662.209; 3449.075;  236.125;    0.000
662.323; 3360.075;  209.125;    0.000
662.437; 3268.075;  206.125;    0.000
662.551; 3397.075;  217.125;    0.000
662.665; 3319.075;  262.125;    0.000
662.779; 3379.075;  234.125;    0.000
662.893; 3233.075;  222.125;    0.000
663.007; 3243.075;  189.125;    0.000
663.121; 3169.075;  258.125;    0.000
663.235; 3200.075;  191.125;    0.000
663.349; 3178.075;  259.125;    0.000
663.462; 3121.075;  209.125;    0.000
663.576; 3148.075;  244.125;    0.000
663.690; 3177.075;  237.125;    0.000
663.804; 3127.075;  205.125;    0.000
663.917; 3062.075;  207.125;    0.000
664.031; 3031.075;  234.125;    0.000
664.145; 3133.075;  216.125;    0.000
664.258; 2969.075;  202.125;    0.000
664.372; 3076.075;  198.125;    0.000
664.486; 2976.075;  181.125;    0.000
664.599; 2922.075;  229.125;    0.000
664.713; 3027.075;  266.125;    0.000
664.827; 2957.075;  185.125;    0.000
664.940; 2901.075;  225.125;    0.000
665.054; 2917.075;  198.125;    0.000
665.167; 2926.075;  208.125;    0.000
665.281; 2878.075;  231.125;    0.000
665.394; 2869.075;  228.125;    0.000
665.508; 2805.075;  204.125;    0.000
665.621; 2875.075;  263.125;    0.000
665.735; 2928.075;  222.125;    0.000
665.848; 2968.075;  237.125;    0.000
665.961; 2837.075;  180.125;    0.000
666.075; 2825.075;  212.125;    0.000
666.188; 2862.075;  229.125;    0.000
666.301; 2731.075;  247.125;    0.000
666.415; 2787.075;  212.125;    0.000
666.528; 2731.075;  268.125;    0.000
666.641; 2683.075;  210.125;    0.000
666.755; 2734.075;  178.125;    0.000
666.868; 2714.075;  227.125;    0.000
666.981; 2724.075;  250.125;    0.000
667.094; 2774.075;  228.125;    0.000
667.207; 2810.075;  235.125;    0.000
667.321; 2580.075;  171.125;    0.000
667.434; 2690.075;  191.125;    0.000
667.547; 2723.075;  279.125;    0.000
667.660; 2702.075;  210.125;    0.000
667.773; 2662.075;  217.125;    0.000
667.886; 2657.075;  209.125;    0.000
667.999; 2634.075;  239.125;    0.000
668.112; 2716.075;  227.125;    0.000
668.225; 2688.075;  185.125;    0.000
668.338; 2604.075;  222.125;    0.000
668.451; 2675.075;  200.125;    0.000
668.564; 2616.075;  237.125;    0.000
668.677; 2575.075;  207.125;    0.000
668.790; 2535.075;  208.125;    0.000
668.903; 2583.075;  243.125;    0.000
669.016; 2572.075;  190.125;    0.000
669.129; 2577.075;  234.125;    0.000
669.242; 2516.075;  185.125;    0.000
669.354; 2540.075;  224.125;    0.000
669.467; 2454.075;  219.125;    0.000
669.580; 2549.075;  249.125;    0.000
669.693; 2553.075;  187.125;    0.000
669.806; 2565.075;  206.125;    0.000
669.918; 2469.075;  192.125;    0.000
670.031; 2532.075;  235.125;    0.000
670.144; 2483.075;  238.125;    0.000
670.256; 2445.075;  237.125;    0.000
670.369; 2467.075;  237.125;    0.000
670.482; 2501.075;  250.125;    0.000
670.594; 2559.075;  273.125;    0.000
670.707; 2504.075;  223.125;    0.000
670.820; 2455.075;  238.125;    0.000
670.932; 2442.075;  224.125;    0.000
671.045; 2437.075;  219.125;    0.000
671.157; 2454.075;  242.125;    0.000
671.270; 2385.075;  235.125;    0.000
671.382; 2370.075;  213.125;    0.000
671.495; 2462.075;  254.125;    0.000
671.607; 2463.075;  253.125;    0.000
671.720; 2350.075;  169.125;    0.000
671.832; 2377.075;  201.125;    0.000
671.944; 2430.075;  250.125;    0.000
672.057; 2432.075;  187.125;    0.000
672.169; 2432.075;  224.125;    0.000
672.281; 2382.075;  238.125;    0.000
672.394; 2473.075;  250.125;    0.000
672.506; 2364.075;  227.125;    0.000
672.618; 2375.075;  223.125;    0.000
672.731; 2521.075;  210.125;    0.000
672.843; 2418.075;  245.125;    0.000
672.955; 2427.075;  263.125;    0.000
673.067; 2419.075;  239.125;    0.000
673.180; 2478.075;  253.125;    0.000
673.292; 2363.075;  243.125;    0.000
673.404; 2376.075;  226.125;    0.000
673.516; 2336.075;  223.125;    0.000
673.628; 2340.075;  223.125;    0.000
673.740; 2410.075;  216.125;    0.000
673.852; 2370.075;  277.125;    0.000
673.964; 2341.075;  211.125;    0.000
674.076; 2399.075;  241.125;    0.000
674.188; 2349.075;  251.125;    0.000
674.300; 2358.075;  268.125;    0.000
674.412; 2332.075;  260.125;    0.000
674.524; 2291.075;  257.125;    0.000
674.636; 2280.075;  222.125;    0.000
674.748; 2297.075;  227.125;    0.000
674.860; 2292.075;  250.125;    0.000
674.972; 2293.075;  240.125;    0.000
675.084; 2344.075;  262.125;    0.000
675.196; 2385.075;  287.125;    0.000
675.307; 2303.075;  257.125;    0.000
675.419; 2309.075;  231.125;    0.000
675.531; 2443.075;  274.125;    0.000
675.643; 2293.075;  235.125;    0.000
675.755; 2309.075;  275.125;    0.000
675.866; 2298.075;  238.125;    0.000
675.978; 2235.075;  209.125;    0.000
676.090; 2250.075;  239.125;    0.000
676.201; 2227.075;  249.125;    0.000
676.313; 2247.075;  237.125;    0.000
676.425; 2240.075;  263.125;    0.000
676.536; 2264.075;  178.125;    0.000
676.648; 2210.075;  245.125;    0.000
676.759; 2350.075;  244.125;    0.000
676.871; 2326.075;  242.125;    0.000
676.983; 2263.075;  245.125;    0.000
677.094; 2243.075;  209.125;    0.000
677.206; 2216.075;  248.125;    0.000
677.317; 2198.075;  260.125;    0.000
677.429; 2264.075;  237.125;    0.000
677.540; 2228.075;  226.125;    0.000
677.651; 2164.075;  226.125;    0.000
677.763; 2227.075;  194.125;    0.000
677.874; 2248.075;  230.125;    0.000
677.986; 2187.075;  202.125;    0.000
678.097; 2167.075;  229.125;    0.000
678.208; 2213.075;  263.125;    0.000
678.320; 2228.075;  243.125;    0.000
678.431; 2131.075;  229.125;    0.000
678.542; 2250.075;  231.125;    0.000
678.653; 2164.075;  224.125;    0.000
678.765; 2185.075;  255.125;    0.000
678.876; 2187.075;  175.125;    0.000
678.987; 2106.075;  204.125;    0.000
679.098; 2188.075;  227.125;    0.000
679.209; 2155.075;  228.125;    0.000
679.320; 2135.075;  223.125;    0.000
679.432; 2196.075;  219.125;    0.000
679.543; 2104.075;  210.125;    0.000
679.654; 2123.075;  249.125;    0.000
679.765; 2148.075;  222.125;    0.000
679.876; 2114.075;  219.125;    0.000
679.987; 2145.075;  213.125;    0.000
680.098; 2135.075;  237.125;    0.000
680.209; 2090.075;  188.125;    0.000
680.320; 2105.075;  243.125;    0.000
680.431; 2178.075;  227.125;    0.000
680.542; 2133.075;  212.125;    0.000
680.653; 2168.075;  266.125;    0.000
680.763; 2010.075;  198.125;    0.000
680.874; 2121.075;  211.125;    0.000
680.985; 2062.075;  207.125;    0.000
681.096; 2009.075;  244.125;    0.000
681.207; 2091.075;  209.125;    0.000
681.318; 2096.075;  215.125;    0.000
681.428; 2115.075;  199.125;    0.000
681.539; 2132.075;  175.125;    0.000
681.650; 2089.075;  224.125;    0.000
681.760; 2108.075;  216.125;    0.000
681.871; 2085.075;  187.125;    0.000
681.982; 2102.075;  237.125;    0.000
682.093; 2069.075;  213.125;    0.000
682.203; 2081.075;  190.125;    0.000
682.314; 2059.075;  230.125;    0.000
682.424; 2123.075;  223.125;    0.000
682.535; 2094.075;  172.125;    0.000
682.646; 2221.075;  268.125;    0.000
682.756; 2149.075;  249.125;    0.000
682.867; 2080.075;  225.125;    0.000
682.977; 2082.075;  211.125;    0.000
683.088; 2084.075;  238.125;    0.000
683.198; 2037.075;  202.125;    0.000
683.308; 1985.075;  196.125;    0.000
683.419; 2071.075;  230.125;    0.000
683.529; 2082.075;  213.125;    0.000
683.640; 2043.075;  225.125;    0.000
683.750; 2023.075;  203.125;    0.000
683.860; 2015.075;  200.125;    0.000
683.971; 2066.075;  269.125;    0.000
684.081; 1956.075;  204.125;    0.000
684.191; 2078.075;  228.125;    0.000
684.301; 2040.075;  219.125;    0.000
684.412; 2106.075;  222.125;    0.000
684.522; 2080.075;  242.125;    0.000
684.632; 2125.075;  234.125;    0.000
684.742; 2052.075;  240.125;    0.000
684.852; 2091.075;  229.125;    0.000
684.963; 2022.075;  237.125;    0.000
685.073; 2103.075;  205.125;    0.000
685.183; 2123.075;  241.125;    0.000
685.293; 1939.075;  202.125;    0.000
685.403; 2094.075;  232.125;    0.000
685.513; 2072.075;  244.125;    0.000
685.623; 2064.075;  224.125;    0.000
685.733; 2042.075;  236.125;    0.000
685.843; 2078.075;  235.125;    0.000
685.953; 2010.075;  216.125;    0.000
686.063; 1983.075;  214.125;    0.000
686.173; 2049.075;  198.125;    0.000
686.283; 2020.075;  250.125;    0.000
686.393; 2036.075;  227.125;    0.000
686.503; 2118.075;  244.125;    0.000
686.612; 2012.075;  247.125;    0.000
686.722; 1987.075;  265.125;    0.000
686.832; 2079.075;  213.125;    0.000
686.942; 2039.075;  241.125;    0.000
687.052; 1960.075;  238.125;    0.000
687.161; 2087.075;  233.125;    0.000
687.271; 2034.075;  232.125;    0.000
687.381; 2026.075;  220.125;    0.000
687.491; 1990.075;  206.125;    0.000
687.600; 2041.075;  283.125;    0.000
687.710; 1996.075;  212.125;    0.000
687.820; 2036.075;  226.125;    0.000
687.929; 2014.075;  202.125;    0.000
688.039; 1982.075;  225.125;    0.000
688.148; 2033.075;  235.125;    0.000
688.258; 1983.075;  224.125;    0.000
688.367; 1979.075;  239.125;    0.000
688.477; 1944.075;  193.125;    0.000
688.586; 2046.075;  226.125;    0.000
688.696; 2051.075;  185.125;    0.000
688.805; 2022.075;  190.125;    0.000
688.915; 1986.075;  209.125;    0.000
689.024; 1969.075;  214.125;    0.000
689.134; 1958.075;  205.125;    0.000
689.243; 2000.075;  190.125;    0.000
689.352; 1990.075;  233.125;    0.000
689.462; 1998.075;  196.125;    0.000
689.571; 2061.075;  227.125;    0.000
689.680; 2040.075;  206.125;    0.000
689.790; 1959.075;  193.125;    0.000
689.899; 1988.075;  204.125;    0.000
690.008; 1930.075;  228.125;    0.000
690.117; 1907.075;  207.125;    0.000
690.227; 1995.075;  231.125;    0.000
690.336; 1950.075;  222.125;    0.000
690.445; 1923.075;  198.125;    0.000
690.554; 1944.075;  202.125;    0.000
690.663; 2000.075;  217.125;    0.000
690.772; 1948.075;  213.125;    0.000
690.881; 1984.075;  225.125;    0.000
690.990; 1920.075;  217.125;    0.000
691.099; 1913.075;  205.125;    0.000
691.209; 2011.075;  220.125;    0.000
691.318; 1961.075;  216.125;    0.000
691.427; 1899.075;  188.125;    0.000
691.536; 1977.075;  224.125;    0.000
691.644; 1979.075;  212.125;    0.000
691.753; 1974.075;  216.125;    0.000
691.862; 1937.075;  250.125;    0.000
691.971; 1996.075;  210.125;    0.000
692.080; 2011.075;  232.125;    0.000
692.189; 1992.075;  218.125;    0.000
692.298; 1968.075;  220.125;    0.000
692.406; 2027.075;  261.125;    0.000
692.515; 2009.075;  253.125;    0.000
692.624; 1962.075;  224.125;    0.000
692.733; 1949.075;  209.125;    0.000
692.842; 1961.075;  214.125;    0.000
692.950; 1954.075;  206.125;    0.000
693.059; 1935.075;  180.125;    0.000
693.168; 1990.075;  220.125;    0.000
693.276; 1977.075;  196.125;    0.000
693.385; 1985.075;  203.125;    0.000
693.494; 1976.075;  263.125;    0.000
693.602; 1950.075;  222.125;    0.000
693.711; 1920.075;  178.125;    0.000
693.819; 2003.075;  230.125;    0.000
693.928; 1891.075;  187.125;    0.000
694.036; 1943.075;  219.125;    0.000
694.145; 1940.075;  223.125;    0.000
694.253; 1941.075;  241.125;    0.000
694.362; 1894.075;  229.125;    0.000
694.470; 2020.075;  223.125;    0.000
694.579; 1924.075;  195.125;    0.000
694.687; 1893.075;  257.125;    0.000
694.795; 1985.075;  230.125;    0.000
694.904; 1944.075;  196.125;    0.000
695.012; 1939.075;  247.125;    0.000
695.120; 1967.075;  215.125;    0.000
695.229; 1957.075;  244.125;    0.000
695.337; 1961.075;  197.125;    0.000
695.445; 2039.075;  270.125;    0.000
695.553; 1990.075;  241.125;    0.000
695.662; 1926.075;  249.125;    0.000
695.770; 2015.075;  244.125;    0.000
695.878; 1923.075;  236.125;    0.000
695.986; 1938.075;  253.125;    0.000
696.094; 1960.075;  242.125;    0.000
696.202; 1874.075;  174.125;    0.000
696.310; 1948.075;  230.125;    0.000
696.419; 1930.075;  218.125;    0.000
696.527; 1870.075;  226.125;    0.000
696.635; 1963.075;  217.125;    0.000
696.743; 1932.075;  221.125;    0.000
696.851; 1921.075;  259.125;    0.000
696.959; 1980.075;  245.125;    0.000
697.067; 1970.075;  235.125;    0.000
697.174; 1972.075;  238.125;    0.000
697.282; 1941.075;  208.125;    0.000
697.390; 1923.075;  265.125;    0.000
697.498; 1879.075;  202.125;    0.000
697.606; 1916.075;  219.125;    0.000
697.714; 1999.075;  245.125;    0.000
697.822; 1961.075;  222.125;    0.000
697.929; 1970.075;  194.125;    0.000
698.037; 1898.075;  223.125;    0.000
698.145; 1869.075;  213.125;    0.000
698.253; 1892.075;  234.125;    0.000
698.360; 1873.075;  211.125;    0.000
698.468; 1890.075;  241.125;    0.000
698.576; 1932.075;  249.125;    0.000
698.683; 2003.075;  268.125;    0.000
698.791; 1995.075;  223.125;    0.000
698.899; 2009.075;  251.125;    0.000
699.006; 1910.075;  216.125;    0.000
699.114; 1891.075;  256.125;    0.000
699.221; 1826.075;  226.125;    0.000
699.329; 1922.075;  255.125;    0.000
699.436; 1871.075;  213.125;    0.000
699.544; 1864.075;  258.125;    0.000
699.651; 1920.075;  214.125;    0.000
699.759; 1876.075;  229.125;    0.000
699.866; 1886.075;  239.125;    0.000
699.974; 1820.075;  224.125;    0.000
700.081; 1865.075;  227.125;    0.000
700.188; 1967.075;  267.125;    0.000
700.296; 1899.075;  222.125;    0.000
700.403; 1904.075;  225.125;    0.000
700.510; 1877.075;  248.125;    0.000
700.618; 1927.075;  223.125;    0.000
700.725; 1882.075;  243.125;    0.000
700.832; 1842.075;  239.125;    0.000
700.940; 1909.075;  284.125;    0.000
701.047; 1919.075;  216.125;    0.000
701.154; 1880.075;  249.125;    0.000
701.261; 1872.075;  229.125;    0.000
701.368; 1956.075;  247.125;    0.000
701.475; 1885.075;  208.125;    0.000
701.582; 1922.075;  262.125;    0.000
701.690; 1901.075;  224.125;    0.000
701.797; 1945.075;  294.125;    0.000
701.904; 1883.075;  303.125;    0.000
702.011; 2019.075;  278.125;    0.000
702.118; 1934.075;  279.125;    0.000
702.225; 2023.075;  342.125;    0.000
702.332; 1945.075;  281.125;    0.000
702.439; 1916.075;  313.125;    0.000
702.546; 1956.075;  295.125;    0.000
702.652; 1938.075;  293.125;    0.000
702.759; 1992.075;  333.125;    0.000
702.866; 1923.075;  272.125;    0.000
702.973; 1953.075;  310.125;    0.000
703.080; 1919.075;  313.125;    0.000
703.187; 1922.075;  316.125;    0.000
703.294; 1971.075;  328.125;    0.000
703.400; 1796.075;  312.125;    0.000
703.507;  507.075;  349.125;    0.000
703.614;  312.075;  298.125;    0.000
703.720;  278.075;  300.125;    0.000
703.827;  336.075;  346.125;    0.000
703.934;  339.075;  308.125;    0.000
704.040;  304.075;  300.125;    0.000
704.147;  309.075;  317.125;    0.000
704.254;  340.075;  350.125;    0.000
704.360;  335.075;  285.125;    0.000
704.467;  314.075;  334.125;    0.000
704.573;  333.075;  330.125;    0.000
704.680;  323.075;  312.125;    0.000
704.786;  291.075;  305.125;    0.000
704.893;  330.075;  330.125;    0.000
704.999;  310.075;  315.125;    0.000
705.106;  333.075;  327.125;    0.000

