
Integration time [ms]:   1.000
Averaging Nr. [scans]: 1
Smoothing Nr. [pixels]: 0
Data measured with spectrometer [name]: VIS
Wave   ;Sample   ;Dark     ;Reference
[nm]   ;[counts] ;[counts] ;[counts] 

450.961;  169.975;  200.375;    0.000
451.100;  211.975;  241.375;    0.000
451.239;  215.975;  201.375;    0.000
451.377;  244.975;  262.375;    0.000
451.516;  209.975;  229.375;    0.000
451.655;  226.975;  211.375;    0.000
451.794;  239.975;  225.375;    0.000
451.932;  241.975;  247.375;    0.000
452.071;  211.975;  260.375;    0.000
452.210;  194.975;  235.375;    0.000
452.348;  216.975;  276.375;    0.000
452.487;  227.975;  259.375;    0.000
452.626;  212.975;  254.375;    0.000
452.764;  227.975;  233.375;    0.000
452.903;  186.975;  202.375;    0.000
453.042;  249.975;  211.375;    0.000
453.180; 2405.975;  240.375;    0.000
453.319; 2477.975;  238.375;    0.000
453.458; 2393.975;  215.375;    0.000
453.596; 2482.975;  252.375;    0.000
453.735; 2472.975;  240.375;    0.000
453.873; 2502.975;  257.375;    0.000
454.012; 2520.975;  228.375;    0.000
454.150; 2500.975;  270.375;    0.000
454.289; 2554.975;  233.375;    0.000
454.427; 2559.975;  243.375;    0.000
454.566; 2620.975;  257.375;    0.000
454.704; 2627.975;  243.375;    0.000
454.843; 2593.975;  190.375;    0.000
454.981; 2642.975;  271.375;    0.000
455.120; 2575.975;  210.375;    0.000
455.258; 2691.975;  235.375;    0.000
455.397; 2679.975;  214.375;    0.000
455.535; 2674.975;  214.375;    0.000
455.674; 2712.975;  184.375;    0.000
455.812; 2805.975;  228.375;    0.000
455.951; 2799.975;  204.375;    0.000
456.089; 2835.975;  220.375;    0.000
456.227; 2840.975;  196.375;    0.000
456.366; 2797.975;  261.375;    0.000
456.504; 2886.975;  249.375;    0.000
456.642; 2937.975;  245.375;    0.000
456.781; 2923.975;  183.375;    0.000
456.919; 3005.975;  203.375;    0.000
457.057; 3024.975;  177.375;    0.000
457.196; 3078.975;  191.375;    0.000
457.334; 3058.975;  233.375;    0.000
457.472; 3113.975;  214.375;    0.000
457.610; 3162.975;  230.375;    0.000
457.749; 3159.975;  247.375;    0.000
457.887; 3240.975;  220.375;    0.000
458.025; 3296.975;  195.375;    0.000
458.163; 3322.975;  224.375;    0.000
458.301; 3336.975;  228.375;    0.000
458.440; 3343.975;  200.375;    0.000
458.578; 3523.975;  233.375;    0.000
458.716; 3569.975;  182.375;    0.000
458.854; 3612.975;  251.375;    0.000
458.992; 3543.975;  187.375;    0.000
459.130; 3653.975;  229.375;    0.000
459.269; 3607.975;  237.375;    0.000
459.407; 3708.975;  228.375;    0.000
459.545; 3607.975;  216.375;    0.000
459.683; 3787.975;  204.375;    0.000
459.821; 3812.975;  191.375;    0.000
459.959; 3865.975;  227.375;    0.000
460.097; 3951.975;  221.375;    0.000
460.235; 3911.975;  241.375;    0.000
460.373; 3997.975;  231.375;    0.000
460.511; 3975.975;  214.375;    0.000
460.649; 4026.975;  172.375;    0.000
460.787; 3963.975;  275.375;    0.000
460.925; 3943.975;  175.375;    0.000
461.063; 3924.975;  252.375;    0.000
461.201; 4095.975;  210.375;    0.000
461.339; 4114.975;  237.375;    0.000
461.477; 4201.975;  210.375;    0.000
461.615; 4143.975;  236.375;    0.000
461.753; 4219.975;  215.375;    0.000
461.891; 4285.975;  222.375;    0.000
462.029; 4282.975;  227.375;    0.000
462.166; 4286.975;  202.375;    0.000
462.304; 4365.975;  191.375;    0.000
462.442; 4517.975;  210.375;    0.000
462.580; 4520.975;  184.375;    0.000
462.718; 4462.975;  220.375;    0.000
462.856; 4478.975;  226.375;    0.000
462.993; 4552.975;  254.375;    0.000
463.131; 4498.975;  200.375;    0.000
463.269; 4381.975;  215.375;    0.000
463.407; 4362.975;  213.375;    0.000
463.545; 4314.975;  242.375;    0.000
463.682; 4427.975;  212.375;    0.000
463.820; 4564.975;  185.375;    0.000
463.958; 4710.975;  212.375;    0.000
464.095; 4712.975;  181.375;    0.000
464.233; 4742.975;  192.375;    0.000
464.371; 4799.975;  247.375;    0.000
464.509; 4775.975;  151.375;    0.000
464.646; 4666.975;  207.375;    0.000
464.784; 4659.975;  199.375;    0.000
464.921; 4602.975;  253.375;    0.000
465.059; 4611.975;  214.375;    0.000
465.197; 4579.975;  200.375;    0.000
465.334; 4362.975;  180.375;    0.000
465.472; 4365.975;  204.375;    0.000
465.609; 4372.975;  203.375;    0.000
465.747; 4221.975;  214.375;    0.000
465.885; 4297.975;  233.375;    0.000
466.022; 4262.975;  215.375;    0.000
466.160; 4258.975;  201.375;    0.000
466.297; 4197.975;  196.375;    0.000
466.435; 4188.975;  230.375;    0.000
466.572; 4186.975;  227.375;    0.000
466.710; 4200.975;  218.375;    0.000
466.847; 4164.975;  245.375;    0.000
466.985; 4182.975;  223.375;    0.000
467.122; 4125.975;  168.375;    0.000
467.260; 4200.975;  196.375;    0.000
467.397; 4127.975;  198.375;    0.000
467.534; 4181.975;  219.375;    0.000
467.672; 4138.975;  214.375;    0.000
467.809; 4122.975;  185.375;    0.000
467.947; 4155.975;  247.375;    0.000
468.084; 4091.975;  196.375;    0.000
468.221; 4138.975;  238.375;    0.000
468.359; 4162.975;  236.375;    0.000
468.496; 4176.975;  235.375;    0.000
468.633; 4137.975;  218.375;    0.000
468.771; 4209.975;  223.375;    0.000
468.908; 4246.975;  208.375;    0.000
469.045; 4284.975;  249.375;    0.000
469.183; 4217.975;  222.375;    0.000
469.320; 4274.975;  216.375;    0.000
469.457; 4364.975;  224.375;    0.000
469.594; 4294.975;  259.375;    0.000
469.732; 4267.975;  223.375;    0.000
469.869; 4410.975;  234.375;    0.000
470.006; 4398.975;  225.375;    0.000
470.143; 4491.975;  243.375;    0.000
470.280; 4534.975;  208.375;    0.000
470.417; 4551.975;  232.375;    0.000
470.555; 4470.975;  218.375;    0.000
470.692; 4440.975;  223.375;    0.000
470.829; 4523.975;  238.375;    0.000
470.966; 4448.975;  205.375;    0.000
471.103; 4507.975;  259.375;    0.000
471.240; 4454.975;  214.375;    0.000
471.377; 4563.975;  226.375;    0.000
471.514; 4369.975;  250.375;    0.000
471.651; 4445.975;  221.375;    0.000
471.789; 4461.975;  242.375;    0.000
471.926; 4292.975;  190.375;    0.000
472.063; 4419.975;  234.375;    0.000
472.200; 4446.975;  252.375;    0.000
472.337; 4418.975;  241.375;    0.000
472.474; 4302.975;  244.375;    0.000
472.611; 4393.975;  268.375;    0.000
472.748; 4327.975;  222.375;    0.000
472.884; 4276.975;  271.375;    0.000
473.021; 4286.975;  195.375;    0.000
473.158; 4258.975;  205.375;    0.000
473.295; 4294.975;  223.375;    0.000
473.432; 4239.975;  216.375;    0.000
473.569; 4383.975;  196.375;    0.000
473.706; 4236.975;  190.375;    0.000
473.843; 4250.975;  211.375;    0.000
473.980; 4252.975;  254.375;    0.000
474.117; 4285.975;  185.375;    0.000
474.253; 4239.975;  229.375;    0.000
474.390; 4237.975;  238.375;    0.000
474.527; 4312.975;  220.375;    0.000
474.664; 4313.975;  242.375;    0.000
474.801; 4312.975;  229.375;    0.000
474.937; 4303.975;  229.375;    0.000
475.074; 4340.975;  210.375;    0.000
475.211; 4313.975;  219.375;    0.000
475.348; 4380.975;  226.375;    0.000
475.484; 4427.975;  207.375;    0.000
475.621; 4309.975;  233.375;    0.000
475.758; 4475.975;  230.375;    0.000
475.894; 4412.975;  234.375;    0.000
476.031; 4377.975;  202.375;    0.000
476.168; 4399.975;  222.375;    0.000
476.304; 4492.975;  237.375;    0.000
476.441; 4467.975;  238.375;    0.000
476.578; 4511.975;  216.375;    0.000
476.714; 4452.975;  212.375;    0.000
476.851; 4455.975;  210.375;    0.000
476.987; 4529.975;  239.375;    0.000
477.124; 4511.975;  250.375;    0.000
477.261; 4587.975;  227.375;    0.000
477.397; 4551.975;  189.375;    0.000
477.534; 4423.975;  204.375;    0.000
477.670; 4588.975;  190.375;    0.000
477.807; 4543.975;  198.375;    0.000
477.943; 4737.975;  216.375;    0.000
478.080; 4699.975;  213.375;    0.000
478.216; 4795.975;  239.375;    0.000
478.353; 4729.975;  218.375;    0.000
478.489; 4753.975;  184.375;    0.000
478.626; 4818.975;  223.375;    0.000
478.762; 4857.975;  213.375;    0.000
478.898; 4897.975;  216.375;    0.000
479.035; 4882.975;  250.375;    0.000
479.171; 4914.975;  201.375;    0.000
479.308; 4942.975;  242.375;    0.000
479.444; 4860.975;  205.375;    0.000
479.580; 4830.975;  203.375;    0.000
479.717; 4906.975;  260.375;    0.000
479.853; 4946.975;  225.375;    0.000
479.989; 4896.975;  226.375;    0.000
480.126; 4965.975;  211.375;    0.000
480.262; 4970.975;  220.375;    0.000
480.398; 5104.975;  207.375;    0.000
480.535; 5078.975;  179.375;    0.000
480.671; 4917.975;  200.375;    0.000
480.807; 4870.975;  190.375;    0.000
480.943; 4852.975;  165.375;    0.000
481.080; 4921.975;  210.375;    0.000
481.216; 4990.975;  232.375;    0.000
481.352; 4866.975;  235.375;    0.000
481.488; 4848.975;  208.375;    0.000
481.624; 4891.975;  245.375;    0.000
481.760; 4798.975;  210.375;    0.000
481.897; 4926.975;  189.375;    0.000
482.033; 4678.975;  256.375;    0.000
482.169; 4965.975;  257.375;    0.000
482.305; 4885.975;  199.375;    0.000
482.441; 4848.975;  182.375;    0.000
482.577; 4918.975;  223.375;    0.000
482.713; 4794.975;  243.375;    0.000
482.849; 4824.975;  197.375;    0.000
482.985; 4884.975;  240.375;    0.000
483.121; 4933.975;  210.375;    0.000
483.258; 4810.975;  248.375;    0.000
483.394; 4930.975;  224.375;    0.000
483.530; 4861.975;  209.375;    0.000
483.665; 5021.975;  225.375;    0.000
483.801; 4936.975;  216.375;    0.000
483.937; 4776.975;  211.375;    0.000
484.073; 4982.975;  259.375;    0.000
484.209; 5062.975;  191.375;    0.000
484.345; 5068.975;  239.375;    0.000
484.481; 5095.975;  231.375;    0.000
484.617; 5047.975;  216.375;    0.000
484.753; 5058.975;  180.375;    0.000
484.889; 5136.975;  252.375;    0.000
485.025; 5071.975;  244.375;    0.000
485.161; 5073.975;  242.375;    0.000
485.296; 5057.975;  235.375;    0.000
485.432; 5044.975;  247.375;    0.000
485.568; 5145.975;  203.375;    0.000
485.704; 4953.975;  229.375;    0.000
485.840; 5086.975;  230.375;    0.000
485.975; 5156.975;  266.375;    0.000
486.111; 5049.975;  220.375;    0.000
486.247; 5128.975;  264.375;    0.000
486.383; 5104.975;  213.375;    0.000
486.518; 4994.975;  222.375;    0.000
486.654; 5041.975;  244.375;    0.000
486.790; 5176.975;  273.375;    0.000
486.926; 5075.975;  203.375;    0.000
487.061; 5085.975;  227.375;    0.000
487.197; 5120.975;  210.375;    0.000
487.333; 5074.975;  209.375;    0.000
487.468; 5027.975;  197.375;    0.000
487.604; 5091.975;  230.375;    0.000
487.740; 4972.975;  254.375;    0.000
487.875; 5169.975;  286.375;    0.000
488.011; 4926.975;  225.375;    0.000
488.146; 4969.975;  251.375;    0.000
488.282; 5071.975;  242.375;    0.000
488.417; 5065.975;  230.375;    0.000
488.553; 5198.975;  260.375;    0.000
488.688; 5110.975;  207.375;    0.000
488.824; 5072.975;  204.375;    0.000
488.960; 4967.975;  248.375;    0.000
489.095; 5034.975;  204.375;    0.000
489.230; 5192.975;  227.375;    0.000
489.366; 5126.975;  226.375;    0.000
489.501; 5125.975;  199.375;    0.000
489.637; 4919.975;  233.375;    0.000
489.772; 5018.975;  249.375;    0.000
489.908; 5051.975;  200.375;    0.000
490.043; 5102.975;  246.375;    0.000
490.178; 5210.975;  222.375;    0.000
490.314; 5055.975;  219.375;    0.000
490.449; 5060.975;  227.375;    0.000
490.585; 5001.975;  209.375;    0.000
490.720; 4940.975;  238.375;    0.000
490.855; 5108.975;  222.375;    0.000
490.991; 5039.975;  202.375;    0.000
491.126; 5079.975;  272.375;    0.000
491.261; 5008.975;  261.375;    0.000
491.396; 4993.975;  190.375;    0.000
491.532; 4973.975;  202.375;    0.000
491.667; 5131.975;  208.375;    0.000
491.802; 5087.975;  203.375;    0.000
491.937; 5051.975;  253.375;    0.000
492.073; 5154.975;  242.375;    0.000
492.208; 5110.975;  230.375;    0.000
492.343; 5051.975;  183.375;    0.000
492.478; 5213.975;  246.375;    0.000
492.613; 5053.975;  223.375;    0.000
492.749; 5174.975;  230.375;    0.000
492.884; 5116.975;  190.375;    0.000
493.019; 5075.975;  234.375;    0.000
493.154; 5114.975;  218.375;    0.000
493.289; 5010.975;  222.375;    0.000
493.424; 5200.975;  196.375;    0.000
493.559; 5041.975;  202.375;    0.000
493.694; 4981.975;  180.375;    0.000
493.829; 5178.975;  224.375;    0.000
493.964; 5124.975;  218.375;    0.000
494.099; 5073.975;  275.375;    0.000
494.234; 5162.975;  226.375;    0.000
494.369; 5164.975;  225.375;    0.000
494.504; 5084.975;  219.375;    0.000
494.639; 5001.975;  296.375;    0.000
494.774; 4968.975;  228.375;    0.000
494.909; 5128.975;  222.375;    0.000
495.044; 5031.975;  215.375;    0.000
495.179; 5039.975;  200.375;    0.000
495.314; 5186.975;  235.375;    0.000
495.449; 5201.975;  249.375;    0.000
495.584; 5053.975;  228.375;    0.000
495.719; 5115.975;  212.375;    0.000
495.854; 5147.975;  201.375;    0.000
495.988; 5092.975;  248.375;    0.000
496.123; 5042.975;  209.375;    0.000
496.258; 5152.975;  249.375;    0.000
496.393; 5085.975;  223.375;    0.000
496.528; 5081.975;  209.375;    0.000
496.663; 5241.975;  207.375;    0.000
496.797; 5180.975;  229.375;    0.000
496.932; 5327.975;  225.375;    0.000
497.067; 5354.975;  218.375;    0.000
497.202; 5350.975;  163.375;    0.000
497.336; 5378.975;  246.375;    0.000
497.471; 5383.975;  229.375;    0.000
497.606; 5461.975;  251.375;    0.000
497.740; 5566.975;  220.375;    0.000
497.875; 5590.975;  216.375;    0.000
498.010; 5652.975;  226.375;    0.000
498.144; 5725.975;  237.375;    0.000
498.279; 5856.975;  196.375;    0.000
498.414; 5984.975;  219.375;    0.000
498.548; 5892.975;  205.375;    0.000
498.683; 5979.975;  206.375;    0.000
498.817; 6176.975;  225.375;    0.000
498.952; 6327.975;  221.375;    0.000
499.087; 6575.975;  220.375;    0.000
499.221; 6621.975;  233.375;    0.000
499.356; 6847.975;  230.375;    0.000
499.490; 6985.975;  229.375;    0.000
499.625; 7223.975;  231.375;    0.000
499.759; 7423.975;  243.375;    0.000
499.894; 7628.975;  241.375;    0.000
500.028; 7913.975;  264.375;    0.000
500.162; 8064.975;  287.375;    0.000
500.297; 8127.975;  234.375;    0.000
500.431; 8259.975;  230.375;    0.000
500.566; 8245.975;  213.375;    0.000
500.700; 8058.975;  243.375;    0.000
500.835; 7979.975;  272.375;    0.000
500.969; 7767.975;  188.375;    0.000
501.103; 7633.975;  200.375;    0.000
501.238; 7424.975;  257.375;    0.000
501.372; 7238.975;  224.375;    0.000
501.506; 7019.975;  225.375;    0.000
501.641; 6685.975;  271.375;    0.000
501.775; 6590.975;  199.375;    0.000
501.909; 6377.975;  249.375;    0.000
502.043; 6238.975;  211.375;    0.000
502.178; 6059.975;  269.375;    0.000
502.312; 5986.975;  198.375;    0.000
502.446; 5872.975;  256.375;    0.000
502.580; 5728.975;  195.375;    0.000
502.715; 5654.975;  224.375;    0.000
502.849; 5607.975;  245.375;    0.000
502.983; 5648.975;  250.375;    0.000
503.117; 5425.975;  193.375;    0.000
503.251; 5409.975;  242.375;    0.000
503.385; 5356.975;  227.375;    0.000
503.520; 5287.975;  235.375;    0.000
503.654; 5151.975;  220.375;    0.000
503.788; 5222.975;  267.375;    0.000
503.922; 5096.975;  220.375;    0.000
504.056; 5133.975;  238.375;    0.000
504.190; 5125.975;  212.375;    0.000
504.324; 5191.975;  265.375;    0.000
504.458; 5068.975;  228.375;    0.000
504.592; 4999.975;  231.375;    0.000
504.726; 4938.975;  218.375;    0.000
504.860; 4896.975;  253.375;    0.000
504.994; 4801.975;  217.375;    0.000
505.128; 4731.975;  243.375;    0.000
505.262; 4681.975;  194.375;    0.000
505.396; 4504.975;  210.375;    0.000
505.530; 4557.975;  211.375;    0.000
505.664; 4542.975;  219.375;    0.000
505.798; 4481.975;  240.375;    0.000
505.932; 4470.975;  240.375;    0.000
506.066; 4417.975;  252.375;    0.000
506.199; 4496.975;  242.375;    0.000
506.333; 4234.975;  244.375;    0.000
506.467; 4312.975;  223.375;    0.000
506.601; 4188.975;  183.375;    0.000
506.735; 4188.975;  249.375;    0.000
506.869; 4205.975;  270.375;    0.000
507.002; 4192.975;  207.375;    0.000
507.136; 4273.975;  242.375;    0.000
507.270; 4129.975;  232.375;    0.000
507.404; 4191.975;  195.375;    0.000
507.537; 4108.975;  218.375;    0.000
507.671; 4043.975;  246.375;    0.000
507.805; 4050.975;  244.375;    0.000
507.939; 4048.975;  251.375;    0.000
508.072; 4007.975;  212.375;    0.000
508.206; 3995.975;  198.375;    0.000
508.340; 3971.975;  234.375;    0.000
508.473; 3936.975;  217.375;    0.000
508.607; 3965.975;  224.375;    0.000
508.740; 3911.975;  207.375;    0.000
508.874; 4001.975;  230.375;    0.000
509.008; 3873.975;  246.375;    0.000
509.141; 3987.975;  239.375;    0.000
509.275; 3902.975;  229.375;    0.000
509.408; 3963.975;  234.375;    0.000
509.542; 3886.975;  212.375;    0.000
509.675; 3936.975;  256.375;    0.000
509.809; 3883.975;  232.375;    0.000
509.942; 3886.975;  237.375;    0.000
510.076; 3879.975;  226.375;    0.000
510.209; 3954.975;  251.375;    0.000
510.343; 3997.975;  229.375;    0.000
510.476; 3811.975;  285.375;    0.000
510.610; 3752.975;  211.375;    0.000
510.743; 3847.975;  258.375;    0.000
510.877; 3802.975;  244.375;    0.000
511.010; 3754.975;  235.375;    0.000
511.143; 3747.975;  251.375;    0.000
511.277; 3765.975;  228.375;    0.000
511.410; 3789.975;  216.375;    0.000
511.543; 3656.975;  231.375;    0.000
511.677; 3734.975;  244.375;    0.000
511.810; 3687.975;  186.375;    0.000
511.943; 3678.975;  211.375;    0.000
512.077; 3790.975;  201.375;    0.000
512.210; 3761.975;  194.375;    0.000
512.343; 3700.975;  233.375;    0.000
512.476; 3803.975;  234.375;    0.000
512.610; 3732.975;  224.375;    0.000
512.743; 3786.975;  255.375;    0.000
512.876; 3826.975;  264.375;    0.000
513.009; 3837.975;  283.375;    0.000
513.142; 3699.975;  246.375;    0.000
513.276; 3673.975;  217.375;    0.000
513.409; 3810.975;  222.375;    0.000
513.542; 3640.975;  237.375;    0.000
513.675; 3664.975;  238.375;    0.000
513.808; 3627.975;  220.375;    0.000
513.941; 3688.975;  233.375;    0.000
514.074; 3634.975;  248.375;    0.000
514.207; 3577.975;  233.375;    0.000
514.340; 3613.975;  190.375;    0.000
514.474; 3693.975;  221.375;    0.000
514.607; 3777.975;  213.375;    0.000
514.740; 3764.975;  251.375;    0.000
514.873; 3740.975;  257.375;    0.000
515.006; 3762.975;  268.375;    0.000
515.139; 3756.975;  257.375;    0.000
515.272; 3816.975;  227.375;    0.000
515.404; 3791.975;  238.375;    0.000
515.537; 3799.975;  275.375;    0.000
515.670; 3784.975;  239.375;    0.000
515.803; 3843.975;  223.375;    0.000
515.936; 3871.975;  202.375;    0.000
516.069; 3851.975;  188.375;    0.000
516.202; 3937.975;  240.375;    0.000
516.335; 4201.975;  252.375;    0.000
516.468; 4261.975;  254.375;    0.000
516.600; 5167.975;  254.375;    0.000
516.733; 6407.975;  255.375;    0.000
516.866; 6206.975;  265.375;    0.000
516.999; 5432.975;  251.375;    0.000
517.132; 7012.975;  256.375;    0.000
517.264; 9967.975;  202.375;    0.000
517.397; 9261.975;  248.375;    0.000
517.530; 6670.975;  221.375;    0.000
517.663; 5587.975;  244.375;    0.000
517.795; 5347.975;  245.375;    0.000
517.928; 5165.975;  236.375;    0.000
518.061; 5170.975;  219.375;    0.000
518.193; 7002.975;  251.375;    0.000
518.326;11211.975;  271.375;    0.000
518.459;11769.975;  207.375;    0.000
518.591; 8302.975;  217.375;    0.000
518.724; 6234.975;  200.375;    0.000
518.857; 5386.975;  204.375;    0.000
518.989; 5005.975;  242.375;    0.000
519.122; 4856.975;  254.375;    0.000
519.254; 4524.975;  239.375;    0.000
519.387; 4288.975;  235.375;    0.000
519.519; 4236.975;  227.375;    0.000
519.652; 4120.975;  178.375;    0.000
519.784; 3993.975;  226.375;    0.000
519.917; 3893.975;  256.375;    0.000
520.049; 3865.975;  234.375;    0.000
520.182; 3715.975;  258.375;    0.000
520.314; 3763.975;  298.375;    0.000
520.447; 3740.975;  204.375;    0.000
520.579; 3802.975;  235.375;    0.000
520.712; 3688.975;  208.375;    0.000
520.844; 3801.975;  272.375;    0.000
520.976; 3611.975;  234.375;    0.000
521.109; 3583.975;  235.375;    0.000
521.241; 3520.975;  250.375;    0.000
521.373; 3545.975;  233.375;    0.000
521.506; 3530.975;  231.375;    0.000
521.638; 3483.975;  258.375;    0.000
521.770; 3417.975;  226.375;    0.000
521.903; 3501.975;  258.375;    0.000
522.035; 3420.975;  263.375;    0.000
522.167; 3440.975;  214.375;    0.000
522.300; 3431.975;  212.375;    0.000
522.432; 3362.975;  220.375;    0.000
522.564; 3354.975;  228.375;    0.000
522.696; 3387.975;  272.375;    0.000
522.828; 3251.975;  222.375;    0.000
522.961; 3303.975;  205.375;    0.000
523.093; 3324.975;  253.375;    0.000
523.225; 3360.975;  239.375;    0.000
523.357; 3319.975;  263.375;    0.000
523.489; 3375.975;  264.375;    0.000
523.621; 3225.975;  259.375;    0.000
523.753; 3255.975;  233.375;    0.000
523.885; 3159.975;  232.375;    0.000
524.018; 3281.975;  214.375;    0.000
524.150; 3331.975;  235.375;    0.000
524.282; 3180.975;  242.375;    0.000
524.414; 3351.975;  261.375;    0.000
524.546; 3197.975;  233.375;    0.000
524.678; 3162.975;  242.375;    0.000
524.810; 3201.975;  216.375;    0.000
524.942; 3157.975;  220.375;    0.000
525.074; 3183.975;  249.375;    0.000
525.206; 3140.975;  227.375;    0.000
525.338; 3056.975;  250.375;    0.000
525.469; 3096.975;  231.375;    0.000
525.601; 3194.975;  245.375;    0.000
525.733; 3119.975;  187.375;    0.000
525.865; 3167.975;  280.375;    0.000
525.997; 3165.975;  216.375;    0.000
526.129; 3037.975;  228.375;    0.000
526.261; 2982.975;  187.375;    0.000
526.393; 3041.975;  228.375;    0.000
526.524; 3047.975;  201.375;    0.000
526.656; 3042.975;  199.375;    0.000
526.788; 3042.975;  233.375;    0.000
526.920; 3054.975;  256.375;    0.000
527.052; 3030.975;  219.375;    0.000
527.183; 2949.975;  227.375;    0.000
527.315; 3032.975;  266.375;    0.000
527.447; 2988.975;  239.375;    0.000
527.578; 3052.975;  213.375;    0.000
527.710; 2952.975;  216.375;    0.000
527.842; 2950.975;  240.375;    0.000
527.973; 3011.975;  286.375;    0.000
528.105; 2959.975;  222.375;    0.000
528.237; 2955.975;  223.375;    0.000
528.368; 3077.975;  211.375;    0.000
528.500; 2900.975;  215.375;    0.000
528.632; 2973.975;  216.375;    0.000
528.763; 2885.975;  234.375;    0.000
528.895; 2917.975;  196.375;    0.000
529.026; 3000.975;  202.375;    0.000
529.158; 2995.975;  226.375;    0.000
529.289; 2954.975;  229.375;    0.000
529.421; 3040.975;  264.375;    0.000
529.552; 2982.975;  265.375;    0.000
529.684; 3009.975;  260.375;    0.000
529.815; 3003.975;  284.375;    0.000
529.947; 3018.975;  237.375;    0.000
530.078; 2993.975;  223.375;    0.000
530.210; 2988.975;  223.375;    0.000
530.341; 3000.975;  209.375;    0.000
530.472; 2855.975;  203.375;    0.000
530.604; 2910.975;  223.375;    0.000
530.735; 3016.975;  218.375;    0.000
530.867; 3017.975;  222.375;    0.000
530.998; 2929.975;  239.375;    0.000
531.129; 2959.975;  250.375;    0.000
531.260; 2992.975;  224.375;    0.000
531.392; 3025.975;  216.375;    0.000
531.523; 2932.975;  234.375;    0.000
531.654; 3002.975;  256.375;    0.000
531.786; 2983.975;  226.375;    0.000
531.917; 3007.975;  239.375;    0.000
532.048; 3028.975;  205.375;    0.000
532.179; 2953.975;  244.375;    0.000
532.311; 3014.975;  235.375;    0.000
532.442; 3055.975;  258.375;    0.000
532.573; 3013.975;  220.375;    0.000
532.704; 3005.975;  213.375;    0.000
532.835; 2946.975;  249.375;    0.000
532.966; 2910.975;  226.375;    0.000
533.097; 2953.975;  246.375;    0.000
533.229; 2956.975;  237.375;    0.000
533.360; 3004.975;  225.375;    0.000
533.491; 2964.975;  241.375;    0.000
533.622; 3010.975;  242.375;    0.000
533.753; 2968.975;  264.375;    0.000
533.884; 2989.975;  245.375;    0.000
534.015; 2969.975;  269.375;    0.000
534.146; 2943.975;  267.375;    0.000
534.277; 2994.975;  282.375;    0.000
534.408; 2965.975;  229.375;    0.000
534.539; 2976.975;  269.375;    0.000
534.670; 2944.975;  231.375;    0.000
534.801; 2981.975;  260.375;    0.000
534.932; 2984.975;  232.375;    0.000
535.063; 2952.975;  227.375;    0.000
535.194; 3071.975;  281.375;    0.000
535.324; 2837.975;  206.375;    0.000
535.455; 2886.975;  257.375;    0.000
535.586; 3045.975;  275.375;    0.000
535.717; 2843.975;  206.375;    0.000
535.848; 2897.975;  271.375;    0.000
535.979; 2898.975;  250.375;    0.000
536.109; 2908.975;  253.375;    0.000
536.240; 2928.975;  234.375;    0.000
536.371; 2851.975;  230.375;    0.000
536.502; 2892.975;  270.375;    0.000
536.632; 2834.975;  228.375;    0.000
536.763; 3015.975;  249.375;    0.000
536.894; 2893.975;  262.375;    0.000
537.025; 2885.975;  258.375;    0.000
537.155; 2925.975;  278.375;    0.000
537.286; 2842.975;  209.375;    0.000
537.417; 2941.975;  255.375;    0.000
537.547; 2892.975;  208.375;    0.000
537.678; 2894.975;  224.375;    0.000
537.808; 2794.975;  224.375;    0.000
537.939; 2834.975;  257.375;    0.000
538.070; 2844.975;  240.375;    0.000
538.200; 2771.975;  259.375;    0.000
538.331; 2832.975;  235.375;    0.000
538.461; 2780.975;  251.375;    0.000
538.592; 2792.975;  245.375;    0.000
538.722; 2897.975;  239.375;    0.000
538.853; 2805.975;  216.375;    0.000
538.983; 2821.975;  226.375;    0.000
539.114; 2751.975;  240.375;    0.000
539.244; 2751.975;  237.375;    0.000
539.375; 2898.975;  198.375;    0.000
539.505; 2812.975;  263.375;    0.000
539.636; 2846.975;  226.375;    0.000
539.766; 2847.975;  229.375;    0.000
539.896; 2769.975;  219.375;    0.000
540.027; 2876.975;  246.375;    0.000
540.157; 2861.975;  218.375;    0.000
540.287; 2854.975;  216.375;    0.000
540.418; 2887.975;  267.375;    0.000
540.548; 2878.975;  260.375;    0.000
540.678; 2793.975;  242.375;    0.000
540.809; 2860.975;  260.375;    0.000
540.939; 2800.975;  257.375;    0.000
541.069; 2855.975;  226.375;    0.000
541.200; 2820.975;  227.375;    0.000
541.330; 2862.975;  218.375;    0.000
541.460; 2905.975;  223.375;    0.000
541.590; 2887.975;  237.375;    0.000
541.720; 2803.975;  222.375;    0.000
541.851; 2891.975;  250.375;    0.000
541.981; 2848.975;  222.375;    0.000
542.111; 2856.975;  212.375;    0.000
542.241; 2865.975;  205.375;    0.000
542.371; 2805.975;  202.375;    0.000
542.501; 2919.975;  218.375;    0.000
542.631; 3047.975;  222.375;    0.000
542.761; 2991.975;  249.375;    0.000
542.891; 2920.975;  173.375;    0.000
543.021; 2948.975;  218.375;    0.000
543.151; 2901.975;  222.375;    0.000
543.281; 2981.975;  188.375;    0.000
543.411; 2877.975;  239.375;    0.000
543.542; 2917.975;  215.375;    0.000
543.671; 2917.975;  250.375;    0.000
543.801; 2876.975;  212.375;    0.000
543.931; 2956.975;  233.375;    0.000
544.061; 2942.975;  194.375;    0.000
544.191; 2832.975;  218.375;    0.000
544.321; 2900.975;  220.375;    0.000
544.451; 2953.975;  183.375;    0.000
544.581; 2971.975;  221.375;    0.000
544.711; 2952.975;  224.375;    0.000
544.841; 3041.975;  214.375;    0.000
544.970; 2945.975;  227.375;    0.000
545.100; 2960.975;  186.375;    0.000
545.230; 3091.975;  205.375;    0.000
545.360; 2961.975;  211.375;    0.000
545.490; 3016.975;  202.375;    0.000
545.619; 2948.975;  182.375;    0.000
545.749; 2965.975;  174.375;    0.000
545.879; 2905.975;  169.375;    0.000
546.009; 2924.975;  182.375;    0.000
546.138; 3019.975;  200.375;    0.000
546.268; 2931.975;  204.375;    0.000
546.398; 2930.975;  200.375;    0.000
546.527; 2906.975;  179.375;    0.000
546.657; 2887.975;  162.375;    0.000
546.786; 3003.975;  179.375;    0.000
546.916; 2985.975;  221.375;    0.000
547.046; 2954.975;  179.375;    0.000
547.175; 2902.975;  168.375;    0.000
547.305; 2969.975;  200.375;    0.000
547.434; 2901.975;  166.375;    0.000
547.564; 2854.975;  177.375;    0.000
547.693; 2878.975;  152.375;    0.000
547.823; 2956.975;  171.375;    0.000
547.953; 2994.975;  195.375;    0.000
548.082; 2956.975;  214.375;    0.000
548.211; 2834.975;  177.375;    0.000
548.341; 2842.975;  189.375;    0.000
548.470; 2905.975;  194.375;    0.000
548.600; 2862.975;  172.375;    0.000
548.729; 2935.975;  158.375;    0.000
548.859; 2994.975;  193.375;    0.000
548.988; 2948.975;  131.375;    0.000
549.117; 2976.975;  204.375;    0.000
549.247; 2908.975;  191.375;    0.000
549.376; 2987.975;  202.375;    0.000
549.505; 2942.975;  187.375;    0.000
549.635; 2951.975;  198.375;    0.000
549.764; 2953.975;  155.375;    0.000
549.893; 2947.975;  176.375;    0.000
550.023; 2991.975;  202.375;    0.000
550.152; 2954.975;  168.375;    0.000
550.281; 3049.975;  180.375;    0.000
550.410; 3058.975;  180.375;    0.000
550.539; 3085.975;  181.375;    0.000
550.669; 2999.975;  168.375;    0.000
550.798; 3106.975;  223.375;    0.000
550.927; 3044.975;  179.375;    0.000
551.056; 2980.975;  159.375;    0.000
551.185; 3086.975;  199.375;    0.000
551.314; 2967.975;  185.375;    0.000
551.443; 2922.975;  172.375;    0.000
551.573; 3063.975;  158.375;    0.000
551.702; 3021.975;  210.375;    0.000
551.831; 3140.975;  238.375;    0.000
551.960; 2993.975;  191.375;    0.000
552.089; 3048.975;  195.375;    0.000
552.218; 3105.975;  196.375;    0.000
552.347; 3028.975;  194.375;    0.000
552.476; 3197.975;  192.375;    0.000
552.605; 3100.975;  172.375;    0.000
552.734; 3315.975;  214.375;    0.000
552.863; 3354.975;  177.375;    0.000
552.992; 3305.975;  190.375;    0.000
553.121; 3292.975;  185.375;    0.000
553.249; 3363.975;  175.375;    0.000
553.378; 3209.975;  192.375;    0.000
553.507; 3168.975;  193.375;    0.000
553.636; 3158.975;  182.375;    0.000
553.765; 3107.975;  187.375;    0.000
553.894; 3149.975;  214.375;    0.000
554.023; 3090.975;  217.375;    0.000
554.151; 3053.975;  223.375;    0.000
554.280; 3004.975;  170.375;    0.000
554.409; 3063.975;  172.375;    0.000
554.538; 3108.975;  182.375;    0.000
554.666; 3100.975;  195.375;    0.000
554.795; 3052.975;  176.375;    0.000
554.924; 2979.975;  164.375;    0.000
555.052; 3115.975;  171.375;    0.000
555.181; 2935.975;  208.375;    0.000
555.310; 3043.975;  214.375;    0.000
555.439; 3051.975;  193.375;    0.000
555.567; 3013.975;  189.375;    0.000
555.696; 3025.975;  196.375;    0.000
555.824; 2971.975;  183.375;    0.000
555.953; 2989.975;  234.375;    0.000
556.082; 2935.975;  183.375;    0.000
556.210; 2966.975;  199.375;    0.000
556.339; 3006.975;  201.375;    0.000
556.467; 2907.975;  208.375;    0.000
556.596; 2988.975;  194.375;    0.000
556.724; 2891.975;  170.375;    0.000
556.853; 2942.975;  166.375;    0.000
556.981; 2880.975;  185.375;    0.000
557.110; 2895.975;  213.375;    0.000
557.238; 2943.975;  188.375;    0.000
557.367; 2895.975;  176.375;    0.000
557.495; 2874.975;  180.375;    0.000
557.623; 2881.975;  193.375;    0.000
557.752; 2813.975;  207.375;    0.000
557.880; 3021.975;  189.375;    0.000
558.008; 2941.975;  169.375;    0.000
558.137; 2914.975;  203.375;    0.000
558.265; 2902.975;  167.375;    0.000
558.393; 2916.975;  204.375;    0.000
558.522; 2856.975;  203.375;    0.000
558.650; 2922.975;  215.375;    0.000
558.778; 2910.975;  190.375;    0.000
558.906; 2904.975;  186.375;    0.000
559.035; 2895.975;  193.375;    0.000
559.163; 2885.975;  198.375;    0.000
559.291; 2930.975;  222.375;    0.000
559.419; 2884.975;  192.375;    0.000
559.548; 2911.975;  186.375;    0.000
559.676; 2935.975;  199.375;    0.000
559.804; 2926.975;  186.375;    0.000
559.932; 2938.975;  202.375;    0.000
560.060; 2991.975;  183.375;    0.000
560.188; 2893.975;  212.375;    0.000
560.316; 3039.975;  192.375;    0.000
560.444; 2952.975;  180.375;    0.000
560.572; 2984.975;  206.375;    0.000
560.700; 3029.975;  184.375;    0.000
560.828; 3054.975;  177.375;    0.000
560.956; 3065.975;  221.375;    0.000
561.085; 2977.975;  227.375;    0.000
561.212; 3027.975;  208.375;    0.000
561.340; 3044.975;  189.375;    0.000
561.468; 2942.975;  189.375;    0.000
561.596; 3000.975;  183.375;    0.000
561.724; 3010.975;  188.375;    0.000
561.852; 2947.975;  183.375;    0.000
561.980; 3009.975;  209.375;    0.000
562.108; 3092.975;  165.375;    0.000
562.236; 3029.975;  188.375;    0.000
562.364; 3016.975;  177.375;    0.000
562.492; 2963.975;  192.375;    0.000
562.619; 3072.975;  187.375;    0.000
562.747; 3099.975;  217.375;    0.000
562.875; 3166.975;  221.375;    0.000
563.003; 3073.975;  199.375;    0.000
563.130; 3075.975;  191.375;    0.000
563.258; 3137.975;  186.375;    0.000
563.386; 3147.975;  191.375;    0.000
563.514; 3228.975;  217.375;    0.000
563.641; 3240.975;  220.375;    0.000
563.769; 3187.975;  186.375;    0.000
563.897; 3210.975;  158.375;    0.000
564.024; 3267.975;  192.375;    0.000
564.152; 3283.975;  217.375;    0.000
564.280; 3233.975;  203.375;    0.000
564.407; 3361.975;  190.375;    0.000
564.535; 3332.975;  188.375;    0.000
564.662; 3419.975;  199.375;    0.000
564.790; 3431.975;  227.375;    0.000
564.917; 3404.975;  160.375;    0.000
565.045; 3396.975;  222.375;    0.000
565.173; 3447.975;  169.375;    0.000
565.300; 3401.975;  208.375;    0.000
565.428; 3463.975;  174.375;    0.000
565.555; 3577.975;  201.375;    0.000
565.682; 3615.975;  180.375;    0.000
565.810; 3715.975;  165.375;    0.000
565.937; 3698.975;  167.375;    0.000
566.065; 3793.975;  190.375;    0.000
566.192; 3744.975;  169.375;    0.000
566.320; 3885.975;  167.375;    0.000
566.447; 3999.975;  151.375;    0.000
566.574; 3986.975;  176.375;    0.000
566.702; 4024.975;  198.375;    0.000
566.829; 4009.975;  209.375;    0.000
566.956; 4066.975;  186.375;    0.000
567.083; 4005.975;  188.375;    0.000
567.211; 4132.975;  159.375;    0.000
567.338; 4153.975;  204.375;    0.000
567.465; 4200.975;  141.375;    0.000
567.593; 4184.975;  168.375;    0.000
567.720; 4162.975;  177.375;    0.000
567.847; 4293.975;  160.375;    0.000
567.974; 4194.975;  139.375;    0.000
568.101; 4163.975;  153.375;    0.000
568.228; 3965.975;  173.375;    0.000
568.356; 3932.975;  149.375;    0.000
568.483; 3904.975;  185.375;    0.000
568.610; 3910.975;  170.375;    0.000
568.737; 3797.975;  223.375;    0.000
568.864; 3764.975;  167.375;    0.000
568.991; 3713.975;  177.375;    0.000
569.118; 3669.975;  169.375;    0.000
569.245; 3548.975;  128.375;    0.000
569.372; 3440.975;  160.375;    0.000
569.499; 3399.975;  156.375;    0.000
569.626; 3424.975;  191.375;    0.000
569.753; 3346.975;  163.375;    0.000
569.880; 3299.975;  167.375;    0.000
570.007; 3259.975;  143.375;    0.000
570.134; 3305.975;  191.375;    0.000
570.261; 3271.975;  164.375;    0.000
570.388; 3306.975;  162.375;    0.000
570.515; 3309.975;  220.375;    0.000
570.642; 3267.975;  184.375;    0.000
570.768; 3220.975;  174.375;    0.000
570.895; 3255.975;  177.375;    0.000
571.022; 3222.975;  152.375;    0.000
571.149; 3208.975;  183.375;    0.000
571.276; 3209.975;  153.375;    0.000
571.402; 3193.975;  190.375;    0.000
571.529; 3111.975;  187.375;    0.000
571.656; 3214.975;  167.375;    0.000
571.783; 3029.975;  186.375;    0.000
571.909; 3118.975;  183.375;    0.000
572.036; 3070.975;  162.375;    0.000
572.163; 3103.975;  196.375;    0.000
572.289; 3040.975;  180.375;    0.000
572.416; 2978.975;  190.375;    0.000
572.543; 3060.975;  174.375;    0.000
572.669; 3074.975;  186.375;    0.000
572.796; 2949.975;  205.375;    0.000
572.922; 2961.975;  185.375;    0.000
573.049; 2910.975;  178.375;    0.000
573.176; 3067.975;  196.375;    0.000
573.302; 3054.975;  202.375;    0.000
573.429; 2994.975;  189.375;    0.000
573.555; 3060.975;  145.375;    0.000
573.682; 2944.975;  228.375;    0.000
573.808; 2975.975;  197.375;    0.000
573.935; 2954.975;  216.375;    0.000
574.061; 2864.975;  173.375;    0.000
574.188; 2965.975;  151.375;    0.000
574.314; 2997.975;  181.375;    0.000
574.440; 2993.975;  167.375;    0.000
574.567; 3038.975;  185.375;    0.000
574.693; 2879.975;  173.375;    0.000
574.820; 2954.975;  164.375;    0.000
574.946; 2888.975;  199.375;    0.000
575.072; 2948.975;  162.375;    0.000
575.198; 2982.975;  225.375;    0.000
575.325; 2925.975;  171.375;    0.000
575.451; 2936.975;  183.375;    0.000
575.577; 2957.975;  190.375;    0.000
575.704; 2911.975;  210.375;    0.000
575.830; 2986.975;  185.375;    0.000
575.956; 2964.975;  168.375;    0.000
576.082; 3001.975;  158.375;    0.000
576.208; 2918.975;  158.375;    0.000
576.335; 2913.975;  196.375;    0.000
576.461; 2892.975;  187.375;    0.000
576.587; 2811.975;  157.375;    0.000
576.713; 2932.975;  156.375;    0.000
576.839; 2842.975;  196.375;    0.000
576.965; 2936.975;  187.375;    0.000
577.091; 2925.975;  204.375;    0.000
577.217; 2951.975;  207.375;    0.000
577.343; 2885.975;  175.375;    0.000
577.469; 2932.975;  197.375;    0.000
577.596; 2869.975;  182.375;    0.000
577.722; 2820.975;  159.375;    0.000
577.848; 2829.975;  162.375;    0.000
577.974; 2894.975;  180.375;    0.000
578.099; 2783.975;  161.375;    0.000
578.225; 2886.975;  180.375;    0.000
578.351; 2921.975;  190.375;    0.000
578.477; 2872.975;  212.375;    0.000
578.603; 2832.975;  179.375;    0.000
578.729; 2835.975;  195.375;    0.000
578.855; 2912.975;  153.375;    0.000
578.981; 2846.975;  162.375;    0.000
579.107; 2807.975;  149.375;    0.000
579.232; 2863.975;  164.375;    0.000
579.358; 2883.975;  162.375;    0.000
579.484; 2939.975;  181.375;    0.000
579.610; 2848.975;  190.375;    0.000
579.735; 2849.975;  191.375;    0.000
579.861; 2843.975;  189.375;    0.000
579.987; 2887.975;  202.375;    0.000
580.113; 2931.975;  197.375;    0.000
580.238; 2799.975;  228.375;    0.000
580.364; 2840.975;  212.375;    0.000
580.490; 2851.975;  225.375;    0.000
580.615; 2887.975;  218.375;    0.000
580.741; 2749.975;  167.375;    0.000
580.867; 2909.975;  215.375;    0.000
580.992; 2865.975;  191.375;    0.000
581.118; 2909.975;  171.375;    0.000
581.243; 2785.975;  204.375;    0.000
581.369; 2876.975;  186.375;    0.000
581.494; 2828.975;  184.375;    0.000
581.620; 2822.975;  212.375;    0.000
581.745; 2868.975;  192.375;    0.000
581.871; 2838.975;  195.375;    0.000
581.996; 2833.975;  160.375;    0.000
582.122; 2895.975;  217.375;    0.000
582.247; 2910.975;  213.375;    0.000
582.373; 2849.975;  187.375;    0.000
582.498; 2900.975;  208.375;    0.000
582.624; 2842.975;  189.375;    0.000
582.749; 2901.975;  185.375;    0.000
582.874; 2808.975;  195.375;    0.000
583.000; 2846.975;  208.375;    0.000
583.125; 2781.975;  147.375;    0.000
583.250; 2938.975;  201.375;    0.000
583.376; 2814.975;  191.375;    0.000
583.501; 2795.975;  206.375;    0.000
583.626; 2812.975;  167.375;    0.000
583.751; 2768.975;  180.375;    0.000
583.877; 2878.975;  185.375;    0.000
584.002; 2878.975;  186.375;    0.000
584.127; 2831.975;  176.375;    0.000
584.252; 2871.975;  214.375;    0.000
584.377; 2813.975;  225.375;    0.000
584.503; 2922.975;  195.375;    0.000
584.628; 2844.975;  206.375;    0.000
584.753; 2833.975;  181.375;    0.000
584.878; 2793.975;  136.375;    0.000
585.003; 2850.975;  215.375;    0.000
585.128; 2918.975;  206.375;    0.000
585.253; 2973.975;  200.375;    0.000
585.378; 2886.975;  169.375;    0.000
585.503; 2890.975;  191.375;    0.000
585.628; 2846.975;  182.375;    0.000
585.753; 2830.975;  164.375;    0.000
585.878; 2862.975;  123.375;    0.000
586.003; 2924.975;  187.375;    0.000
586.128; 2794.975;  198.375;    0.000
586.253; 2852.975;  172.375;    0.000
586.378; 2816.975;  191.375;    0.000
586.503; 2932.975;  190.375;    0.000
586.628; 2959.975;  178.375;    0.000
586.753; 2892.975;  184.375;    0.000
586.878; 2933.975;  169.375;    0.000
587.003; 2859.975;  186.375;    0.000
587.127; 2937.975;  170.375;    0.000
587.252; 2995.975;  170.375;    0.000
587.377; 2945.975;  181.375;    0.000
587.502; 3022.975;  209.375;    0.000
587.627; 3041.975;  210.375;    0.000
587.751; 3072.975;  212.375;    0.000
587.876; 3037.975;  198.375;    0.000
588.001; 3010.975;  161.375;    0.000
588.125; 3130.975;  191.375;    0.000
588.250; 3170.975;  132.375;    0.000
588.375; 3285.975;  183.375;    0.000
588.499; 3518.975;  176.375;    0.000
588.624; 3662.975;  173.375;    0.000
588.749; 4624.975;  204.375;    0.000
588.873; 7210.975;  179.375;    0.000
588.998;10028.975;  182.375;    0.000
589.122; 8826.975;  165.375;    0.000
589.247; 6140.975;  185.375;    0.000
589.372; 5405.975;  199.375;    0.000
589.496; 7270.975;  182.375;    0.000
589.621; 8575.975;  158.375;    0.000
589.745; 6874.975;  213.375;    0.000
589.870; 4635.975;  175.375;    0.000
589.994; 3920.975;  194.375;    0.000
590.118; 3676.975;  218.375;    0.000
590.243; 3561.975;  170.375;    0.000
590.367; 3376.975;  189.375;    0.000
590.492; 3315.975;  196.375;    0.000
590.616; 3193.975;  182.375;    0.000
590.740; 3229.975;  210.375;    0.000
590.865; 3188.975;  242.375;    0.000
590.989; 3209.975;  191.375;    0.000
591.114; 3125.975;  167.375;    0.000
591.238; 3078.975;  194.375;    0.000
591.362; 3130.975;  236.375;    0.000
591.486; 3139.975;  194.375;    0.000
591.611; 3146.975;  154.375;    0.000
591.735; 3208.975;  186.375;    0.000
591.859; 3160.975;  148.375;    0.000
591.983; 3228.975;  211.375;    0.000
592.107; 3143.975;  204.375;    0.000
592.232; 3134.975;  194.375;    0.000
592.356; 3225.975;  238.375;    0.000
592.480; 3213.975;  179.375;    0.000
592.604; 3199.975;  192.375;    0.000
592.728; 3225.975;  201.375;    0.000
592.852; 3140.975;  158.375;    0.000
592.976; 3224.975;  152.375;    0.000
593.100; 3242.975;  194.375;    0.000
593.224; 3269.975;  235.375;    0.000
593.349; 3366.975;  233.375;    0.000
593.473; 3287.975;  194.375;    0.000
593.597; 3257.975;  215.375;    0.000
593.721; 3318.975;  212.375;    0.000
593.844; 3306.975;  220.375;    0.000
593.968; 3352.975;  221.375;    0.000
594.092; 3225.975;  150.375;    0.000
594.216; 3288.975;  212.375;    0.000
594.340; 3278.975;  209.375;    0.000
594.464; 3288.975;  207.375;    0.000
594.588; 3161.975;  195.375;    0.000
594.712; 3208.975;  176.375;    0.000
594.836; 3157.975;  219.375;    0.000
594.959; 3136.975;  215.375;    0.000
595.083; 3111.975;  200.375;    0.000
595.207; 3148.975;  206.375;    0.000
595.331; 3083.975;  207.375;    0.000
595.455; 3030.975;  206.375;    0.000
595.578; 3127.975;  204.375;    0.000
595.702; 2977.975;  225.375;    0.000
595.826; 2989.975;  186.375;    0.000
595.949; 3039.975;  196.375;    0.000
596.073; 2864.975;  188.375;    0.000
596.197; 2915.975;  217.375;    0.000
596.320; 2934.975;  225.375;    0.000
596.444; 2986.975;  220.375;    0.000
596.568; 2939.975;  155.375;    0.000
596.691; 2867.975;  195.375;    0.000
596.815; 2949.975;  163.375;    0.000
596.938; 2908.975;  181.375;    0.000
597.062; 2884.975;  201.375;    0.000
597.186; 2863.975;  200.375;    0.000
597.309; 2959.975;  214.375;    0.000
597.433; 2832.975;  176.375;    0.000
597.556; 2783.975;  193.375;    0.000
597.680; 2859.975;  241.375;    0.000
597.803; 2769.975;  185.375;    0.000
597.926; 2879.975;  200.375;    0.000
598.050; 2869.975;  193.375;    0.000
598.173; 2839.975;  219.375;    0.000
598.297; 2741.975;  223.375;    0.000
598.420; 2816.975;  187.375;    0.000
598.543; 2745.975;  205.375;    0.000
598.667; 2706.975;  177.375;    0.000
598.790; 2715.975;  208.375;    0.000
598.913; 2732.975;  170.375;    0.000
599.037; 2715.975;  212.375;    0.000
599.160; 2764.975;  165.375;    0.000
599.283; 2822.975;  211.375;    0.000
599.406; 2823.975;  207.375;    0.000
599.530; 2817.975;  182.375;    0.000
599.653; 2725.975;  215.375;    0.000
599.776; 2821.975;  167.375;    0.000
599.899; 2760.975;  190.375;    0.000
600.022; 2777.975;  182.375;    0.000
600.145; 2710.975;  180.375;    0.000
600.269; 2830.975;  208.375;    0.000
600.392; 2746.975;  214.375;    0.000
600.515; 2843.975;  196.375;    0.000
600.638; 2710.975;  204.375;    0.000
600.761; 2640.975;  209.375;    0.000
600.884; 2656.975;  207.375;    0.000
601.007; 2696.975;  234.375;    0.000
601.130; 2631.975;  183.375;    0.000
601.253; 2684.975;  211.375;    0.000
601.376; 2721.975;  199.375;    0.000
601.499; 2617.975;  190.375;    0.000
601.622; 2603.975;  210.375;    0.000
601.745; 2671.975;  180.375;    0.000
601.868; 2665.975;  204.375;    0.000
601.991; 2608.975;  188.375;    0.000
602.113; 2706.975;  210.375;    0.000
602.236; 2687.975;  194.375;    0.000
602.359; 2725.975;  213.375;    0.000
602.482; 2652.975;  169.375;    0.000
602.605; 2635.975;  189.375;    0.000
602.728; 2710.975;  236.375;    0.000
602.850; 2661.975;  230.375;    0.000
602.973; 2680.975;  187.375;    0.000
603.096; 2733.975;  201.375;    0.000
603.219; 2631.975;  209.375;    0.000
603.341; 2758.975;  209.375;    0.000
603.464; 2652.975;  194.375;    0.000
603.587; 2673.975;  166.375;    0.000
603.709; 2676.975;  175.375;    0.000
603.832; 2601.975;  239.375;    0.000
603.955; 2626.975;  205.375;    0.000
604.077; 2639.975;  196.375;    0.000
604.200; 2616.975;  188.375;    0.000
604.323; 2729.975;  224.375;    0.000
604.445; 2584.975;  182.375;    0.000
604.568; 2686.975;  199.375;    0.000
604.690; 2561.975;  175.375;    0.000
604.813; 2583.975;  211.375;    0.000
604.935; 2608.975;  171.375;    0.000
605.058; 2619.975;  196.375;    0.000
605.180; 2644.975;  194.375;    0.000
605.303; 2646.975;  198.375;    0.000
605.425; 2593.975;  212.375;    0.000
605.547; 2615.975;  238.375;    0.000
605.670; 2593.975;  207.375;    0.000
605.792; 2597.975;  204.375;    0.000
605.915; 2560.975;  198.375;    0.000
606.037; 2680.975;  215.375;    0.000
606.159; 2699.975;  170.375;    0.000
606.282; 2580.975;  194.375;    0.000
606.404; 2644.975;  207.375;    0.000
606.526; 2611.975;  208.375;    0.000
606.648; 2637.975;  174.375;    0.000
606.771; 2577.975;  170.375;    0.000
606.893; 2571.975;  182.375;    0.000
607.015; 2561.975;  180.375;    0.000
607.137; 2593.975;  187.375;    0.000
607.260; 2616.975;  202.375;    0.000
607.382; 2586.975;  226.375;    0.000
607.504; 2617.975;  208.375;    0.000
607.626; 2592.975;  229.375;    0.000
607.748; 2708.975;  170.375;    0.000
607.870; 2561.975;  208.375;    0.000
607.992; 2612.975;  184.375;    0.000
608.114; 2636.975;  213.375;    0.000
608.237; 2649.975;  237.375;    0.000
608.359; 2613.975;  176.375;    0.000
608.481; 2542.975;  173.375;    0.000
608.603; 2545.975;  189.375;    0.000
608.725; 2567.975;  185.375;    0.000
608.847; 2620.975;  239.375;    0.000
608.969; 2582.975;  237.375;    0.000
609.090; 2510.975;  189.375;    0.000
609.212; 2498.975;  147.375;    0.000
609.334; 2575.975;  177.375;    0.000
609.456; 2583.975;  196.375;    0.000
609.578; 2526.975;  199.375;    0.000
609.700; 2510.975;  167.375;    0.000
609.822; 2598.975;  140.375;    0.000
609.944; 2597.975;  225.375;    0.000
610.065; 2573.975;  183.375;    0.000
610.187; 2458.975;  170.375;    0.000
610.309; 2570.975;  210.375;    0.000
610.431; 2540.975;  185.375;    0.000
610.552; 2558.975;  197.375;    0.000
610.674; 2518.975;  188.375;    0.000
610.796; 2594.975;  162.375;    0.000
610.918; 2522.975;  200.375;    0.000
611.039; 2471.975;  209.375;    0.000
611.161; 2584.975;  201.375;    0.000
611.282; 2534.975;  197.375;    0.000
611.404; 2560.975;  220.375;    0.000
611.526; 2524.975;  159.375;    0.000
611.647; 2605.975;  205.375;    0.000
611.769; 2539.975;  161.375;    0.000
611.890; 2504.975;  173.375;    0.000
612.012; 2571.975;  225.375;    0.000
612.133; 2543.975;  188.375;    0.000
612.255; 2566.975;  217.375;    0.000
612.377; 2595.975;  219.375;    0.000
612.498; 2595.975;  177.375;    0.000
612.619; 2505.975;  211.375;    0.000
612.741; 2537.975;  185.375;    0.000
612.862; 2498.975;  191.375;    0.000
612.984; 2541.975;  190.375;    0.000
613.105; 2519.975;  211.375;    0.000
613.226; 2446.975;  174.375;    0.000
613.348; 2570.975;  235.375;    0.000
613.469; 2568.975;  230.375;    0.000
613.590; 2522.975;  208.375;    0.000
613.712; 2535.975;  244.375;    0.000
613.833; 2528.975;  202.375;    0.000
613.954; 2422.975;  228.375;    0.000
614.076; 2505.975;  220.375;    0.000
614.197; 2518.975;  191.375;    0.000
614.318; 2477.975;  201.375;    0.000
614.439; 2465.975;  212.375;    0.000
614.560; 2522.975;  219.375;    0.000
614.682; 2524.975;  189.375;    0.000
614.803; 2482.975;  188.375;    0.000
614.924; 2508.975;  225.375;    0.000
615.045; 2406.975;  227.375;    0.000
615.166; 2542.975;  200.375;    0.000
615.287; 2533.975;  195.375;    0.000
615.408; 2528.975;  199.375;    0.000
615.529; 2631.975;  227.375;    0.000
615.650; 2422.975;  176.375;    0.000
615.771; 2480.975;  211.375;    0.000
615.892; 2474.975;  212.375;    0.000
616.013; 2553.975;  172.375;    0.000
616.134; 2525.975;  220.375;    0.000
616.255; 2490.975;  251.375;    0.000
616.376; 2531.975;  186.375;    0.000
616.497; 2562.975;  201.375;    0.000
616.618; 2398.975;  149.375;    0.000
616.739; 2524.975;  213.375;    0.000
616.860; 2512.975;  224.375;    0.000
616.981; 2481.975;  224.375;    0.000
617.102; 2434.975;  217.375;    0.000
617.222; 2490.975;  237.375;    0.000
617.343; 2407.975;  205.375;    0.000
617.464; 2521.975;  229.375;    0.000
617.585; 2520.975;  227.375;    0.000
617.705; 2492.975;  191.375;    0.000
617.826; 2474.975;  237.375;    0.000
617.947; 2483.975;  223.375;    0.000
618.068; 2420.975;  189.375;    0.000
618.188; 2431.975;  194.375;    0.000
618.309; 2429.975;  206.375;    0.000
618.430; 2534.975;  229.375;    0.000
618.550; 2551.975;  250.375;    0.000
618.671; 2545.975;  201.375;    0.000
618.791; 2487.975;  226.375;    0.000
618.912; 2470.975;  246.375;    0.000
619.033; 2480.975;  243.375;    0.000
619.153; 2465.975;  208.375;    0.000
619.274; 2534.975;  223.375;    0.000
619.394; 2461.975;  226.375;    0.000
619.515; 2496.975;  188.375;    0.000
619.635; 2433.975;  216.375;    0.000
619.756; 2476.975;  229.375;    0.000
619.876; 2416.975;  216.375;    0.000
619.996; 2480.975;  244.375;    0.000
620.117; 2501.975;  225.375;    0.000
620.237; 2404.975;  207.375;    0.000
620.358; 2497.975;  239.375;    0.000
620.478; 2401.975;  237.375;    0.000
620.598; 2469.975;  237.375;    0.000
620.719; 2470.975;  223.375;    0.000
620.839; 2499.975;  254.375;    0.000
620.959; 2460.975;  244.375;    0.000
621.079; 2420.975;  193.375;    0.000
621.200; 2462.975;  233.375;    0.000
621.320; 2558.975;  270.375;    0.000
621.440; 2363.975;  206.375;    0.000
621.560; 2371.975;  241.375;    0.000
621.681; 2427.975;  231.375;    0.000
621.801; 2380.975;  235.375;    0.000
621.921; 2378.975;  240.375;    0.000
622.041; 2443.975;  244.375;    0.000
622.161; 2435.975;  225.375;    0.000
622.281; 2369.975;  222.375;    0.000
622.401; 2451.975;  238.375;    0.000
622.521; 2442.975;  233.375;    0.000
622.641; 2387.975;  241.375;    0.000
622.761; 2371.975;  233.375;    0.000
622.882; 2414.975;  230.375;    0.000
623.002; 2371.975;  206.375;    0.000
623.121; 2350.975;  217.375;    0.000
623.241; 2387.975;  263.375;    0.000
623.361; 2349.975;  245.375;    0.000
623.481; 2340.975;  194.375;    0.000
623.601; 2455.975;  228.375;    0.000
623.721; 2400.975;  219.375;    0.000
623.841; 2515.975;  234.375;    0.000
623.961; 2336.975;  235.375;    0.000
624.081; 2333.975;  166.375;    0.000
624.201; 2335.975;  229.375;    0.000
624.320; 2343.975;  224.375;    0.000
624.440; 2321.975;  200.375;    0.000
624.560; 2419.975;  220.375;    0.000
624.680; 2322.975;  214.375;    0.000
624.799; 2373.975;  179.375;    0.000
624.919; 2389.975;  199.375;    0.000
625.039; 2334.975;  211.375;    0.000
625.159; 2379.975;  213.375;    0.000
625.278; 2384.975;  178.375;    0.000
625.398; 2330.975;  206.375;    0.000
625.518; 2354.975;  182.375;    0.000
625.637; 2382.975;  206.375;    0.000
625.757; 2391.975;  197.375;    0.000
625.876; 2343.975;  204.375;    0.000
625.996; 2404.975;  222.375;    0.000
626.115; 2324.975;  222.375;    0.000
626.235; 2378.975;  222.375;    0.000
626.354; 2415.975;  211.375;    0.000
626.474; 2329.975;  217.375;    0.000
626.594; 2333.975;  190.375;    0.000
626.713; 2307.975;  200.375;    0.000
626.832; 2314.975;  234.375;    0.000
626.952; 2313.975;  214.375;    0.000
627.071; 2362.975;  243.375;    0.000
627.191; 2322.975;  192.375;    0.000
627.310; 2339.975;  211.375;    0.000
627.429; 2378.975;  218.375;    0.000
627.549; 2340.975;  214.375;    0.000
627.668; 2306.975;  208.375;    0.000
627.787; 2376.975;  199.375;    0.000
627.907; 2427.975;  208.375;    0.000
628.026; 2342.975;  216.375;    0.000
628.145; 2239.975;  170.375;    0.000
628.264; 2228.975;  217.375;    0.000
628.384; 2343.975;  190.375;    0.000
628.503; 2259.975;  203.375;    0.000
628.622; 2236.975;  197.375;    0.000
628.741; 2249.975;  186.375;    0.000
628.860; 2315.975;  191.375;    0.000
628.980; 2317.975;  196.375;    0.000
629.099; 2331.975;  190.375;    0.000
629.218; 2297.975;  165.375;    0.000
629.337; 2350.975;  190.375;    0.000
629.456; 2329.975;  222.375;    0.000
629.575; 2366.975;  197.375;    0.000
629.694; 2275.975;  210.375;    0.000
629.813; 2366.975;  187.375;    0.000
629.932; 2272.975;  224.375;    0.000
630.051; 2346.975;  216.375;    0.000
630.170; 2332.975;  203.375;    0.000
630.289; 2291.975;  178.375;    0.000
630.408; 2300.975;  192.375;    0.000
630.527; 2305.975;  223.375;    0.000
630.646; 2262.975;  177.375;    0.000
630.764; 2293.975;  224.375;    0.000
630.883; 2321.975;  220.375;    0.000
631.002; 2287.975;  187.375;    0.000
631.121; 2218.975;  208.375;    0.000
631.240; 2370.975;  217.375;    0.000
631.359; 2192.975;  241.375;    0.000
631.477; 2274.975;  189.375;    0.000
631.596; 2307.975;  244.375;    0.000
631.715; 2344.975;  241.375;    0.000
631.834; 2248.975;  219.375;    0.000
631.952; 2189.975;  231.375;    0.000
632.071; 2252.975;  197.375;    0.000
632.190; 2209.975;  193.375;    0.000
632.308; 2271.975;  185.375;    0.000
632.427; 2325.975;  188.375;    0.000
632.546; 2332.975;  208.375;    0.000
632.664; 2251.975;  191.375;    0.000
632.783; 2252.975;  201.375;    0.000
632.901; 2309.975;  239.375;    0.000
633.020; 2196.975;  197.375;    0.000
633.138; 2307.975;  189.375;    0.000
633.257; 2219.975;  210.375;    0.000
633.375; 2271.975;  213.375;    0.000
633.494; 2210.975;  206.375;    0.000
633.612; 2327.975;  231.375;    0.000
633.731; 2261.975;  213.375;    0.000
633.849; 2249.975;  244.375;    0.000
633.968; 2273.975;  251.375;    0.000
634.086; 2234.975;  224.375;    0.000
634.204; 2335.975;  212.375;    0.000
634.323; 2298.975;  213.375;    0.000
634.441; 2248.975;  219.375;    0.000
634.559; 2264.975;  198.375;    0.000
634.678; 2222.975;  201.375;    0.000
634.796; 2239.975;  179.375;    0.000
634.914; 2276.975;  255.375;    0.000
635.032; 2283.975;  264.375;    0.000
635.151; 2275.975;  228.375;    0.000
635.269; 2334.975;  223.375;    0.000
635.387; 2263.975;  228.375;    0.000
635.505; 2227.975;  214.375;    0.000
635.623; 2357.975;  279.375;    0.000
635.742; 2273.975;  237.375;    0.000
635.860; 2276.975;  244.375;    0.000
635.978; 2329.975;  213.375;    0.000
636.096; 2227.975;  230.375;    0.000
636.214; 2210.975;  252.375;    0.000
636.332; 2236.975;  221.375;    0.000
636.450; 2237.975;  227.375;    0.000
636.568; 2236.975;  193.375;    0.000
636.686; 2253.975;  208.375;    0.000
636.804; 2160.975;  213.375;    0.000
636.922; 2273.975;  199.375;    0.000
637.040; 2248.975;  202.375;    0.000
637.158; 2209.975;  239.375;    0.000
637.276; 2310.975;  225.375;    0.000
637.394; 2229.975;  217.375;    0.000
637.512; 2250.975;  192.375;    0.000
637.629; 2287.975;  216.375;    0.000
637.747; 2258.975;  198.375;    0.000
637.865; 2236.975;  265.375;    0.000
637.983; 2254.975;  245.375;    0.000
638.101; 2254.975;  199.375;    0.000
638.218; 2157.975;  197.375;    0.000
638.336; 2220.975;  212.375;    0.000
638.454; 2193.975;  227.375;    0.000
638.572; 2202.975;  215.375;    0.000
638.689; 2228.975;  214.375;    0.000
638.807; 2268.975;  233.375;    0.000
638.925; 2207.975;  217.375;    0.000
639.042; 2140.975;  180.375;    0.000
639.160; 2208.975;  220.375;    0.000
639.278; 2255.975;  180.375;    0.000
639.395; 2263.975;  243.375;    0.000
639.513; 2235.975;  207.375;    0.000
639.630; 2179.975;  183.375;    0.000
639.748; 2187.975;  231.375;    0.000
639.865; 2209.975;  215.375;    0.000
639.983; 2139.975;  182.375;    0.000
640.100; 2297.975;  190.375;    0.000
640.218; 2247.975;  224.375;    0.000
640.335; 2253.975;  214.375;    0.000
640.453; 2296.975;  212.375;    0.000
640.570; 2231.975;  224.375;    0.000
640.688; 2246.975;  220.375;    0.000
640.805; 2159.975;  189.375;    0.000
640.922; 2220.975;  256.375;    0.000
641.040; 2217.975;  209.375;    0.000
641.157; 2249.975;  195.375;    0.000
641.274; 2206.975;  195.375;    0.000
641.391; 2335.975;  231.375;    0.000
641.509; 2223.975;  207.375;    0.000
641.626; 2222.975;  227.375;    0.000
641.743; 2170.975;  188.375;    0.000
641.860; 2238.975;  208.375;    0.000
641.978; 2161.975;  222.375;    0.000
642.095; 2245.975;  194.375;    0.000
642.212; 2182.975;  202.375;    0.000
642.329; 2238.975;  241.375;    0.000
642.446; 2184.975;  261.375;    0.000
642.563; 2234.975;  236.375;    0.000
642.681; 2152.975;  228.375;    0.000
642.798; 2208.975;  242.375;    0.000
642.915; 2228.975;  197.375;    0.000
643.032; 2179.975;  239.375;    0.000
643.149; 2342.975;  241.375;    0.000
643.266; 2257.975;  199.375;    0.000
643.383; 2317.975;  200.375;    0.000
643.500; 2249.975;  221.375;    0.000
643.617; 2205.975;  196.375;    0.000
643.734; 2252.975;  207.375;    0.000
643.850; 2248.975;  222.375;    0.000
643.967; 2312.975;  235.375;    0.000
644.084; 2348.975;  233.375;    0.000
644.201; 2270.975;  229.375;    0.000
644.318; 2291.975;  210.375;    0.000
644.435; 2279.975;  234.375;    0.000
644.552; 2409.975;  220.375;    0.000
644.668; 2305.975;  231.375;    0.000
644.785; 2318.975;  231.375;    0.000
644.902; 2373.975;  238.375;    0.000
645.019; 2299.975;  226.375;    0.000
645.135; 2310.975;  179.375;    0.000
645.252; 2368.975;  224.375;    0.000
645.369; 2290.975;  206.375;    0.000
645.485; 2400.975;  200.375;    0.000
645.602; 2349.975;  210.375;    0.000
645.719; 2332.975;  206.375;    0.000
645.835; 2415.975;  247.375;    0.000
645.952; 2388.975;  222.375;    0.000
646.068; 2349.975;  205.375;    0.000
646.185; 2310.975;  230.375;    0.000
646.302; 2439.975;  254.375;    0.000
646.418; 2419.975;  230.375;    0.000
646.535; 2451.975;  214.375;    0.000
646.651; 2386.975;  179.375;    0.000
646.768; 2464.975;  190.375;    0.000
646.884; 2417.975;  208.375;    0.000
647.000; 2421.975;  262.375;    0.000
647.117; 2401.975;  212.375;    0.000
647.233; 2548.975;  228.375;    0.000
647.350; 2459.975;  208.375;    0.000
647.466; 2458.975;  211.375;    0.000
647.582; 2452.975;  196.375;    0.000
647.699; 2490.975;  217.375;    0.000
647.815; 2527.975;  203.375;    0.000
647.931; 2515.975;  201.375;    0.000
648.047; 2512.975;  182.375;    0.000
648.164; 2543.975;  219.375;    0.000
648.280; 2556.975;  213.375;    0.000
648.396; 2481.975;  202.375;    0.000
648.512; 2631.975;  233.375;    0.000
648.629; 2535.975;  206.375;    0.000
648.745; 2555.975;  188.375;    0.000
648.861; 2513.975;  209.375;    0.000
648.977; 2596.975;  218.375;    0.000
649.093; 2599.975;  225.375;    0.000
649.209; 2571.975;  240.375;    0.000
649.325; 2537.975;  253.375;    0.000
649.441; 2648.975;  263.375;    0.000
649.557; 2709.975;  256.375;    0.000
649.673; 2667.975;  211.375;    0.000
649.789; 2683.975;  237.375;    0.000
649.905; 2556.975;  183.375;    0.000
650.021; 2701.975;  238.375;    0.000
650.137; 2654.975;  241.375;    0.000
650.253; 2679.975;  228.375;    0.000
650.369; 2595.975;  221.375;    0.000
650.485; 2629.975;  240.375;    0.000
650.601; 2792.975;  254.375;    0.000
650.717; 2742.975;  201.375;    0.000
650.833; 2745.975;  257.375;    0.000
650.948; 2751.975;  213.375;    0.000
651.064; 2766.975;  223.375;    0.000
651.180; 2813.975;  230.375;    0.000
651.296; 2912.975;  235.375;    0.000
651.411; 2852.975;  221.375;    0.000
651.527; 2809.975;  233.375;    0.000
651.643; 2866.975;  236.375;    0.000
651.759; 2816.975;  268.375;    0.000
651.874; 2871.975;  214.375;    0.000
651.990; 3021.975;  251.375;    0.000
652.105; 2936.975;  217.375;    0.000
652.221; 2944.975;  243.375;    0.000
652.337; 2941.975;  231.375;    0.000
652.452; 3151.975;  238.375;    0.000
652.568; 2972.975;  188.375;    0.000
652.683; 3103.975;  197.375;    0.000
652.799; 3073.975;  194.375;    0.000
652.914; 3092.975;  222.375;    0.000
653.030; 3129.975;  200.375;    0.000
653.145; 3253.975;  235.375;    0.000
653.261; 3251.975;  261.375;    0.000
653.376; 3302.975;  228.375;    0.000
653.492; 3353.975;  222.375;    0.000
653.607; 3390.975;  227.375;    0.000
653.722; 3378.975;  250.375;    0.000
653.838; 3489.975;  255.375;    0.000
653.953; 3564.975;  235.375;    0.000
654.068; 3574.975;  266.375;    0.000
654.184; 3720.975;  210.375;    0.000
654.299; 3710.975;  240.375;    0.000
654.414; 3720.975;  222.375;    0.000
654.530; 3845.975;  222.375;    0.000
654.645; 3982.975;  256.375;    0.000
654.760; 4001.975;  244.375;    0.000
654.875; 4126.975;  229.375;    0.000
654.990; 4177.975;  226.375;    0.000
655.106; 4390.975;  254.375;    0.000
655.221; 4368.975;  251.375;    0.000
655.336; 4528.975;  245.375;    0.000
655.451; 4782.975;  199.375;    0.000
655.566; 4904.975;  228.375;    0.000
655.681; 5038.975;  208.375;    0.000
655.796; 5309.975;  218.375;    0.000
655.911; 5585.975;  233.375;    0.000
656.026; 5842.975;  232.375;    0.000
656.141; 6095.975;  223.375;    0.000
656.256; 6382.975;  247.375;    0.000
656.371; 6438.975;  220.375;    0.000
656.486; 6308.975;  225.375;    0.000
656.601; 6210.975;  257.375;    0.000
656.716; 6115.975;  248.375;    0.000
656.831; 5836.975;  262.375;    0.000
656.946; 5528.975;  249.375;    0.000
657.060; 5495.975;  245.375;    0.000
657.175; 5458.975;  245.375;    0.000
657.290; 5211.975;  219.375;    0.000
657.405; 5097.975;  286.375;    0.000
657.520; 4921.975;  259.375;    0.000
657.634; 4805.975;  239.375;    0.000
657.749; 4760.975;  227.375;    0.000
657.864; 4563.975;  210.375;    0.000
657.979; 4458.975;  236.375;    0.000
658.093; 4490.975;  210.375;    0.000
658.208; 4364.975;  248.375;    0.000
658.323; 4129.975;  216.375;    0.000
658.437; 4211.975;  248.375;    0.000
658.552; 4154.975;  249.375;    0.000
658.666; 4092.975;  256.375;    0.000
658.781; 3889.975;  247.375;    0.000
658.895; 3962.975;  209.375;    0.000
659.010; 3837.975;  219.375;    0.000
659.125; 3702.975;  215.375;    0.000
659.239; 3659.975;  205.375;    0.000
659.353; 3582.975;  246.375;    0.000
659.468; 3648.975;  245.375;    0.000
659.582; 3534.975;  244.375;    0.000
659.697; 3524.975;  242.375;    0.000
659.811; 3445.975;  239.375;    0.000
659.926; 3376.975;  226.375;    0.000
660.040; 3385.975;  255.375;    0.000
660.154; 3292.975;  225.375;    0.000
660.269; 3215.975;  200.375;    0.000
660.383; 3348.975;  192.375;    0.000
660.497; 3261.975;  218.375;    0.000
660.612; 3116.975;  236.375;    0.000
660.726; 3197.975;  263.375;    0.000
660.840; 3061.975;  205.375;    0.000
660.954; 3107.975;  219.375;    0.000
661.068; 3036.975;  240.375;    0.000
661.183; 3063.975;  221.375;    0.000
661.297; 2976.975;  194.375;    0.000
661.411; 2954.975;  253.375;    0.000
661.525; 2983.975;  246.375;    0.000
661.639; 2897.975;  217.375;    0.000
661.753; 2883.975;  241.375;    0.000
661.867; 2849.975;  276.375;    0.000
661.981; 2804.975;  203.375;    0.000
662.095; 2787.975;  224.375;    0.000
662.209; 2692.975;  217.375;    0.000
662.323; 2679.975;  251.375;    0.000
662.437; 2724.975;  243.375;    0.000
662.551; 2747.975;  244.375;    0.000
662.665; 2667.975;  247.375;    0.000
662.779; 2625.975;  251.375;    0.000
662.893; 2631.975;  254.375;    0.000
663.007; 2567.975;  222.375;    0.000
663.121; 2581.975;  253.375;    0.000
663.235; 2535.975;  270.375;    0.000
663.349; 2542.975;  242.375;    0.000
663.462; 2541.975;  230.375;    0.000
663.576; 2555.975;  230.375;    0.000
663.690; 2544.975;  249.375;    0.000
663.804; 2441.975;  200.375;    0.000
663.917; 2388.975;  204.375;    0.000
664.031; 2398.975;  206.375;    0.000
664.145; 2423.975;  202.375;    0.000
664.258; 2363.975;  221.375;    0.000
664.372; 2384.975;  215.375;    0.000
664.486; 2259.975;  179.375;    0.000
664.599; 2358.975;  208.375;    0.000
664.713; 2295.975;  268.375;    0.000
664.827; 2285.975;  225.375;    0.000
664.940; 2325.975;  222.375;    0.000
665.054; 2257.975;  208.375;    0.000
665.167; 2310.975;  253.375;    0.000
665.281; 2211.975;  237.375;    0.000
665.394; 2226.975;  227.375;    0.000
665.508; 2206.975;  192.375;    0.000
665.621; 2214.975;  175.375;    0.000
665.735; 2258.975;  249.375;    0.000
665.848; 2239.975;  197.375;    0.000
665.961; 2194.975;  206.375;    0.000
666.075; 2242.975;  245.375;    0.000
666.188; 2232.975;  230.375;    0.000
666.301; 2218.975;  219.375;    0.000
666.415; 2245.975;  231.375;    0.000
666.528; 2196.975;  258.375;    0.000
666.641; 2184.975;  243.375;    0.000
666.755; 2129.975;  208.375;    0.000
666.868; 2128.975;  228.375;    0.000
666.981; 2166.975;  244.375;    0.000
667.094; 2043.975;  244.375;    0.000
667.207; 2125.975;  226.375;    0.000
667.321; 2112.975;  175.375;    0.000
667.434; 2053.975;  211.375;    0.000
667.547; 2048.975;  249.375;    0.000
667.660; 2053.975;  225.375;    0.000
667.773; 2060.975;  242.375;    0.000
667.886; 2069.975;  246.375;    0.000
667.999; 2138.975;  244.375;    0.000
668.112; 2003.975;  227.375;    0.000
668.225; 1966.975;  231.375;    0.000
668.338; 2019.975;  256.375;    0.000
668.451; 2074.975;  216.375;    0.000
668.564; 2002.975;  261.375;    0.000
668.677; 2049.975;  230.375;    0.000
668.790; 2062.975;  192.375;    0.000
668.903; 2001.975;  243.375;    0.000
669.016; 1946.975;  201.375;    0.000
669.129; 1964.975;  249.375;    0.000
669.242; 1930.975;  190.375;    0.000
669.354; 1998.975;  219.375;    0.000
669.467; 1932.975;  242.375;    0.000
669.580; 1952.975;  237.375;    0.000
669.693; 1887.975;  243.375;    0.000
669.806; 1852.975;  234.375;    0.000
669.918; 1908.975;  206.375;    0.000
670.031; 1951.975;  258.375;    0.000
670.144; 1959.975;  231.375;    0.000
670.256; 1907.975;  244.375;    0.000
670.369; 1935.975;  262.375;    0.000
670.482; 1965.975;  264.375;    0.000
670.594; 1913.975;  256.375;    0.000
670.707; 1805.975;  224.375;    0.000
670.820; 1891.975;  261.375;    0.000
670.932; 1907.975;  226.375;    0.000
671.045; 1946.975;  243.375;    0.000
671.157; 1856.975;  235.375;    0.000
671.270; 1922.975;  217.375;    0.000
671.382; 1885.975;  267.375;    0.000
671.495; 1885.975;  258.375;    0.000
671.607; 1832.975;  236.375;    0.000
671.720; 1809.975;  200.375;    0.000
671.832; 1790.975;  219.375;    0.000
671.944; 1866.975;  234.375;    0.000
672.057; 1772.975;  226.375;    0.000
672.169; 1867.975;  225.375;    0.000
672.281; 1842.975;  253.375;    0.000
672.394; 1806.975;  238.375;    0.000
672.506; 1794.975;  244.375;    0.000
672.618; 1821.975;  272.375;    0.000
672.731; 1793.975;  247.375;    0.000
672.843; 1794.975;  261.375;    0.000
672.955; 1828.975;  262.375;    0.000
673.067; 1816.975;  253.375;    0.000
673.180; 1836.975;  239.375;    0.000
673.292; 1756.975;  240.375;    0.000
673.404; 1788.975;  243.375;    0.000
673.516; 1821.975;  258.375;    0.000
673.628; 1769.975;  263.375;    0.000
673.740; 1795.975;  250.375;    0.000
673.852; 1813.975;  285.375;    0.000
673.964; 1803.975;  264.375;    0.000
674.076; 1788.975;  260.375;    0.000
674.188; 1750.975;  226.375;    0.000
674.300; 1753.975;  272.375;    0.000
674.412; 1772.975;  259.375;    0.000
674.524; 1771.975;  283.375;    0.000
674.636; 1679.975;  259.375;    0.000
674.748; 1746.975;  238.375;    0.000
674.860; 1752.975;  277.375;    0.000
674.972; 1791.975;  272.375;    0.000
675.084; 1737.975;  244.375;    0.000
675.196; 1785.975;  272.375;    0.000
675.307; 1778.975;  244.375;    0.000
675.419; 1739.975;  219.375;    0.000
675.531; 1739.975;  275.375;    0.000
675.643; 1732.975;  215.375;    0.000
675.755; 1770.975;  243.375;    0.000
675.866; 1790.975;  223.375;    0.000
675.978; 1727.975;  216.375;    0.000
676.090; 1675.975;  242.375;    0.000
676.201; 1697.975;  276.375;    0.000
676.313; 1662.975;  226.375;    0.000
676.425; 1644.975;  234.375;    0.000
676.536; 1685.975;  231.375;    0.000
676.648; 1637.975;  254.375;    0.000
676.759; 1668.975;  273.375;    0.000
676.871; 1674.975;  250.375;    0.000
676.983; 1711.975;  256.375;    0.000
677.094; 1680.975;  210.375;    0.000
677.206; 1664.975;  248.375;    0.000
677.317; 1661.975;  263.375;    0.000
677.429; 1666.975;  238.375;    0.000
677.540; 1633.975;  247.375;    0.000
677.651; 1611.975;  224.375;    0.000
677.763; 1595.975;  217.375;    0.000
677.874; 1644.975;  234.375;    0.000
677.986; 1664.975;  238.375;    0.000
678.097; 1592.975;  226.375;    0.000
678.208; 1623.975;  253.375;    0.000
678.320; 1623.975;  217.375;    0.000
678.431; 1609.975;  238.375;    0.000
678.542; 1655.975;  236.375;    0.000
678.653; 1621.975;  218.375;    0.000
678.765; 1679.975;  275.375;    0.000
678.876; 1609.975;  213.375;    0.000
678.987; 1642.975;  182.375;    0.000
679.098; 1637.975;  221.375;    0.000
679.209; 1666.975;  238.375;    0.000
679.320; 1561.975;  212.375;    0.000
679.432; 1644.975;  231.375;    0.000
679.543; 1530.975;  198.375;    0.000
679.654; 1552.975;  191.375;    0.000
679.765; 1516.975;  214.375;    0.000
679.876; 1576.975;  221.375;    0.000
679.987; 1535.975;  162.375;    0.000
680.098; 1548.975;  230.375;    0.000
680.209; 1627.975;  206.375;    0.000
680.320; 1563.975;  196.375;    0.000
680.431; 1581.975;  191.375;    0.000
680.542; 1537.975;  214.375;    0.000
680.653; 1569.975;  238.375;    0.000
680.763; 1565.975;  182.375;    0.000
680.874; 1563.975;  213.375;    0.000
680.985; 1566.975;  224.375;    0.000
681.096; 1556.975;  222.375;    0.000
681.207; 1540.975;  220.375;    0.000
681.318; 1484.975;  216.375;    0.000
681.428; 1489.975;  229.375;    0.000
681.539; 1528.975;  183.375;    0.000
681.650; 1549.975;  202.375;    0.000
681.760; 1489.975;  223.375;    0.000
681.871; 1511.975;  211.375;    0.000
681.982; 1506.975;  189.375;    0.000
682.093; 1531.975;  222.375;    0.000
682.203; 1550.975;  220.375;    0.000
682.314; 1544.975;  214.375;    0.000
682.424; 1573.975;  208.375;    0.000
682.535; 1522.975;  213.375;    0.000
682.646; 1593.975;  302.375;    0.000
682.756; 1534.975;  255.375;    0.000
682.867; 1543.975;  244.375;    0.000
682.977; 1532.975;  221.375;    0.000
683.088; 1520.975;  259.375;    0.000
683.198; 1474.975;  212.375;    0.000
683.308; 1576.975;  202.375;    0.000
683.419; 1509.975;  255.375;    0.000
683.529; 1503.975;  217.375;    0.000
683.640; 1505.975;  240.375;    0.000
683.750; 1472.975;  181.375;    0.000
683.860; 1575.975;  246.375;    0.000
683.971; 1482.975;  254.375;    0.000
684.081; 1507.975;  235.375;    0.000
684.191; 1562.975;  251.375;    0.000
684.301; 1501.975;  233.375;    0.000
684.412; 1513.975;  202.375;    0.000
684.522; 1500.975;  232.375;    0.000
684.632; 1467.975;  202.375;    0.000
684.742; 1488.975;  254.375;    0.000
684.852; 1504.975;  219.375;    0.000
684.963; 1558.975;  256.375;    0.000
685.073; 1499.975;  253.375;    0.000
685.183; 1473.975;  254.375;    0.000
685.293; 1451.975;  232.375;    0.000
685.403; 1523.975;  242.375;    0.000
685.513; 1504.975;  261.375;    0.000
685.623; 1491.975;  245.375;    0.000
685.733; 1514.975;  254.375;    0.000
685.843; 1491.975;  249.375;    0.000
685.953; 1523.975;  252.375;    0.000
686.063; 1511.975;  227.375;    0.000
686.173; 1443.975;  223.375;    0.000
686.283; 1402.975;  234.375;    0.000
686.393; 1441.975;  239.375;    0.000
686.503; 1481.975;  231.375;    0.000
686.612; 1487.975;  232.375;    0.000
686.722; 1497.975;  258.375;    0.000
686.832; 1516.975;  256.375;    0.000
686.942; 1524.975;  230.375;    0.000
687.052; 1516.975;  274.375;    0.000
687.161; 1487.975;  269.375;    0.000
687.271; 1526.975;  218.375;    0.000
687.381; 1563.975;  235.375;    0.000
687.491; 1497.975;  262.375;    0.000
687.600; 1483.975;  256.375;    0.000
687.710; 1523.975;  225.375;    0.000
687.820; 1506.975;  230.375;    0.000
687.929; 1503.975;  226.375;    0.000
688.039; 1506.975;  228.375;    0.000
688.148; 1459.975;  249.375;    0.000
688.258; 1469.975;  237.375;    0.000
688.367; 1434.975;  260.375;    0.000
688.477; 1447.975;  200.375;    0.000
688.586; 1474.975;  223.375;    0.000
688.696; 1491.975;  223.375;    0.000
688.805; 1428.975;  257.375;    0.000
688.915; 1456.975;  185.375;    0.000
689.024; 1487.975;  227.375;    0.000
689.134; 1434.975;  224.375;    0.000
689.243; 1451.975;  206.375;    0.000
689.352; 1477.975;  275.375;    0.000
689.462; 1423.975;  233.375;    0.000
689.571; 1433.975;  244.375;    0.000
689.680; 1524.975;  261.375;    0.000
689.790; 1389.975;  192.375;    0.000
689.899; 1432.975;  214.375;    0.000
690.008; 1491.975;  255.375;    0.000
690.117; 1462.975;  219.375;    0.000
690.227; 1493.975;  241.375;    0.000
690.336; 1446.975;  231.375;    0.000
690.445; 1479.975;  212.375;    0.000
690.554; 1423.975;  234.375;    0.000
690.663; 1396.975;  210.375;    0.000
690.772; 1446.975;  221.375;    0.000
690.881; 1466.975;  244.375;    0.000
690.990; 1485.975;  247.375;    0.000
691.099; 1459.975;  222.375;    0.000
691.209; 1473.975;  240.375;    0.000
691.318; 1432.975;  223.375;    0.000
691.427; 1398.975;  217.375;    0.000
691.536; 1412.975;  216.375;    0.000
691.644; 1461.975;  194.375;    0.000
691.753; 1420.975;  221.375;    0.000
691.862; 1431.975;  224.375;    0.000
691.971; 1468.975;  191.375;    0.000
692.080; 1479.975;  247.375;    0.000
692.189; 1460.975;  208.375;    0.000
692.298; 1507.975;  203.375;    0.000
692.406; 1433.975;  239.375;    0.000
692.515; 1425.975;  250.375;    0.000
692.624; 1375.975;  226.375;    0.000
692.733; 1431.975;  229.375;    0.000
692.842; 1455.975;  254.375;    0.000
692.950; 1404.975;  242.375;    0.000
693.059; 1404.975;  204.375;    0.000
693.168; 1479.975;  252.375;    0.000
693.276; 1439.975;  195.375;    0.000
693.385; 1391.975;  228.375;    0.000
693.494; 1475.975;  282.375;    0.000
693.602; 1453.975;  221.375;    0.000
693.711; 1467.975;  225.375;    0.000
693.819; 1407.975;  234.375;    0.000
693.928; 1407.975;  229.375;    0.000
694.036; 1407.975;  192.375;    0.000
694.145; 1428.975;  233.375;    0.000
694.253; 1425.975;  277.375;    0.000
694.362; 1375.975;  188.375;    0.000
694.470; 1413.975;  263.375;    0.000
694.579; 1421.975;  253.375;    0.000
694.687; 1445.975;  281.375;    0.000
694.795; 1444.975;  233.375;    0.000
694.904; 1375.975;  223.375;    0.000
695.012; 1478.975;  296.375;    0.000
695.120; 1420.975;  227.375;    0.000
695.229; 1544.975;  269.375;    0.000
695.337; 1473.975;  229.375;    0.000
695.445; 1461.975;  244.375;    0.000
695.553; 1518.975;  259.375;    0.000
695.662; 1337.975;  208.375;    0.000
695.770; 1421.975;  241.375;    0.000
695.878; 1426.975;  239.375;    0.000
695.986; 1456.975;  247.375;    0.000
696.094; 1394.975;  224.375;    0.000
696.202; 1398.975;  205.375;    0.000
696.310; 1404.975;  217.375;    0.000
696.419; 1374.975;  228.375;    0.000
696.527; 1477.975;  246.375;    0.000
696.635; 1408.975;  245.375;    0.000
696.743; 1410.975;  233.375;    0.000
696.851; 1411.975;  251.375;    0.000
696.959; 1406.975;  257.375;    0.000
697.067; 1412.975;  260.375;    0.000
697.174; 1463.975;  223.375;    0.000
697.282; 1384.975;  239.375;    0.000
697.390; 1437.975;  264.375;    0.000
697.498; 1386.975;  227.375;    0.000
697.606; 1361.975;  243.375;    0.000
697.714; 1417.975;  256.375;    0.000
697.822; 1407.975;  278.375;    0.000
697.929; 1432.975;  227.375;    0.000
698.037; 1410.975;  232.375;    0.000
698.145; 1382.975;  256.375;    0.000
698.253; 1394.975;  245.375;    0.000
698.360; 1387.975;  282.375;    0.000
698.468; 1421.975;  244.375;    0.000
698.576; 1458.975;  279.375;    0.000
698.683; 1430.975;  259.375;    0.000
698.791; 1402.975;  265.375;    0.000
698.899; 1429.975;  250.375;    0.000
699.006; 1422.975;  245.375;    0.000
699.114; 1458.975;  280.375;    0.000
699.221; 1384.975;  240.375;    0.000
699.329; 1400.975;  293.375;    0.000
699.436; 1396.975;  216.375;    0.000
699.544; 1366.975;  269.375;    0.000
699.651; 1396.975;  219.375;    0.000
699.759; 1355.975;  245.375;    0.000
699.866; 1423.975;  261.375;    0.000
699.974; 1407.975;  245.375;    0.000
700.081; 1370.975;  257.375;    0.000
700.188; 1379.975;  268.375;    0.000
700.296; 1347.975;  225.375;    0.000
700.403; 1453.975;  257.375;    0.000
700.510; 1415.975;  267.375;    0.000
700.618; 1376.975;  299.375;    0.000
700.725; 1423.975;  223.375;    0.000
700.832; 1369.975;  233.375;    0.000
700.940; 1406.975;  255.375;    0.000
701.047; 1407.975;  244.375;    0.000
701.154; 1357.975;  248.375;    0.000
701.261; 1397.975;  264.375;    0.000
701.368; 1486.975;  299.375;    0.000
701.475; 1374.975;  264.375;    0.000
701.582; 1383.975;  275.375;    0.000
701.690; 1388.975;  261.375;    0.000
701.797; 1400.975;  273.375;    0.000
701.904; 1420.975;  320.375;    0.000
702.011; 1434.975;  299.375;    0.000
702.118; 1401.975;  292.375;    0.000
702.225; 1419.975;  317.375;    0.000
702.332; 1441.975;  307.375;    0.000
702.439; 1375.975;  313.375;    0.000
702.546; 1470.975;  312.375;    0.000
702.652; 1430.975;  297.375;    0.000
702.759; 1441.975;  345.375;    0.000
702.866; 1478.975;  330.375;    0.000
702.973; 1529.975;  303.375;    0.000
703.080; 1428.975;  303.375;    0.000
703.187; 1380.975;  327.375;    0.000
703.294; 1460.975;  325.375;    0.000
703.400; 1346.975;  302.375;    0.000
703.507;  458.975;  344.375;    0.000
703.614;  301.975;  294.375;    0.000
703.720;  283.975;  322.375;    0.000
703.827;  317.975;  329.375;    0.000
703.934;  324.975;  318.375;    0.000
704.040;  264.975;  299.375;    0.000
704.147;  308.975;  352.375;    0.000
704.254;  357.975;  350.375;    0.000
704.360;  328.975;  347.375;    0.000
704.467;  327.975;  336.375;    0.000
704.573;  317.975;  344.375;    0.000
704.680;  301.975;  365.375;    0.000
704.786;  372.975;  332.375;    0.000
704.893;  315.975;  304.375;    0.000
704.999;  317.975;  299.375;    0.000
705.106;  320.975;  365.375;    0.000

