
Integration time [ms]:   1.000
Averaging Nr. [scans]: 1
Smoothing Nr. [pixels]: 0
Data measured with spectrometer [name]: UV2
Wave   ;Sample   ;Dark     ;Reference
[nm]   ;[counts] ;[counts] ;[counts] 

353.533;  180.350;  216.475;    0.000
353.597;  202.350;  244.475;    0.000
353.660;  232.350;  181.475;    0.000
353.723;  200.350;  203.475;    0.000
353.786;  154.350;  180.475;    0.000
353.850;  218.350;  213.475;    0.000
353.913;  195.350;  191.475;    0.000
353.976;  192.350;  195.475;    0.000
354.039;  198.350;  158.475;    0.000
354.102;  219.350;  199.475;    0.000
354.166;  203.350;  185.475;    0.000
354.229;  181.350;  188.475;    0.000
354.292;  182.350;  188.475;    0.000
354.355;  193.350;  226.475;    0.000
354.418;  201.350;  158.475;    0.000
354.481;  225.350;  185.475;    0.000
354.545;  548.350;  191.475;    0.000
354.608;  577.350;  247.475;    0.000
354.671;  576.350;  176.475;    0.000
354.734;  600.350;  198.475;    0.000
354.797;  578.350;  195.475;    0.000
354.860;  566.350;  212.475;    0.000
354.923;  606.350;  184.475;    0.000
354.986;  584.350;  169.475;    0.000
355.050;  642.350;  206.475;    0.000
355.113;  651.350;  210.475;    0.000
355.176;  607.350;  217.475;    0.000
355.239;  697.350;  201.475;    0.000
355.302;  632.350;  193.475;    0.000
355.365;  685.350;  234.475;    0.000
355.428;  683.350;  182.475;    0.000
355.491;  687.350;  233.475;    0.000
355.554;  640.350;  167.475;    0.000
355.617;  692.350;  195.475;    0.000
355.680;  694.350;  198.475;    0.000
355.743;  633.350;  186.475;    0.000
355.806;  659.350;  171.475;    0.000
355.869;  724.350;  244.475;    0.000
355.932;  658.350;  164.475;    0.000
355.995;  751.350;  220.475;    0.000
356.058;  726.350;  172.475;    0.000
356.121;  731.350;  228.475;    0.000
356.184;  736.350;  225.475;    0.000
356.247;  741.350;  161.475;    0.000
356.310;  729.350;  195.475;    0.000
356.373;  725.350;  191.475;    0.000
356.436;  719.350;  147.475;    0.000
356.498;  710.350;  183.475;    0.000
356.561;  720.350;  137.475;    0.000
356.624;  712.350;  186.475;    0.000
356.687;  712.350;  158.475;    0.000
356.750;  697.350;  194.475;    0.000
356.813;  729.350;  186.475;    0.000
356.876;  720.350;  161.475;    0.000
356.939;  746.350;  188.475;    0.000
357.001;  748.350;  200.475;    0.000
357.064;  770.350;  182.475;    0.000
357.127;  754.350;  168.475;    0.000
357.190;  768.350;  157.475;    0.000
357.253;  797.350;  199.475;    0.000
357.316;  792.350;  187.475;    0.000
357.378;  791.350;  174.475;    0.000
357.441;  717.350;  165.475;    0.000
357.504;  798.350;  189.475;    0.000
357.567;  756.350;  116.475;    0.000
357.629;  780.350;  176.475;    0.000
357.692;  781.350;  134.475;    0.000
357.755;  802.350;  175.475;    0.000
357.818;  721.350;  159.475;    0.000
357.880;  828.350;  185.475;    0.000
357.943;  774.350;  159.475;    0.000
358.006;  824.350;  176.475;    0.000
358.069;  789.350;  156.475;    0.000
358.131;  782.350;  170.475;    0.000
358.194;  778.350;  125.475;    0.000
358.257;  795.350;  186.475;    0.000
358.319;  780.350;  139.475;    0.000
358.382;  838.350;  175.475;    0.000
358.445;  821.350;  170.475;    0.000
358.507;  795.350;  129.475;    0.000
358.570;  815.350;  168.475;    0.000
358.633;  724.350;  152.475;    0.000
358.695;  781.350;  194.475;    0.000
358.758;  780.350;  154.475;    0.000
358.821;  743.350;  147.475;    0.000
358.883;  829.350;  163.475;    0.000
358.946;  744.350;  155.475;    0.000
359.008;  818.350;  208.475;    0.000
359.071;  788.350;  182.475;    0.000
359.134;  857.350;  126.475;    0.000
359.196;  822.350;  142.475;    0.000
359.259;  814.350;  138.475;    0.000
359.321;  827.350;  153.475;    0.000
359.384;  810.350;  186.475;    0.000
359.446;  802.350;  152.475;    0.000
359.509;  863.350;  144.475;    0.000
359.571;  797.350;  164.475;    0.000
359.634;  829.350;  171.475;    0.000
359.696;  837.350;  144.475;    0.000
359.759;  859.350;  171.475;    0.000
359.821;  857.350;  161.475;    0.000
359.884;  832.350;  159.475;    0.000
359.946;  890.350;  186.475;    0.000
360.009;  842.350;  171.475;    0.000
360.071;  901.350;  166.475;    0.000
360.134;  852.350;  215.475;    0.000
360.196;  836.350;  138.475;    0.000
360.259;  835.350;  196.475;    0.000
360.321;  843.350;  148.475;    0.000
360.384;  838.350;  150.475;    0.000
360.446;  786.350;  148.475;    0.000
360.508;  898.350;  172.475;    0.000
360.571;  887.350;  155.475;    0.000
360.633;  853.350;  153.475;    0.000
360.696;  761.350;  142.475;    0.000
360.758;  807.350;  165.475;    0.000
360.820;  859.350;  155.475;    0.000
360.883;  799.350;  156.475;    0.000
360.945;  876.350;  171.475;    0.000
361.007;  840.350;  138.475;    0.000
361.070;  889.350;  129.475;    0.000
361.132;  865.350;  166.475;    0.000
361.194;  823.350;  143.475;    0.000
361.257;  846.350;  154.475;    0.000
361.319;  850.350;  176.475;    0.000
361.381;  912.350;  143.475;    0.000
361.443;  866.350;  136.475;    0.000
361.506;  905.350;  160.475;    0.000
361.568;  829.350;  140.475;    0.000
361.630;  953.350;  159.475;    0.000
361.693;  900.350;  162.475;    0.000
361.755;  917.350;  185.475;    0.000
361.817;  918.350;  209.475;    0.000
361.879;  890.350;  161.475;    0.000
361.941;  870.350;  152.475;    0.000
362.004;  904.350;  132.475;    0.000
362.066;  948.350;  159.475;    0.000
362.128;  907.350;  143.475;    0.000
362.190;  861.350;  131.475;    0.000
362.252;  913.350;  131.475;    0.000
362.315;  916.350;  175.475;    0.000
362.377;  952.350;  140.475;    0.000
362.439;  905.350;  140.475;    0.000
362.501;  858.350;  140.475;    0.000
362.563;  872.350;  152.475;    0.000
362.625;  916.350;  174.475;    0.000
362.688;  896.350;  195.475;    0.000
362.750;  952.350;  221.475;    0.000
362.812;  891.350;  171.475;    0.000
362.874;  928.350;  117.475;    0.000
362.936;  906.350;  162.475;    0.000
362.998;  924.350;  142.475;    0.000
363.060;  990.350;  143.475;    0.000
363.122;  959.350;  148.475;    0.000
363.184;  920.350;  179.475;    0.000
363.246;  929.350;  186.475;    0.000
363.308;  948.350;  180.475;    0.000
363.370;  937.350;  200.475;    0.000
363.432;  841.350;  139.475;    0.000
363.494;  922.350;  138.475;    0.000
363.556;  926.350;  114.475;    0.000
363.618;  974.350;  153.475;    0.000
363.680;  904.350;  153.475;    0.000
363.742;  942.350;  178.475;    0.000
363.804;  927.350;  214.475;    0.000
363.866;  985.350;  170.475;    0.000
363.928;  935.350;  145.475;    0.000
363.990;  986.350;  215.475;    0.000
364.052;  909.350;  166.475;    0.000
364.114;  923.350;  168.475;    0.000
364.176;  940.350;  176.475;    0.000
364.238;  983.350;  203.475;    0.000
364.300;  889.350;  158.475;    0.000
364.362;  936.350;  152.475;    0.000
364.424;  885.350;  119.475;    0.000
364.486;  914.350;  187.475;    0.000
364.548;  979.350;  180.475;    0.000
364.609;  952.350;  212.475;    0.000
364.671;  924.350;  165.475;    0.000
364.733; 1002.350;  190.475;    0.000
364.795;  963.350;  148.475;    0.000
364.857;  909.350;  159.475;    0.000
364.919;  912.350;  159.475;    0.000
364.981;  956.350;  191.475;    0.000
365.042;  989.350;  170.475;    0.000
365.104;  907.350;  145.475;    0.000
365.166;  890.350;  134.475;    0.000
365.228; 1014.350;  150.475;    0.000
365.290;  998.350;  158.475;    0.000
365.351;  970.350;  168.475;    0.000
365.413; 1027.350;  173.475;    0.000
365.475;  955.350;  172.475;    0.000
365.537;  965.350;  126.475;    0.000
365.598;  973.350;  160.475;    0.000
365.660;  925.350;  127.475;    0.000
365.722;  935.350;  189.475;    0.000
365.784; 1029.350;  161.475;    0.000
365.845;  968.350;  152.475;    0.000
365.907;  944.350;  117.475;    0.000
365.969; 1006.350;  146.475;    0.000
366.030; 1017.350;  171.475;    0.000
366.092;  906.350;  155.475;    0.000
366.154; 1020.350;  137.475;    0.000
366.215;  954.350;  147.475;    0.000
366.277;  937.350;  148.475;    0.000
366.339; 1020.350;  158.475;    0.000
366.400;  987.350;  140.475;    0.000
366.462;  952.350;  159.475;    0.000
366.524;  969.350;  160.475;    0.000
366.585; 1004.350;  157.475;    0.000
366.647; 1014.350;  170.475;    0.000
366.708;  955.350;  123.475;    0.000
366.770; 1022.350;  194.475;    0.000
366.832; 1014.350;  191.475;    0.000
366.893;  992.350;  155.475;    0.000
366.955;  985.350;  132.475;    0.000
367.016;  941.350;  126.475;    0.000
367.078;  973.350;  202.475;    0.000
367.139;  951.350;  116.475;    0.000
367.201;  946.350;  134.475;    0.000
367.262; 1004.350;  157.475;    0.000
367.324; 1092.350;  202.475;    0.000
367.385;  966.350;  118.475;    0.000
367.447; 1033.350;  155.475;    0.000
367.508;  993.350;  134.475;    0.000
367.570;  984.350;  165.475;    0.000
367.631;  976.350;  118.475;    0.000
367.693; 1039.350;  170.475;    0.000
367.754; 1010.350;  154.475;    0.000
367.816;  966.350;  146.475;    0.000
367.877; 1050.350;  175.475;    0.000
367.939;  996.350;  200.475;    0.000
368.000; 1013.350;  168.475;    0.000
368.062; 1005.350;  138.475;    0.000
368.123;  993.350;  170.475;    0.000
368.184;  971.350;  188.475;    0.000
368.246; 1000.350;  145.475;    0.000
368.307; 1004.350;  163.475;    0.000
368.369; 1032.350;  144.475;    0.000
368.430;  970.350;  140.475;    0.000
368.491; 1037.350;  133.475;    0.000
368.553;  992.350;  145.475;    0.000
368.614; 1030.350;  158.475;    0.000
368.675; 1000.350;  147.475;    0.000
368.737; 1019.350;  157.475;    0.000
368.798;  994.350;  163.475;    0.000
368.859; 1030.350;  173.475;    0.000
368.921; 1041.350;  122.475;    0.000
368.982; 1054.350;  184.475;    0.000
369.043; 1053.350;  169.475;    0.000
369.104; 1005.350;  142.475;    0.000
369.166; 1049.350;  169.475;    0.000
369.227;  986.350;  156.475;    0.000
369.288; 1081.350;  151.475;    0.000
369.349;  976.350;  191.475;    0.000
369.411; 1092.350;  168.475;    0.000
369.472; 1078.350;  155.475;    0.000
369.533;  985.350;  149.475;    0.000
369.594; 1030.350;  174.475;    0.000
369.656; 1022.350;  188.475;    0.000
369.717;  992.350;  113.475;    0.000
369.778; 1021.350;  184.475;    0.000
369.839; 1006.350;  151.475;    0.000
369.900; 1079.350;  180.475;    0.000
369.961; 1063.350;  171.475;    0.000
370.023; 1046.350;  143.475;    0.000
370.084; 1012.350;  137.475;    0.000
370.145; 1055.350;  152.475;    0.000
370.206; 1029.350;  151.475;    0.000
370.267; 1109.350;  134.475;    0.000
370.328; 1011.350;  178.475;    0.000
370.389; 1056.350;  181.475;    0.000
370.451; 1015.350;  169.475;    0.000
370.512; 1084.350;  172.475;    0.000
370.573; 1032.350;  148.475;    0.000
370.634; 1023.350;  156.475;    0.000
370.695; 1058.350;  151.475;    0.000
370.756; 1109.350;  185.475;    0.000
370.817; 1088.350;  185.475;    0.000
370.878; 1114.350;  191.475;    0.000
370.939; 1109.350;  147.475;    0.000
371.000; 1119.350;  162.475;    0.000
371.061; 1026.350;  145.475;    0.000
371.122; 1096.350;  179.475;    0.000
371.183; 1015.350;  114.475;    0.000
371.244; 1100.350;  180.475;    0.000
371.305; 1021.350;  138.475;    0.000
371.366; 1079.350;  157.475;    0.000
371.427; 1016.350;  148.475;    0.000
371.488; 1119.350;  138.475;    0.000
371.549; 1032.350;  193.475;    0.000
371.610; 1062.350;  158.475;    0.000
371.671; 1059.350;  119.475;    0.000
371.732; 1034.350;  159.475;    0.000
371.793; 1069.350;  178.475;    0.000
371.853; 1020.350;  155.475;    0.000
371.914; 1091.350;  148.475;    0.000
371.975; 1055.350;  124.475;    0.000
372.036; 1037.350;  158.475;    0.000
372.097; 1074.350;  136.475;    0.000
372.158; 1080.350;  116.475;    0.000
372.219; 1135.350;  157.475;    0.000
372.280; 1127.350;  151.475;    0.000
372.340; 1112.350;  190.475;    0.000
372.401; 1087.350;  151.475;    0.000
372.462; 1050.350;  129.475;    0.000
372.523; 1087.350;  121.475;    0.000
372.584; 1089.350;  152.475;    0.000
372.645; 1054.350;  132.475;    0.000
372.705; 1183.350;  190.475;    0.000
372.766; 1099.350;  153.475;    0.000
372.827; 1101.350;  133.475;    0.000
372.888; 1080.350;  161.475;    0.000
372.948; 1113.350;  159.475;    0.000
373.009; 1135.350;  164.475;    0.000
373.070; 1085.350;  139.475;    0.000
373.131; 1096.350;  137.475;    0.000
373.191; 1124.350;  181.475;    0.000
373.252; 1058.350;  154.475;    0.000
373.313; 1097.350;  179.475;    0.000
373.373; 1082.350;  136.475;    0.000
373.434; 1150.350;  169.475;    0.000
373.495; 1164.350;   97.475;    0.000
373.555; 1093.350;  142.475;    0.000
373.616; 1086.350;  178.475;    0.000
373.677; 1115.350;  167.475;    0.000
373.737; 1115.350;  139.475;    0.000
373.798; 1102.350;  155.475;    0.000
373.859; 1116.350;  162.475;    0.000
373.919; 1149.350;  174.475;    0.000
373.980; 1131.350;  172.475;    0.000
374.041; 1087.350;  166.475;    0.000
374.101; 1113.350;  172.475;    0.000
374.162; 1120.350;  188.475;    0.000
374.222; 1172.350;  186.475;    0.000
374.283; 1141.350;  195.475;    0.000
374.343; 1113.350;  204.475;    0.000
374.404; 1170.350;  187.475;    0.000
374.465; 1170.350;  183.475;    0.000
374.525; 1108.350;  136.475;    0.000
374.586; 1132.350;  140.475;    0.000
374.646; 1190.350;  191.475;    0.000
374.707; 1165.350;  208.475;    0.000
374.767; 1179.350;  178.475;    0.000
374.828; 1142.350;  159.475;    0.000
374.888; 1180.350;  143.475;    0.000
374.949; 1211.350;  202.475;    0.000
375.009; 1160.350;  151.475;    0.000
375.070; 1145.350;  160.475;    0.000
375.130; 1163.350;  160.475;    0.000
375.190; 1140.350;  164.475;    0.000
375.251; 1233.350;  196.475;    0.000
375.311; 1226.350;  154.475;    0.000
375.372; 1168.350;  197.475;    0.000
375.432; 1183.350;  159.475;    0.000
375.493; 1164.350;  197.475;    0.000
375.553; 1188.350;  165.475;    0.000
375.613; 1143.350;  174.475;    0.000
375.674; 1234.350;  165.475;    0.000
375.734; 1201.350;  128.475;    0.000
375.794; 1208.350;  169.475;    0.000
375.855; 1122.350;  193.475;    0.000
375.915; 1217.350;  162.475;    0.000
375.975; 1175.350;  181.475;    0.000
376.036; 1174.350;  161.475;    0.000
376.096; 1180.350;  131.475;    0.000
376.156; 1171.350;  165.475;    0.000
376.217; 1214.350;  182.475;    0.000
376.277; 1235.350;  185.475;    0.000
376.337; 1081.350;  177.475;    0.000
376.398; 1170.350;  162.475;    0.000
376.458; 1159.350;  179.475;    0.000
376.518; 1183.350;  150.475;    0.000
376.578; 1155.350;  165.475;    0.000
376.639; 1154.350;  159.475;    0.000
376.699; 1231.350;  180.475;    0.000
376.759; 1233.350;  206.475;    0.000
376.819; 1165.350;  146.475;    0.000
376.880; 1207.350;  177.475;    0.000
376.940; 1147.350;  160.475;    0.000
377.000; 1145.350;  149.475;    0.000
377.060; 1202.350;  180.475;    0.000
377.120; 1168.350;  146.475;    0.000
377.180; 1131.350;  137.475;    0.000
377.241; 1191.350;  163.475;    0.000
377.301; 1220.350;  169.475;    0.000
377.361; 1171.350;  137.475;    0.000
377.421; 1246.350;  184.475;    0.000
377.481; 1191.350;  185.475;    0.000
377.541; 1143.350;  146.475;    0.000
377.601; 1176.350;  179.475;    0.000
377.661; 1281.350;  181.475;    0.000
377.722; 1243.350;  185.475;    0.000
377.782; 1251.350;  147.475;    0.000
377.842; 1245.350;  190.475;    0.000
377.902; 1186.350;  166.475;    0.000
377.962; 1150.350;  153.475;    0.000
378.022; 1187.350;  163.475;    0.000
378.082; 1229.350;  146.475;    0.000
378.142; 1216.350;  152.475;    0.000
378.202; 1223.350;  164.475;    0.000
378.262; 1253.350;  195.475;    0.000
378.322; 1243.350;  190.475;    0.000
378.382; 1262.350;  152.475;    0.000
378.442; 1208.350;  175.475;    0.000
378.502; 1221.350;  153.475;    0.000
378.562; 1282.350;  142.475;    0.000
378.622; 1239.350;  166.475;    0.000
378.682; 1247.350;  173.475;    0.000
378.742; 1190.350;  182.475;    0.000
378.802; 1264.350;  145.475;    0.000
378.862; 1335.350;  210.475;    0.000
378.921; 1305.350;  182.475;    0.000
378.981; 1289.350;  185.475;    0.000
379.041; 1227.350;  130.475;    0.000
379.101; 1252.350;  177.475;    0.000
379.161; 1255.350;  166.475;    0.000
379.221; 1226.350;  162.475;    0.000
379.281; 1262.350;  167.475;    0.000
379.341; 1313.350;  136.475;    0.000
379.401; 1360.350;  145.475;    0.000
379.460; 1349.350;  176.475;    0.000
379.520; 1331.350;  162.475;    0.000
379.580; 1295.350;  144.475;    0.000
379.640; 1320.350;  163.475;    0.000
379.700; 1246.350;  157.475;    0.000
379.759; 1338.350;  165.475;    0.000
379.819; 1321.350;  190.475;    0.000
379.879; 1295.350;  143.475;    0.000
379.939; 1284.350;  188.475;    0.000
379.999; 1357.350;  141.475;    0.000
380.058; 1327.350;  169.475;    0.000
380.118; 1312.350;  158.475;    0.000
380.178; 1339.350;  114.475;    0.000
380.237; 1380.350;  157.475;    0.000
380.297; 1414.350;  177.475;    0.000
380.357; 1387.350;  189.475;    0.000
380.417; 1358.350;  182.475;    0.000
380.476; 1369.350;  178.475;    0.000
380.536; 1394.350;  189.475;    0.000
380.596; 1353.350;  183.475;    0.000
380.655; 1417.350;  195.475;    0.000
380.715; 1373.350;  170.475;    0.000
380.775; 1388.350;  170.475;    0.000
380.834; 1333.350;  179.475;    0.000
380.894; 1352.350;  188.475;    0.000
380.954; 1390.350;  142.475;    0.000
381.013; 1426.350;  178.475;    0.000
381.073; 1406.350;  164.475;    0.000
381.132; 1450.350;  192.475;    0.000
381.192; 1338.350;  187.475;    0.000
381.252; 1397.350;  176.475;    0.000
381.311; 1419.350;  206.475;    0.000
381.371; 1451.350;  167.475;    0.000
381.430; 1419.350;  131.475;    0.000
381.490; 1513.350;  150.475;    0.000
381.549; 1380.350;  129.475;    0.000
381.609; 1473.350;  178.475;    0.000
381.668; 1451.350;  194.475;    0.000
381.728; 1469.350;  210.475;    0.000
381.787; 1452.350;  190.475;    0.000
381.847; 1426.350;  181.475;    0.000
381.906; 1480.350;  156.475;    0.000
381.966; 1527.350;  176.475;    0.000
382.025; 1560.350;  186.475;    0.000
382.085; 1566.350;  192.475;    0.000
382.144; 1575.350;  173.475;    0.000
382.204; 1634.350;  207.475;    0.000
382.263; 1609.350;  193.475;    0.000
382.323; 1576.350;  164.475;    0.000
382.382; 1605.350;  161.475;    0.000
382.441; 1563.350;  199.475;    0.000
382.501; 1615.350;  208.475;    0.000
382.560; 1752.350;  173.475;    0.000
382.619; 1730.350;  179.475;    0.000
382.679; 1838.350;  177.475;    0.000
382.738; 1933.350;  190.475;    0.000
382.798; 2001.350;  213.475;    0.000
382.857; 2068.350;  195.475;    0.000
382.916; 2281.350;  184.475;    0.000
382.976; 2397.350;  169.475;    0.000
383.035; 2162.350;  194.475;    0.000
383.094; 2262.350;  185.475;    0.000
383.154; 2498.350;  198.475;    0.000
383.213; 2802.350;  147.475;    0.000
383.272; 2772.350;  175.475;    0.000
383.331; 2333.350;  122.475;    0.000
383.391; 2189.350;  185.475;    0.000
383.450; 2183.350;  160.475;    0.000
383.509; 2145.350;  168.475;    0.000
383.568; 2340.350;  196.475;    0.000
383.628; 2296.350;  156.475;    0.000
383.687; 2416.350;  171.475;    0.000
383.746; 2621.350;  155.475;    0.000
383.805; 3120.350;  201.475;    0.000
383.864; 3110.350;  125.475;    0.000
383.924; 2590.350;  213.475;    0.000
383.983; 2194.350;  188.475;    0.000
384.042; 2018.350;  162.475;    0.000
384.101; 1948.350;  183.475;    0.000
384.160; 1833.350;  155.475;    0.000
384.219; 1811.350;  155.475;    0.000
384.279; 1763.350;  189.475;    0.000
384.338; 1657.350;  156.475;    0.000
384.397; 1676.350;  148.475;    0.000
384.456; 1608.350;  154.475;    0.000
384.515; 1611.350;  160.475;    0.000
384.574; 1721.350;  223.475;    0.000
384.633; 1624.350;  133.475;    0.000
384.692; 1608.350;  163.475;    0.000
384.751; 1592.350;  186.475;    0.000
384.810; 1619.350;  187.475;    0.000
384.869; 1550.350;  172.475;    0.000
384.929; 1556.350;  153.475;    0.000
384.988; 1586.350;  174.475;    0.000
385.047; 1566.350;  154.475;    0.000
385.106; 1527.350;  164.475;    0.000
385.165; 1585.350;  151.475;    0.000
385.224; 1580.350;  147.475;    0.000
385.283; 1493.350;  176.475;    0.000
385.342; 1527.350;  142.475;    0.000
385.401; 1565.350;  175.475;    0.000
385.459; 1584.350;  150.475;    0.000
385.518; 1538.350;  124.475;    0.000
385.577; 1588.350;  115.475;    0.000
385.636; 1595.350;  174.475;    0.000
385.695; 1564.350;  158.475;    0.000
385.754; 1592.350;  150.475;    0.000
385.813; 1541.350;  129.475;    0.000
385.872; 1570.350;  146.475;    0.000
385.931; 1627.350;  194.475;    0.000
385.990; 1528.350;  174.475;    0.000
386.049; 1586.350;  176.475;    0.000
386.107; 1608.350;  151.475;    0.000
386.166; 1573.350;  178.475;    0.000
386.225; 1479.350;  162.475;    0.000
386.284; 1514.350;  180.475;    0.000
386.343; 1575.350;  171.475;    0.000
386.402; 1588.350;  176.475;    0.000
386.460; 1596.350;  144.475;    0.000
386.519; 1501.350;  140.475;    0.000
386.578; 1645.350;  145.475;    0.000
386.637; 1633.350;  164.475;    0.000
386.696; 1550.350;  189.475;    0.000
386.754; 1554.350;  135.475;    0.000
386.813; 1510.350;  139.475;    0.000
386.872; 1586.350;  121.475;    0.000
386.931; 1560.350;  153.475;    0.000
386.989; 1541.350;  211.475;    0.000
387.048; 1559.350;  156.475;    0.000
387.107; 1585.350;  210.475;    0.000
387.165; 1509.350;  129.475;    0.000
387.224; 1572.350;  205.475;    0.000
387.283; 1470.350;  130.475;    0.000
387.342; 1627.350;  171.475;    0.000
387.400; 1536.350;  156.475;    0.000
387.459; 1594.350;  141.475;    0.000
387.517; 1550.350;  219.475;    0.000
387.576; 1525.350;  166.475;    0.000
387.635; 1513.350;  136.475;    0.000
387.693; 1608.350;  191.475;    0.000
387.752; 1609.350;  165.475;    0.000
387.811; 1485.350;  158.475;    0.000
387.869; 1570.350;  204.475;    0.000
387.928; 1546.350;  149.475;    0.000
387.986; 1584.350;  156.475;    0.000
388.045; 1476.350;  123.475;    0.000
388.103; 1544.350;  150.475;    0.000
388.162; 1515.350;  173.475;    0.000
388.221; 1541.350;  143.475;    0.000
388.279; 1432.350;  129.475;    0.000
388.338; 1590.350;  212.475;    0.000
388.396; 1462.350;  150.475;    0.000
388.455; 1531.350;  167.475;    0.000
388.513; 1532.350;  116.475;    0.000
388.572; 1500.350;  181.475;    0.000
388.630; 1465.350;  187.475;    0.000
388.689; 1511.350;  180.475;    0.000
388.747; 1543.350;  154.475;    0.000
388.806; 1538.350;  161.475;    0.000
388.864; 1502.350;  167.475;    0.000
388.922; 1568.350;  184.475;    0.000
388.981; 1609.350;  169.475;    0.000
389.039; 1579.350;  102.475;    0.000
389.098; 1475.350;  183.475;    0.000
389.156; 1569.350;  182.475;    0.000
389.214; 1528.350;  173.475;    0.000
389.273; 1550.350;  167.475;    0.000
389.331; 1557.350;  170.475;    0.000
389.390; 1517.350;  150.475;    0.000
389.448; 1484.350;  156.475;    0.000
389.506; 1466.350;  149.475;    0.000
389.565; 1475.350;  162.475;    0.000
389.623; 1586.350;  188.475;    0.000
389.681; 1544.350;  204.475;    0.000
389.740; 1588.350;  187.475;    0.000
389.798; 1501.350;  153.475;    0.000
389.856; 1517.350;  214.475;    0.000
389.914; 1533.350;  177.475;    0.000
389.973; 1564.350;  189.475;    0.000
390.031; 1644.350;  178.475;    0.000
390.089; 1512.350;  163.475;    0.000
390.147; 1566.350;  170.475;    0.000
390.206; 1576.350;  183.475;    0.000
390.264; 1564.350;  161.475;    0.000
390.322; 1570.350;  148.475;    0.000
390.380; 1472.350;  138.475;    0.000
390.439; 1515.350;  194.475;    0.000
390.497; 1656.350;  170.475;    0.000
390.555; 1518.350;  165.475;    0.000
390.613; 1583.350;  177.475;    0.000
390.671; 1590.350;  170.475;    0.000
390.729; 1613.350;  158.475;    0.000
390.788; 1544.350;  162.475;    0.000
390.846; 1473.350;  161.475;    0.000
390.904; 1581.350;  197.475;    0.000
390.962; 1601.350;  212.475;    0.000
391.020; 1632.350;  224.475;    0.000
391.078; 1560.350;  184.475;    0.000
391.136; 1626.350;  191.475;    0.000
391.194; 1574.350;  187.475;    0.000
391.253; 1542.350;  197.475;    0.000
391.311; 1638.350;  185.475;    0.000
391.369; 1574.350;  207.475;    0.000
391.427; 1629.350;  222.475;    0.000
391.485; 1555.350;  184.475;    0.000
391.543; 1611.350;  203.475;    0.000
391.601; 1555.350;  151.475;    0.000
391.659; 1579.350;  176.475;    0.000
391.717; 1628.350;  190.475;    0.000
391.775; 1617.350;  159.475;    0.000
391.833; 1589.350;  186.475;    0.000
391.891; 1607.350;  154.475;    0.000
391.949; 1601.350;  181.475;    0.000
392.007; 1696.350;  190.475;    0.000
392.065; 1628.350;  182.475;    0.000
392.123; 1624.350;  158.475;    0.000
392.180; 1675.350;  198.475;    0.000
392.238; 1626.350;  191.475;    0.000
392.296; 1594.350;  164.475;    0.000
392.354; 1630.350;  172.475;    0.000
392.412; 1632.350;  194.475;    0.000
392.470; 1573.350;  154.475;    0.000
392.528; 1589.350;  172.475;    0.000
392.586; 1619.350;  179.475;    0.000
392.644; 1647.350;  173.475;    0.000
392.701; 1564.350;  202.475;    0.000
392.759; 1618.350;  180.475;    0.000
392.817; 1690.350;  181.475;    0.000
392.875; 1645.350;  168.475;    0.000
392.933; 1651.350;  161.475;    0.000
392.991; 1764.350;  216.475;    0.000
393.048; 1653.350;  197.475;    0.000
393.106; 1613.350;  199.475;    0.000
393.164; 1620.350;  173.475;    0.000
393.222; 1607.350;  179.475;    0.000
393.279; 1726.350;  209.475;    0.000
393.337; 1656.350;  185.475;    0.000
393.395; 1674.350;  174.475;    0.000
393.453; 1676.350;  181.475;    0.000
393.510; 1721.350;  188.475;    0.000
393.568; 1641.350;  191.475;    0.000
393.626; 1634.350;  151.475;    0.000
393.684; 1621.350;  208.475;    0.000
393.741; 1576.350;  179.475;    0.000
393.799; 1696.350;  149.475;    0.000
393.857; 1652.350;  136.475;    0.000
393.914; 1605.350;  190.475;    0.000
393.972; 1710.350;  155.475;    0.000
394.030; 1662.350;  170.475;    0.000
394.087; 1718.350;  213.475;    0.000
394.145; 1678.350;  191.475;    0.000
394.202; 1634.350;  188.475;    0.000
394.260; 1621.350;  168.475;    0.000
394.318; 1679.350;  176.475;    0.000
394.375; 1649.350;  159.475;    0.000
394.433; 1655.350;  168.475;    0.000
394.490; 1665.350;  163.475;    0.000
394.548; 1676.350;  163.475;    0.000
394.605; 1691.350;  181.475;    0.000
394.663; 1694.350;  180.475;    0.000
394.720; 1729.350;  193.475;    0.000
394.778; 1710.350;  168.475;    0.000
394.836; 1644.350;  128.475;    0.000
394.893; 1693.350;  151.475;    0.000
394.951; 1711.350;  173.475;    0.000
395.008; 1770.350;  201.475;    0.000
395.065; 1673.350;  139.475;    0.000
395.123; 1658.350;  173.475;    0.000
395.180; 1778.350;  144.475;    0.000
395.238; 1705.350;  135.475;    0.000
395.295; 1721.350;  167.475;    0.000
395.353; 1740.350;  150.475;    0.000
395.410; 1719.350;  165.475;    0.000
395.468; 1755.350;  223.475;    0.000
395.525; 1728.350;  156.475;    0.000
395.582; 1842.350;  178.475;    0.000
395.640; 1764.350;  178.475;    0.000
395.697; 1741.350;  173.475;    0.000
395.754; 1701.350;  154.475;    0.000
395.812; 1822.350;  169.475;    0.000
395.869; 1791.350;  196.475;    0.000
395.927; 1860.350;  190.475;    0.000
395.984; 1794.350;  195.475;    0.000
396.041; 1802.350;  160.475;    0.000
396.098; 1753.350;  161.475;    0.000
396.156; 1743.350;  187.475;    0.000
396.213; 1770.350;  200.475;    0.000
396.270; 1837.350;  160.475;    0.000
396.328; 1767.350;  113.475;    0.000
396.385; 1738.350;  165.475;    0.000
396.442; 1739.350;  168.475;    0.000
396.499; 1787.350;  117.475;    0.000
396.557; 1772.350;  203.475;    0.000
396.614; 1845.350;  155.475;    0.000
396.671; 1745.350;  187.475;    0.000
396.728; 1841.350;  169.475;    0.000
396.785; 1847.350;  167.475;    0.000
396.843; 1746.350;  154.475;    0.000
396.900; 1844.350;  172.475;    0.000
396.957; 1846.350;  176.475;    0.000
397.014; 1800.350;  193.475;    0.000
397.071; 1825.350;  170.475;    0.000
397.128; 1761.350;  172.475;    0.000
397.186; 1822.350;  205.475;    0.000
397.243; 1895.350;  163.475;    0.000
397.300; 1778.350;  193.475;    0.000
397.357; 1822.350;  166.475;    0.000
397.414; 1874.350;  149.475;    0.000
397.471; 1883.350;  157.475;    0.000
397.528; 1791.350;  180.475;    0.000
397.585; 1831.350;  203.475;    0.000
397.642; 1935.350;  156.475;    0.000
397.699; 1905.350;  229.475;    0.000
397.756; 1923.350;  185.475;    0.000
397.814; 1757.350;  191.475;    0.000
397.871; 1853.350;  170.475;    0.000
397.928; 1829.350;  191.475;    0.000
397.985; 1870.350;  183.475;    0.000
398.042; 1973.350;  161.475;    0.000
398.099; 1928.350;  192.475;    0.000
398.156; 1854.350;  176.475;    0.000
398.212; 1902.350;  170.475;    0.000
398.269; 1925.350;  158.475;    0.000
398.326; 1882.350;  175.475;    0.000
398.383; 1880.350;  177.475;    0.000
398.440; 1969.350;  169.475;    0.000
398.497; 1981.350;  184.475;    0.000
398.554; 1892.350;  196.475;    0.000
398.611; 1943.350;  198.475;    0.000
398.668; 1902.350;  135.475;    0.000
398.725; 1922.350;  181.475;    0.000
398.782; 1990.350;  195.475;    0.000
398.839; 1998.350;  179.475;    0.000
398.895; 1963.350;  188.475;    0.000
398.952; 1997.350;  176.475;    0.000
399.009; 1995.350;  183.475;    0.000
399.066; 2021.350;  190.475;    0.000
399.123; 2083.350;  174.475;    0.000
399.180; 2025.350;  191.475;    0.000
399.236; 2056.350;  217.475;    0.000
399.293; 2111.350;  154.475;    0.000
399.350; 2022.350;  210.475;    0.000
399.407; 2103.350;  202.475;    0.000
399.463; 2132.350;  162.475;    0.000
399.520; 2062.350;  207.475;    0.000
399.577; 2167.350;  174.475;    0.000
399.634; 2181.350;  170.475;    0.000
399.690; 2187.350;  186.475;    0.000
399.747; 2244.350;  218.475;    0.000
399.804; 2199.350;  200.475;    0.000
399.861; 2225.350;  190.475;    0.000
399.917; 2244.350;  218.475;    0.000
399.974; 2217.350;  200.475;    0.000
400.031; 2230.350;  200.475;    0.000
400.087; 2163.350;  153.475;    0.000
400.144; 2198.350;  188.475;    0.000
400.201; 2148.350;  198.475;    0.000
400.257; 2146.350;  205.475;    0.000
400.314; 2121.350;  183.475;    0.000
400.370; 2097.350;  227.475;    0.000
400.427; 2105.350;  177.475;    0.000
400.484; 2070.350;  202.475;    0.000
400.540; 2119.350;  173.475;    0.000
400.597; 2108.350;  212.475;    0.000
400.653; 2076.350;  182.475;    0.000
400.710; 2132.350;  201.475;    0.000
400.766; 2123.350;  188.475;    0.000
400.823; 2035.350;  205.475;    0.000
400.879; 2022.350;  165.475;    0.000
400.936; 2006.350;  180.475;    0.000
400.993; 2068.350;  181.475;    0.000
401.049; 2061.350;  147.475;    0.000
401.105; 2201.350;  205.475;    0.000
401.162; 2043.350;  197.475;    0.000
401.218; 2057.350;  177.475;    0.000
401.275; 2072.350;  183.475;    0.000
401.331; 2072.350;  198.475;    0.000
401.388; 2076.350;  209.475;    0.000
401.444; 2081.350;  211.475;    0.000
401.501; 2066.350;  185.475;    0.000
401.557; 2028.350;  190.475;    0.000
401.614; 2046.350;  172.475;    0.000
401.670; 2092.350;  185.475;    0.000
401.726; 2136.350;  196.475;    0.000
401.783; 2065.350;  187.475;    0.000
401.839; 2042.350;  192.475;    0.000
401.895; 2029.350;  173.475;    0.000
401.952; 2132.350;  145.475;    0.000
402.008; 1980.350;  197.475;    0.000
402.064; 2128.350;  146.475;    0.000
402.121; 2085.350;  197.475;    0.000
402.177; 1966.350;  173.475;    0.000
402.233; 2024.350;  185.475;    0.000
402.290; 2024.350;  175.475;    0.000
402.346; 2052.350;  164.475;    0.000
402.402; 2112.350;  173.475;    0.000
402.458; 2103.350;  183.475;    0.000
402.515; 2150.350;  147.475;    0.000
402.571; 2068.350;  210.475;    0.000
402.627; 2122.350;  181.475;    0.000
402.683; 2130.350;  177.475;    0.000
402.740; 2061.350;  162.475;    0.000
402.796; 2091.350;  178.475;    0.000
402.852; 2156.350;  138.475;    0.000
402.908; 2085.350;  181.475;    0.000
402.964; 2115.350;  151.475;    0.000
403.021; 2136.350;  170.475;    0.000
403.077; 2173.350;  204.475;    0.000
403.133; 2110.350;  144.475;    0.000
403.189; 2066.350;  207.475;    0.000
403.245; 2217.350;  184.475;    0.000
403.301; 2118.350;  170.475;    0.000
403.357; 2138.350;  201.475;    0.000
403.414; 2133.350;  205.475;    0.000
403.470; 2163.350;  170.475;    0.000
403.526; 2194.350;  135.475;    0.000
403.582; 2161.350;  180.475;    0.000
403.638; 2259.350;  185.475;    0.000
403.694; 2220.350;  169.475;    0.000
403.750; 2201.350;  210.475;    0.000
403.806; 2127.350;  210.475;    0.000
403.862; 2182.350;  219.475;    0.000
403.918; 2199.350;  191.475;    0.000
403.974; 2158.350;  193.475;    0.000
404.030; 2202.350;  154.475;    0.000
404.086; 2177.350;  170.475;    0.000
404.142; 2167.350;  194.475;    0.000
404.198; 2255.350;  224.475;    0.000
404.254; 2263.350;  177.475;    0.000
404.310; 2167.350;  204.475;    0.000
404.366; 2170.350;  170.475;    0.000
404.422; 2181.350;  172.475;    0.000
404.478; 2267.350;  153.475;    0.000
404.534; 2171.350;  159.475;    0.000
404.590; 2219.350;  203.475;    0.000
404.646; 2263.350;  164.475;    0.000
404.701; 2214.350;  141.475;    0.000
404.757; 2223.350;  195.475;    0.000
404.813; 2223.350;  152.475;    0.000
404.869; 2199.350;  174.475;    0.000
404.925; 2189.350;  167.475;    0.000
404.981; 2307.350;  175.475;    0.000
405.037; 2247.350;  170.475;    0.000
405.092; 2197.350;  155.475;    0.000
405.148; 2145.350;  160.475;    0.000
405.204; 2222.350;  158.475;    0.000
405.260; 2271.350;  128.475;    0.000
405.316; 2229.350;  168.475;    0.000
405.371; 2218.350;  162.475;    0.000
405.427; 2258.350;  187.475;    0.000
405.483; 2261.350;  214.475;    0.000
405.539; 2199.350;  163.475;    0.000
405.594; 2218.350;  191.475;    0.000
405.650; 2173.350;  124.475;    0.000
405.706; 2299.350;  188.475;    0.000
405.761; 2214.350;  204.475;    0.000
405.817; 2237.350;  150.475;    0.000
405.873; 2239.350;  152.475;    0.000
405.928; 2138.350;  135.475;    0.000
405.984; 2399.350;  209.475;    0.000
406.040; 2227.350;  165.475;    0.000
406.095; 2306.350;  146.475;    0.000
406.151; 2277.350;  169.475;    0.000
406.207; 2283.350;  174.475;    0.000
406.262; 2239.350;  189.475;    0.000
406.318; 2339.350;  141.475;    0.000
406.374; 2293.350;  178.475;    0.000
406.429; 2354.350;  197.475;    0.000
406.485; 2297.350;  194.475;    0.000
406.540; 2363.350;  149.475;    0.000
406.596; 2351.350;  173.475;    0.000
406.651; 2338.350;  154.475;    0.000
406.707; 2291.350;  183.475;    0.000
406.763; 2286.350;  156.475;    0.000
406.818; 2407.350;  181.475;    0.000
406.874; 2315.350;  135.475;    0.000
406.929; 2427.350;  194.475;    0.000
406.985; 2411.350;  166.475;    0.000
407.040; 2479.350;  207.475;    0.000
407.095; 2415.350;  213.475;    0.000
407.151; 2463.350;  198.475;    0.000
407.206; 2405.350;  186.475;    0.000
407.262; 2399.350;  148.475;    0.000
407.317; 2515.350;  212.475;    0.000
407.373; 2553.350;  209.475;    0.000
407.428; 2487.350;  218.475;    0.000
407.484; 2438.350;  158.475;    0.000
407.539; 2525.350;  165.475;    0.000
407.594; 2525.350;  197.475;    0.000
407.650; 2590.350;  177.475;    0.000
407.705; 2453.350;  154.475;    0.000
407.760; 2585.350;  198.475;    0.000
407.816; 2538.350;  181.475;    0.000
407.871; 2576.350;  185.475;    0.000
407.926; 2555.350;  167.475;    0.000
407.982; 2454.350;  172.475;    0.000
408.037; 2546.350;  202.475;    0.000
408.092; 2499.350;  201.475;    0.000
408.148; 2474.350;  199.475;    0.000
408.203; 2467.350;  174.475;    0.000
408.258; 2511.350;  157.475;    0.000
408.314; 2547.350;  194.475;    0.000
408.369; 2479.350;  189.475;    0.000
408.424; 2461.350;  204.475;    0.000
408.479; 2499.350;  192.475;    0.000
408.534; 2535.350;  215.475;    0.000
408.590; 2551.350;  190.475;    0.000
408.645; 2319.350;  159.475;    0.000
408.700; 2422.350;  191.475;    0.000
408.755; 2535.350;  217.475;    0.000
408.810; 2429.350;  158.475;    0.000
408.866; 2447.350;  166.475;    0.000
408.921; 2459.350;  214.475;    0.000
408.976; 2503.350;  158.475;    0.000
409.031; 2387.350;  185.475;    0.000
409.086; 2414.350;  158.475;    0.000
409.141; 2501.350;  180.475;    0.000
409.196; 2419.350;  188.475;    0.000
409.252; 2409.350;  186.475;    0.000
409.307; 2355.350;  135.475;    0.000
409.362; 2451.350;  162.475;    0.000
409.417; 2362.350;  149.475;    0.000
409.472; 2483.350;  205.475;    0.000
409.527; 2474.350;  184.475;    0.000
409.582; 2471.350;  174.475;    0.000
409.637; 2493.350;  188.475;    0.000
409.692; 2435.350;  211.475;    0.000
409.747; 2439.350;  159.475;    0.000
409.802; 2465.350;  199.475;    0.000
409.857; 2455.350;  118.475;    0.000
409.912; 2486.350;  177.475;    0.000
409.967; 2403.350;  182.475;    0.000
410.022; 2477.350;  188.475;    0.000
410.077; 2346.350;  204.475;    0.000
410.132; 2455.350;  174.475;    0.000
410.187; 2417.350;  169.475;    0.000
410.242; 2447.350;  178.475;    0.000
410.297; 2390.350;  185.475;    0.000
410.351; 2409.350;  203.475;    0.000
410.406; 2499.350;  180.475;    0.000
410.461; 2392.350;  213.475;    0.000
410.516; 2329.350;  198.475;    0.000
410.571; 2419.350;  171.475;    0.000
410.626; 2456.350;  186.475;    0.000
410.681; 2491.350;  187.475;    0.000
410.736; 2426.350;  147.475;    0.000
410.790; 2426.350;  186.475;    0.000
410.845; 2453.350;  152.475;    0.000
410.900; 2402.350;  202.475;    0.000
410.955; 2495.350;  196.475;    0.000
411.010; 2515.350;  150.475;    0.000
411.064; 2471.350;  200.475;    0.000
411.119; 2466.350;  203.475;    0.000
411.174; 2497.350;  176.475;    0.000
411.229; 2465.350;  203.475;    0.000
411.283; 2375.350;  176.475;    0.000
411.338; 2451.350;  153.475;    0.000
411.393; 2495.350;  168.475;    0.000
411.447; 2418.350;  223.475;    0.000
411.502; 2486.350;  238.475;    0.000
411.557; 2439.350;  179.475;    0.000
411.612; 2447.350;  159.475;    0.000
411.666; 2533.350;  189.475;    0.000
411.721; 2431.350;  212.475;    0.000
411.776; 2463.350;  242.475;    0.000
411.830; 2459.350;  194.475;    0.000
411.885; 2425.350;  188.475;    0.000
411.939; 2502.350;  245.475;    0.000
411.994; 2465.350;  177.475;    0.000
412.049; 2493.350;  170.475;    0.000
412.103; 2603.350;  196.475;    0.000
412.158; 2498.350;  215.475;    0.000
412.212; 2469.350;  199.475;    0.000
412.267; 2462.350;  191.475;    0.000
412.322; 2486.350;  238.475;    0.000
412.376; 2445.350;  243.475;    0.000
412.431; 2469.350;  214.475;    0.000
412.485; 2470.350;  210.475;    0.000
412.540; 2449.350;  200.475;    0.000
412.594; 2441.350;  174.475;    0.000
412.649; 2514.350;  246.475;    0.000
412.703; 2414.350;  182.475;    0.000
412.758; 2507.350;  222.475;    0.000
412.812; 2386.350;  201.475;    0.000
412.866; 2336.350;  162.475;    0.000
412.921; 2463.350;  202.475;    0.000
412.975; 2439.350;  212.475;    0.000
413.030; 2489.350;  238.475;    0.000
413.084; 2425.350;  201.475;    0.000
413.139; 2478.350;  210.475;    0.000
413.193; 2397.350;  218.475;    0.000
413.247; 2519.350;  203.475;    0.000
413.302; 2442.350;  176.475;    0.000
413.356; 2420.350;  215.475;    0.000
413.410; 2335.350;  204.475;    0.000
413.465; 2438.350;  186.475;    0.000
413.519; 2363.350;  196.475;    0.000
413.573; 2407.350;  181.475;    0.000
413.628; 2396.350;  200.475;    0.000
413.682; 2383.350;  157.475;    0.000
413.736; 2483.350;  194.475;    0.000
413.791; 2431.350;  193.475;    0.000
413.845; 2487.350;  225.475;    0.000
413.899; 2408.350;  195.475;    0.000
413.953; 2421.350;  173.475;    0.000
414.008; 2371.350;  186.475;    0.000
414.062; 2449.350;  217.475;    0.000
414.116; 2391.350;  169.475;    0.000
414.170; 2422.350;  228.475;    0.000
414.225; 2474.350;  177.475;    0.000
414.279; 2497.350;  210.475;    0.000
414.333; 2474.350;  207.475;    0.000
414.387; 2475.350;  217.475;    0.000
414.441; 2517.350;  187.475;    0.000
414.496; 2479.350;  215.475;    0.000
414.550; 2382.350;  204.475;    0.000
414.604; 2439.350;  206.475;    0.000
414.658; 2387.350;  139.475;    0.000
414.712; 2456.350;  198.475;    0.000
414.766; 2483.350;  208.475;    0.000
414.820; 2437.350;  199.475;    0.000
414.874; 2383.350;  216.475;    0.000
414.928; 2459.350;  186.475;    0.000
414.982; 2500.350;  176.475;    0.000
415.037; 2399.350;  181.475;    0.000
415.091; 2364.350;  208.475;    0.000
415.145; 2417.350;  209.475;    0.000
415.199; 2395.350;  186.475;    0.000
415.253; 2470.350;  203.475;    0.000
415.307; 2417.350;  197.475;    0.000
415.361; 2442.350;  223.475;    0.000
415.415; 2324.350;  213.475;    0.000
415.469; 2473.350;  226.475;    0.000
415.523; 2419.350;  222.475;    0.000
415.577; 2458.350;  205.475;    0.000
415.631; 2439.350;  224.475;    0.000
415.684; 2462.350;  193.475;    0.000
415.738; 2414.350;  224.475;    0.000
415.792; 2365.350;  204.475;    0.000
415.846; 2375.350;  189.475;    0.000
415.900; 2421.350;  223.475;    0.000
415.954; 2463.350;  187.475;    0.000
416.008; 2377.350;  237.475;    0.000
416.062; 2356.350;  195.475;    0.000
416.116; 2379.350;  223.475;    0.000
416.169; 2470.350;  210.475;    0.000
416.223; 2483.350;  232.475;    0.000
416.277; 2424.350;  227.475;    0.000
416.331; 2366.350;  216.475;    0.000
416.385; 2363.350;  186.475;    0.000
416.439; 2465.350;  226.475;    0.000
416.492; 2419.350;  229.475;    0.000
416.546; 2498.350;  216.475;    0.000
416.600; 2397.350;  211.475;    0.000
416.654; 2467.350;  226.475;    0.000
416.707; 2382.350;  248.475;    0.000
416.761; 2409.350;  217.475;    0.000
416.815; 2313.350;  207.475;    0.000
416.869; 2426.350;  226.475;    0.000
416.922; 2359.350;  192.475;    0.000
416.976; 2473.350;  205.475;    0.000
417.030; 2422.350;  233.475;    0.000
417.083; 2380.350;  226.475;    0.000
417.137; 2385.350;  222.475;    0.000
417.191; 2369.350;  217.475;    0.000
417.244; 2398.350;  221.475;    0.000
417.298; 2335.350;  201.475;    0.000
417.352; 2380.350;  170.475;    0.000
417.405; 2456.350;  234.475;    0.000
417.459; 2384.350;  241.475;    0.000
417.512; 2379.350;  247.475;    0.000
417.566; 2339.350;  219.475;    0.000
417.620; 2474.350;  228.475;    0.000
417.673; 2354.350;  192.475;    0.000
417.727; 2382.350;  203.475;    0.000
417.780; 2355.350;  204.475;    0.000
417.834; 2371.350;  234.475;    0.000
417.887; 2423.350;  245.475;    0.000
417.941; 2363.350;  211.475;    0.000
417.994; 2397.350;  244.475;    0.000
418.048; 2419.350;  203.475;    0.000
418.101; 2381.350;  212.475;    0.000
418.155; 2443.350;  251.475;    0.000
418.208; 2455.350;  286.475;    0.000
418.262; 2400.350;  243.475;    0.000
418.315; 2423.350;  214.475;    0.000
418.369; 2404.350;  269.475;    0.000
418.422; 2445.350;  222.475;    0.000
418.476; 2465.350;  226.475;    0.000
418.529; 2410.350;  238.475;    0.000
418.582; 2441.350;  210.475;    0.000
418.636; 2388.350;  221.475;    0.000
418.689; 2412.350;  224.475;    0.000
418.743; 2480.350;  228.475;    0.000
418.796; 2377.350;  192.475;    0.000
418.849; 2438.350;  230.475;    0.000
418.903; 2434.350;  257.475;    0.000
418.956; 2350.350;  241.475;    0.000
419.009; 2458.350;  247.475;    0.000
419.063; 2438.350;  235.475;    0.000
419.116; 2419.350;  218.475;    0.000
419.169; 2429.350;  219.475;    0.000
419.222; 2459.350;  215.475;    0.000
419.276; 2461.350;  202.475;    0.000
419.329; 2409.350;  210.475;    0.000
419.382; 2383.350;  188.475;    0.000
419.435; 2378.350;  222.475;    0.000
419.489; 2423.350;  232.475;    0.000
419.542; 2444.350;  250.475;    0.000
419.595; 2306.350;  240.475;    0.000
419.648; 2369.350;  261.475;    0.000
419.701; 2385.350;  222.475;    0.000
419.755; 2327.350;  233.475;    0.000
419.808; 2386.350;  178.475;    0.000
419.861; 2321.350;  207.475;    0.000
419.914; 2434.350;  223.475;    0.000
419.967; 2358.350;  216.475;    0.000
420.020; 2389.350;  211.475;    0.000
420.073; 2413.350;  200.475;    0.000
420.127; 2384.350;  248.475;    0.000
420.180; 2307.350;  220.475;    0.000
420.233; 2311.350;  215.475;    0.000
420.286; 2398.350;  222.475;    0.000
420.339; 2396.350;  229.475;    0.000
420.392; 2422.350;  245.475;    0.000
420.445; 2329.350;  221.475;    0.000
420.498; 2327.350;  224.475;    0.000
420.551; 2347.350;  170.475;    0.000
420.604; 2360.350;  237.475;    0.000
420.657; 2401.350;  235.475;    0.000
420.710; 2384.350;  223.475;    0.000
420.763; 2327.350;  219.475;    0.000
420.816; 2321.350;  200.475;    0.000
420.869; 2394.350;  197.475;    0.000
420.922; 2346.350;  212.475;    0.000
420.975; 2372.350;  274.475;    0.000
421.028; 2331.350;  228.475;    0.000
421.081; 2266.350;  243.475;    0.000
421.134; 2283.350;  227.475;    0.000
421.187; 2327.350;  245.475;    0.000
421.239; 2228.350;  210.475;    0.000
421.292; 2265.350;  193.475;    0.000
421.345; 2333.350;  226.475;    0.000
421.398; 2285.350;  226.475;    0.000
421.451; 2305.350;  259.475;    0.000
421.504; 2288.350;  204.475;    0.000
421.557; 2246.350;  215.475;    0.000
421.609; 2200.350;  194.475;    0.000
421.662; 2312.350;  216.475;    0.000
421.715; 2370.350;  226.475;    0.000
421.768; 2310.350;  177.475;    0.000
421.821; 2249.350;  210.475;    0.000
421.873; 2248.350;  208.475;    0.000
421.926; 2296.350;  223.475;    0.000
421.979; 2327.350;  230.475;    0.000
422.032; 2365.350;  227.475;    0.000
422.084; 2302.350;  234.475;    0.000
422.137; 2278.350;  207.475;    0.000
422.190; 2242.350;  228.475;    0.000
422.243; 2239.350;  206.475;    0.000
422.295; 2324.350;  236.475;    0.000
422.348; 2275.350;  232.475;    0.000
422.401; 2313.350;  228.475;    0.000
422.453; 2301.350;  239.475;    0.000
422.506; 2269.350;  226.475;    0.000
422.559; 2246.350;  205.475;    0.000
422.611; 2231.350;  235.475;    0.000
422.664; 2234.350;  231.475;    0.000
422.716; 2320.350;  228.475;    0.000
422.769; 2294.350;  204.475;    0.000
422.822; 2259.350;  205.475;    0.000
422.874; 2179.350;  228.475;    0.000
422.927; 2237.350;  266.475;    0.000
422.979; 2242.350;  223.475;    0.000
423.032; 2257.350;  207.475;    0.000
423.084; 2261.350;  211.475;    0.000
423.137; 2229.350;  205.475;    0.000
423.189; 2230.350;  254.475;    0.000
423.242; 2169.350;  208.475;    0.000
423.294; 2290.350;  240.475;    0.000
423.347; 2180.350;  218.475;    0.000
423.399; 2222.350;  237.475;    0.000
423.452; 2293.350;  242.475;    0.000
423.504; 2262.350;  225.475;    0.000
423.557; 2249.350;  195.475;    0.000
423.609; 2206.350;  206.475;    0.000
423.662; 2265.350;  211.475;    0.000
423.714; 2284.350;  252.475;    0.000
423.766; 2217.350;  181.475;    0.000
423.819; 2208.350;  216.475;    0.000
423.871; 2257.350;  216.475;    0.000
423.923; 2206.350;  222.475;    0.000
423.976; 2262.350;  223.475;    0.000
424.028; 2204.350;  229.475;    0.000
424.081; 2200.350;  267.475;    0.000
424.133; 2194.350;  251.475;    0.000
424.185; 2197.350;  238.475;    0.000
424.238; 2243.350;  220.475;    0.000
424.290; 2188.350;  259.475;    0.000
424.342; 2216.350;  248.475;    0.000
424.394; 2187.350;  234.475;    0.000
424.447; 2168.350;  248.475;    0.000
424.499; 2209.350;  233.475;    0.000
424.551; 2240.350;  236.475;    0.000
424.603; 2076.350;  207.475;    0.000
424.656; 2277.350;  210.475;    0.000
424.708; 2192.350;  251.475;    0.000
424.760; 2216.350;  221.475;    0.000
424.812; 2232.350;  275.475;    0.000
424.864; 2218.350;  206.475;    0.000
424.917; 2180.350;  198.475;    0.000
424.969; 2190.350;  246.475;    0.000
425.021; 2226.350;  209.475;    0.000
425.073; 2144.350;  242.475;    0.000
425.125; 2189.350;  254.475;    0.000
425.177; 2186.350;  224.475;    0.000
425.229; 2241.350;  256.475;    0.000
425.282; 2267.350;  265.475;    0.000
425.334; 2170.350;  266.475;    0.000
425.386; 2144.350;  242.475;    0.000
425.438; 2221.350;  205.475;    0.000
425.490; 2210.350;  227.475;    0.000
425.542; 2195.350;  235.475;    0.000
425.594; 2107.350;  210.475;    0.000
425.646; 2154.350;  232.475;    0.000
425.698; 2088.350;  243.475;    0.000
425.750; 2231.350;  230.475;    0.000
425.802; 2163.350;  218.475;    0.000
425.854; 2131.350;  222.475;    0.000
425.906; 2107.350;  235.475;    0.000
425.958; 2146.350;  220.475;    0.000
426.010; 2101.350;  236.475;    0.000
426.062; 2151.350;  230.475;    0.000
426.114; 2157.350;  216.475;    0.000
426.166; 2139.350;  230.475;    0.000
426.218; 2107.350;  237.475;    0.000
426.270; 2168.350;  217.475;    0.000
426.321; 2147.350;  224.475;    0.000
426.373; 2074.350;  207.475;    0.000
426.425; 2157.350;  278.475;    0.000
426.477; 2131.350;  243.475;    0.000
426.529; 2130.350;  247.475;    0.000
426.581; 2121.350;  229.475;    0.000
426.633; 2111.350;  212.475;    0.000
426.684; 2136.350;  244.475;    0.000
426.736; 2149.350;  250.475;    0.000
426.788; 2067.350;  210.475;    0.000
426.840; 2092.350;  201.475;    0.000
426.892; 2091.350;  225.475;    0.000
426.943; 2110.350;  215.475;    0.000
426.995; 2072.350;  216.475;    0.000
427.047; 2055.350;  216.475;    0.000
427.099; 2114.350;  203.475;    0.000
427.150; 2049.350;  195.475;    0.000
427.202; 2091.350;  212.475;    0.000
427.254; 2040.350;  233.475;    0.000
427.306; 2081.350;  211.475;    0.000
427.357; 2139.350;  210.475;    0.000
427.409; 2162.350;  244.475;    0.000
427.461; 1983.350;  187.475;    0.000
427.512; 2014.350;  227.475;    0.000
427.564; 2078.350;  210.475;    0.000
427.616; 2059.350;  202.475;    0.000
427.667; 1971.350;  185.475;    0.000
427.719; 2095.350;  222.475;    0.000
427.770; 2107.350;  230.475;    0.000
427.822; 2137.350;  254.475;    0.000
427.874; 1995.350;  222.475;    0.000
427.925; 2099.350;  199.475;    0.000
427.977; 1999.350;  228.475;    0.000
428.028; 2069.350;  226.475;    0.000
428.080; 1974.350;  236.475;    0.000
428.131; 2023.350;  220.475;    0.000
428.183; 2027.350;  256.475;    0.000
428.234; 1999.350;  217.475;    0.000
428.286; 2130.350;  234.475;    0.000
428.337; 1971.350;  209.475;    0.000
428.389; 2069.350;  219.475;    0.000
428.440; 2015.350;  249.475;    0.000
428.492; 2015.350;  255.475;    0.000
428.543; 1933.350;  224.475;    0.000
428.595; 2029.350;  225.475;    0.000
428.646; 2066.350;  240.475;    0.000
428.697; 2063.350;  211.475;    0.000
428.749; 2035.350;  200.475;    0.000
428.800; 1974.350;  235.475;    0.000
428.852; 2022.350;  265.475;    0.000
428.903; 2075.350;  201.475;    0.000
428.954; 2013.350;  242.475;    0.000
429.006; 1955.350;  245.475;    0.000
429.057; 1971.350;  252.475;    0.000
429.108; 1985.350;  211.475;    0.000
429.160; 1973.350;  217.475;    0.000
429.211; 2018.350;  234.475;    0.000
429.262; 1939.350;  205.475;    0.000
429.314; 1921.350;  211.475;    0.000
429.365; 1998.350;  240.475;    0.000
429.416; 1970.350;  263.475;    0.000
429.467; 2007.350;  244.475;    0.000
429.519; 1953.350;  223.475;    0.000
429.570; 1874.350;  214.475;    0.000
429.621; 1915.350;  235.475;    0.000
429.672; 1955.350;  202.475;    0.000
429.724; 1905.350;  189.475;    0.000
429.775; 1930.350;  214.475;    0.000
429.826; 1957.350;  178.475;    0.000
429.877; 1949.350;  224.475;    0.000
429.928; 1939.350;  230.475;    0.000
429.980; 1946.350;  199.475;    0.000
430.031; 2011.350;  208.475;    0.000
430.082; 1980.350;  224.475;    0.000
430.133; 1890.350;  193.475;    0.000
430.184; 2011.350;  220.475;    0.000
430.235; 1995.350;  184.475;    0.000
430.286; 1997.350;  197.475;    0.000
430.337; 1974.350;  199.475;    0.000
430.388; 1949.350;  207.475;    0.000
430.439; 1911.350;  227.475;    0.000
430.490; 1895.350;  215.475;    0.000
430.542; 1902.350;  211.475;    0.000
430.593; 1949.350;  230.475;    0.000
430.644; 1996.350;  186.475;    0.000
430.695; 1983.350;  232.475;    0.000
430.746; 1947.350;  214.475;    0.000
430.797; 1949.350;  260.475;    0.000
430.848; 1956.350;  214.475;    0.000
430.898; 1950.350;  204.475;    0.000
430.949; 1969.350;  189.475;    0.000
431.000; 2011.350;  240.475;    0.000
431.051; 1918.350;  201.475;    0.000
431.102; 1916.350;  188.475;    0.000
431.153; 1917.350;  209.475;    0.000
431.204; 1940.350;  187.475;    0.000
431.255; 1951.350;  171.475;    0.000
431.306; 1959.350;  181.475;    0.000
431.357; 1980.350;  221.475;    0.000
431.408; 1948.350;  217.475;    0.000
431.458; 2006.350;  206.475;    0.000
431.509; 1985.350;  194.475;    0.000
431.560; 1973.350;  235.475;    0.000
431.611; 1898.350;  213.475;    0.000
431.662; 1944.350;  237.475;    0.000
431.713; 2009.350;  220.475;    0.000
431.763; 1976.350;  212.475;    0.000
431.814; 1974.350;  238.475;    0.000
431.865; 1989.350;  213.475;    0.000
431.916; 1886.350;  191.475;    0.000
431.966; 1936.350;  171.475;    0.000
432.017; 1958.350;  263.475;    0.000
432.068; 1971.350;  240.475;    0.000
432.118; 1968.350;  235.475;    0.000
432.169; 1995.350;  212.475;    0.000
432.220; 1818.350;  188.475;    0.000
432.271; 1869.350;  216.475;    0.000
432.321; 1945.350;  223.475;    0.000
432.372; 1968.350;  254.475;    0.000
432.423; 1941.350;  193.475;    0.000
432.473; 1995.350;  219.475;    0.000
432.524; 1952.350;  215.475;    0.000
432.574; 2002.350;  234.475;    0.000
432.625; 1950.350;  226.475;    0.000
432.676; 1966.350;  219.475;    0.000
432.726; 2011.350;  254.475;    0.000
432.777; 1930.350;  210.475;    0.000
432.827; 1915.350;  234.475;    0.000
432.878; 1981.350;  212.475;    0.000
432.928; 1917.350;  238.475;    0.000
432.979; 1975.350;  252.475;    0.000
433.029; 1897.350;  222.475;    0.000
433.080; 1945.350;  188.475;    0.000
433.130; 1932.350;  223.475;    0.000
433.181; 2014.350;  254.475;    0.000
433.231; 1927.350;  237.475;    0.000
433.282; 1858.350;  242.475;    0.000
433.332; 1934.350;  261.475;    0.000
433.383; 2010.350;  266.475;    0.000
433.433; 1929.350;  286.475;    0.000
433.484; 1977.350;  231.475;    0.000
433.534; 1943.350;  256.475;    0.000
433.585; 1941.350;  253.475;    0.000
433.635; 1951.350;  228.475;    0.000
433.685; 1932.350;  226.475;    0.000
433.736; 2006.350;  276.475;    0.000
433.786; 1985.350;  253.475;    0.000
433.836; 1974.350;  289.475;    0.000
433.887; 2031.350;  241.475;    0.000
433.937; 1970.350;  252.475;    0.000
433.987; 1929.350;  223.475;    0.000
434.038; 1884.350;  241.475;    0.000
434.088; 2031.350;  231.475;    0.000
434.138; 1975.350;  259.475;    0.000
434.189; 1963.350;  263.475;    0.000
434.239; 1948.350;  194.475;    0.000
434.289; 2020.350;  273.475;    0.000
434.339; 2081.350;  212.475;    0.000
434.389; 1961.350;  248.475;    0.000
434.440; 1935.350;  250.475;    0.000
434.490; 1978.350;  278.475;    0.000
434.540; 1988.350;  241.475;    0.000
434.590; 2020.350;  251.475;    0.000
434.640; 2014.350;  207.475;    0.000
434.691; 1979.350;  242.475;    0.000
434.741; 1993.350;  218.475;    0.000
434.791; 1988.350;  267.475;    0.000
434.841; 1984.350;  272.475;    0.000
434.891; 2017.350;  260.475;    0.000
434.941; 2053.350;  258.475;    0.000
434.991; 1986.350;  264.475;    0.000
435.042; 2012.350;  264.475;    0.000
435.092; 1972.350;  271.475;    0.000
435.142; 1984.350;  229.475;    0.000
435.192; 1946.350;  226.475;    0.000
435.242; 2005.350;  253.475;    0.000
435.292; 2004.350;  215.475;    0.000
435.342; 1968.350;  240.475;    0.000
435.392; 1988.350;  235.475;    0.000
435.442; 2049.350;  230.475;    0.000
435.492; 1954.350;  235.475;    0.000
435.542; 1948.350;  230.475;    0.000
435.592; 1880.350;  239.475;    0.000
435.642; 1934.350;  244.475;    0.000
435.692; 1884.350;  236.475;    0.000
435.742; 2035.350;  236.475;    0.000
435.792; 1932.350;  230.475;    0.000
435.842; 1938.350;  248.475;    0.000
435.891; 1897.350;  233.475;    0.000
435.941; 1856.350;  243.475;    0.000
435.991; 1939.350;  279.475;    0.000
436.041; 1842.350;  204.475;    0.000
436.091; 1921.350;  217.475;    0.000
436.141; 1770.350;  205.475;    0.000
436.191; 1894.350;  220.475;    0.000
436.241; 1889.350;  248.475;    0.000
436.290; 1973.350;  255.475;    0.000
436.340; 1882.350;  235.475;    0.000
436.390; 1867.350;  207.475;    0.000
436.440; 1857.350;  207.475;    0.000
436.490; 1830.350;  251.475;    0.000
436.539; 1922.350;  240.475;    0.000
436.589; 1873.350;  198.475;    0.000
436.639; 1891.350;  240.475;    0.000
436.689; 1786.350;  216.475;    0.000
436.738; 1855.350;  246.475;    0.000
436.788; 1799.350;  203.475;    0.000
436.838; 1884.350;  230.475;    0.000
436.887; 1897.350;  235.475;    0.000
436.937; 1897.350;  249.475;    0.000
436.987; 1857.350;  208.475;    0.000
437.036; 1911.350;  232.475;    0.000
437.086; 1806.350;  238.475;    0.000
437.136; 1844.350;  228.475;    0.000
437.185; 1834.350;  219.475;    0.000
437.235; 1874.350;  227.475;    0.000
437.285; 1799.350;  241.475;    0.000
437.334; 1835.350;  216.475;    0.000
437.384; 1812.350;  243.475;    0.000
437.433; 1795.350;  214.475;    0.000
437.483; 1873.350;  246.475;    0.000
437.532; 1875.350;  261.475;    0.000
437.582; 1823.350;  205.475;    0.000
437.631; 1858.350;  218.475;    0.000
437.681; 1795.350;  240.475;    0.000
437.730; 1786.350;  258.475;    0.000
437.780; 1795.350;  237.475;    0.000
437.829; 1789.350;  209.475;    0.000
437.879; 1815.350;  214.475;    0.000
437.928; 1777.350;  223.475;    0.000
437.978; 1789.350;  220.475;    0.000
438.027; 1821.350;  239.475;    0.000
438.077; 1830.350;  231.475;    0.000
438.126; 1793.350;  266.475;    0.000
438.176; 1828.350;  234.475;    0.000
438.225; 1802.350;  237.475;    0.000
438.274; 1770.350;  234.475;    0.000
438.324; 1775.350;  244.475;    0.000
438.373; 1760.350;  232.475;    0.000
438.422; 1814.350;  218.475;    0.000
438.472; 1781.350;  221.475;    0.000
438.521; 1779.350;  190.475;    0.000
438.570; 1793.350;  243.475;    0.000
438.620; 1796.350;  255.475;    0.000
438.669; 1711.350;  210.475;    0.000
438.718; 1716.350;  237.475;    0.000
438.768; 1795.350;  220.475;    0.000
438.817; 1770.350;  218.475;    0.000
438.866; 1730.350;  198.475;    0.000
438.915; 1905.350;  256.475;    0.000
438.965; 1786.350;  221.475;    0.000
439.014; 1825.350;  255.475;    0.000
439.063; 1811.350;  276.475;    0.000
439.112; 1693.350;  220.475;    0.000
439.162; 1816.350;  253.475;    0.000
439.211; 1831.350;  247.475;    0.000
439.260; 1794.350;  220.475;    0.000
439.309; 1719.350;  235.475;    0.000
439.358; 1816.350;  205.475;    0.000
439.407; 1824.350;  207.475;    0.000
439.456; 1741.350;  216.475;    0.000
439.506; 1791.350;  245.475;    0.000
439.555; 1869.350;  264.475;    0.000
439.604; 1764.350;  227.475;    0.000
439.653; 1804.350;  220.475;    0.000
439.702; 1774.350;  223.475;    0.000
439.751; 1831.350;  197.475;    0.000
439.800; 1810.350;  207.475;    0.000
439.849; 1816.350;  238.475;    0.000
439.898; 1810.350;  209.475;    0.000
439.947; 1725.350;  170.475;    0.000
439.996; 1781.350;  233.475;    0.000
440.045; 1775.350;  222.475;    0.000
440.094; 1804.350;  240.475;    0.000
440.143; 1789.350;  249.475;    0.000
440.192; 1836.350;  252.475;    0.000
440.241; 1834.350;  239.475;    0.000
440.290; 1839.350;  234.475;    0.000
440.339; 1788.350;  241.475;    0.000
440.388; 1824.350;  239.475;    0.000
440.437; 1784.350;  231.475;    0.000
440.486; 1893.350;  254.475;    0.000
440.535; 1813.350;  266.475;    0.000
440.583; 1832.350;  205.475;    0.000
440.632; 1734.350;  234.475;    0.000
440.681; 1778.350;  218.475;    0.000
440.730; 1836.350;  248.475;    0.000
440.779; 1768.350;  246.475;    0.000
440.828; 1812.350;  235.475;    0.000
440.876; 1753.350;  218.475;    0.000
440.925; 1733.350;  228.475;    0.000
440.974; 1806.350;  249.475;    0.000
441.023; 1904.350;  192.475;    0.000
441.072; 1910.350;  226.475;    0.000
441.120; 1854.350;  238.475;    0.000
441.169; 1746.350;  255.475;    0.000
441.218; 1867.350;  233.475;    0.000
441.267; 1900.350;  231.475;    0.000
441.315; 1845.350;  214.475;    0.000
441.364; 1869.350;  250.475;    0.000
441.413; 1815.350;  228.475;    0.000
441.461; 1821.350;  209.475;    0.000
441.510; 1928.350;  260.475;    0.000
441.559; 1834.350;  230.475;    0.000
441.607; 1870.350;  220.475;    0.000
441.656; 1975.350;  251.475;    0.000
441.705; 1936.350;  237.475;    0.000
441.753; 1868.350;  257.475;    0.000
441.802; 1891.350;  256.475;    0.000
441.850; 1833.350;  253.475;    0.000
441.899; 1885.350;  212.475;    0.000
441.948; 1958.350;  251.475;    0.000
441.996; 1894.350;  239.475;    0.000
442.045; 1921.350;  223.475;    0.000
442.093; 1878.350;  211.475;    0.000
442.142; 1924.350;  235.475;    0.000
442.190; 1891.350;  254.475;    0.000
442.239; 1829.350;  226.475;    0.000
442.287; 1882.350;  242.475;    0.000
442.336; 1865.350;  256.475;    0.000
442.384; 1804.350;  252.475;    0.000
442.433; 1873.350;  262.475;    0.000
442.481; 1896.350;  246.475;    0.000
442.529; 1875.350;  290.475;    0.000
442.578; 1838.350;  247.475;    0.000
442.626; 1838.350;  247.475;    0.000
442.675; 1908.350;  272.475;    0.000
442.723; 1828.350;  230.475;    0.000
442.771; 1865.350;  234.475;    0.000
442.820; 1861.350;  224.475;    0.000
442.868; 1847.350;  246.475;    0.000
442.917; 1866.350;  249.475;    0.000
442.965; 1918.350;  260.475;    0.000
443.013; 1846.350;  258.475;    0.000
443.062; 1876.350;  259.475;    0.000
443.110; 1827.350;  226.475;    0.000
443.158; 1783.350;  213.475;    0.000
443.206; 1841.350;  201.475;    0.000
443.255; 1901.350;  280.475;    0.000
443.303; 1856.350;  292.475;    0.000
443.351; 1857.350;  256.475;    0.000
443.399; 1885.350;  215.475;    0.000
443.448; 1854.350;  243.475;    0.000
443.496; 1904.350;  249.475;    0.000
443.544; 1890.350;  231.475;    0.000
443.592; 1964.350;  243.475;    0.000
443.640; 1944.350;  252.475;    0.000
443.689; 1893.350;  220.475;    0.000
443.737; 1892.350;  231.475;    0.000
443.785; 1941.350;  256.475;    0.000
443.833; 1892.350;  268.475;    0.000
443.881; 1886.350;  181.475;    0.000
443.929; 1984.350;  245.475;    0.000
443.977; 1888.350;  278.475;    0.000
444.025; 1856.350;  245.475;    0.000
444.074; 1838.350;  233.475;    0.000
444.122; 1941.350;  267.475;    0.000
444.170; 1842.350;  247.475;    0.000
444.218; 1950.350;  246.475;    0.000
444.266; 1974.350;  275.475;    0.000
444.314; 1933.350;  263.475;    0.000
444.362; 1980.350;  240.475;    0.000
444.410; 2011.350;  220.475;    0.000
444.458; 2027.350;  258.475;    0.000
444.506; 1969.350;  258.475;    0.000
444.554; 1942.350;  224.475;    0.000
444.602; 1968.350;  245.475;    0.000
444.650; 2085.350;  261.475;    0.000
444.698; 1943.350;  232.475;    0.000
444.746; 1948.350;  206.475;    0.000
444.793; 2039.350;  249.475;    0.000
444.841; 2010.350;  261.475;    0.000
444.889; 2002.350;  221.475;    0.000
444.937; 1925.350;  215.475;    0.000
444.985; 1982.350;  244.475;    0.000
445.033; 2067.350;  211.475;    0.000
445.081; 1945.350;  225.475;    0.000
445.129; 1961.350;  217.475;    0.000
445.176; 2010.350;  196.475;    0.000
445.224; 1977.350;  211.475;    0.000
445.272; 1959.350;  242.475;    0.000
445.320; 1888.350;  225.475;    0.000
445.368; 1976.350;  249.475;    0.000
445.415; 2017.350;  243.475;    0.000
445.463; 1990.350;  242.475;    0.000
445.511; 1941.350;  248.475;    0.000
445.559; 1946.350;  219.475;    0.000
445.606; 1910.350;  221.475;    0.000
445.654; 1940.350;  202.475;    0.000
445.702; 1871.350;  210.475;    0.000
445.749; 1958.350;  249.475;    0.000
445.797; 1931.350;  206.475;    0.000
445.845; 1981.350;  213.475;    0.000
445.892; 1942.350;  224.475;    0.000
445.940; 1913.350;  214.475;    0.000
445.988; 1977.350;  247.475;    0.000
446.035; 1971.350;  204.475;    0.000
446.083; 1962.350;  235.475;    0.000
446.130; 1955.350;  195.475;    0.000
446.178; 1972.350;  236.475;    0.000
446.226; 1878.350;  218.475;    0.000
446.273; 1959.350;  215.475;    0.000
446.321; 2001.350;  222.475;    0.000
446.368; 1917.350;  228.475;    0.000
446.416; 1914.350;  223.475;    0.000
446.463; 1949.350;  220.475;    0.000
446.511; 1997.350;  198.475;    0.000
446.558; 1982.350;  208.475;    0.000
446.606; 2008.350;  253.475;    0.000
446.653; 2015.350;  198.475;    0.000
446.701; 1998.350;  231.475;    0.000
446.748; 2030.350;  224.475;    0.000
446.796; 2003.350;  201.475;    0.000
446.843; 2004.350;  257.475;    0.000
446.891; 2005.350;  218.475;    0.000
446.938; 1987.350;  232.475;    0.000
446.985; 2009.350;  229.475;    0.000
447.033; 2087.350;  251.475;    0.000
447.080; 2018.350;  257.475;    0.000
447.128; 2080.350;  232.475;    0.000
447.175; 2021.350;  269.475;    0.000
447.222; 2032.350;  185.475;    0.000
447.270; 2107.350;  264.475;    0.000
447.317; 2047.350;  225.475;    0.000
447.364; 2134.350;  243.475;    0.000
447.411; 2172.350;  263.475;    0.000
447.459; 2074.350;  257.475;    0.000
447.506; 2103.350;  175.475;    0.000
447.553; 2091.350;  203.475;    0.000
447.601; 2231.350;  238.475;    0.000
447.648; 2094.350;  244.475;    0.000
447.695; 2141.350;  249.475;    0.000
447.742; 2179.350;  234.475;    0.000
447.789; 2245.350;  228.475;    0.000
447.837; 2203.350;  258.475;    0.000
447.884; 2193.350;  243.475;    0.000
447.931; 2308.350;  235.475;    0.000
447.978; 2303.350;  224.475;    0.000
448.025; 2242.350;  245.475;    0.000
448.072; 2317.350;  212.475;    0.000
448.120; 2266.350;  256.475;    0.000
448.167; 2270.350;  240.475;    0.000
448.214; 2341.350;  247.475;    0.000
448.261; 2277.350;  245.475;    0.000
448.308; 2280.350;  273.475;    0.000
448.355; 2273.350;  257.475;    0.000
448.402; 2245.350;  259.475;    0.000
448.449; 2088.350;  238.475;    0.000
448.496; 2178.350;  245.475;    0.000
448.543; 2126.350;  217.475;    0.000
448.590; 2200.350;  269.475;    0.000
448.637; 2178.350;  250.475;    0.000
448.684; 2062.350;  250.475;    0.000
448.731; 2101.350;  235.475;    0.000
448.778; 2095.350;  265.475;    0.000
448.825; 2140.350;  257.475;    0.000
448.872; 2017.350;  234.475;    0.000
448.919; 2009.350;  216.475;    0.000
448.966; 2118.350;  274.475;    0.000
449.013; 2055.350;  263.475;    0.000
449.060; 2036.350;  247.475;    0.000
449.107; 1974.350;  218.475;    0.000
449.154; 2002.350;  225.475;    0.000
449.200; 1967.350;  212.475;    0.000
449.247; 1947.350;  242.475;    0.000
449.294; 1900.350;  228.475;    0.000
449.341; 1985.350;  232.475;    0.000
449.388; 1931.350;  247.475;    0.000
449.435; 1907.350;  227.475;    0.000
449.481; 1911.350;  270.475;    0.000
449.528; 1932.350;  265.475;    0.000
449.575; 1928.350;  255.475;    0.000
449.622; 1799.350;  210.475;    0.000
449.668; 1887.350;  234.475;    0.000
449.715; 1979.350;  262.475;    0.000
449.762; 1910.350;  247.475;    0.000
449.809; 1898.350;  286.475;    0.000
449.855; 1901.350;  246.475;    0.000
449.902; 1883.350;  224.475;    0.000
449.949; 1913.350;  244.475;    0.000
449.995; 1945.350;  274.475;    0.000
450.042; 1881.350;  272.475;    0.000
450.089; 1930.350;  274.475;    0.000
450.135; 1935.350;  285.475;    0.000
450.182; 1850.350;  251.475;    0.000
450.229; 1808.350;  242.475;    0.000
450.275; 1914.350;  277.475;    0.000
450.322; 1845.350;  260.475;    0.000
450.368; 1889.350;  257.475;    0.000
450.415; 1947.350;  276.475;    0.000
450.462; 1856.350;  298.475;    0.000
450.508; 1853.350;  255.475;    0.000
450.555; 1860.350;  271.475;    0.000
450.601; 1844.350;  281.475;    0.000
450.648; 1843.350;  249.475;    0.000
450.694; 1856.350;  270.475;    0.000
450.741; 1860.350;  256.475;    0.000
450.787; 1838.350;  292.475;    0.000
450.834; 1794.350;  221.475;    0.000
450.880; 1785.350;  265.475;    0.000
450.927; 1810.350;  242.475;    0.000
450.973; 1892.350;  259.475;    0.000
451.019; 1803.350;  221.475;    0.000
451.066; 1741.350;  257.475;    0.000
451.112; 1800.350;  251.475;    0.000
451.159; 1773.350;  278.475;    0.000
451.205; 1808.350;  274.475;    0.000
451.251; 1765.350;  281.475;    0.000
451.298; 1842.350;  273.475;    0.000
451.344; 1832.350;  246.475;    0.000
451.390; 1830.350;  286.475;    0.000
451.437; 1810.350;  268.475;    0.000
451.483; 1782.350;  315.475;    0.000
451.529; 1755.350;  251.475;    0.000
451.576; 1828.350;  306.475;    0.000
451.622; 1735.350;  234.475;    0.000
451.668; 1833.350;  243.475;    0.000
451.714; 1771.350;  256.475;    0.000
451.761; 1807.350;  264.475;    0.000
451.807; 1814.350;  284.475;    0.000
451.853; 1761.350;  282.475;    0.000
451.899; 1766.350;  240.475;    0.000
451.945; 1755.350;  263.475;    0.000
451.992; 1737.350;  255.475;    0.000
452.038; 1745.350;  273.475;    0.000
452.084; 1732.350;  274.475;    0.000
452.130; 1743.350;  261.475;    0.000
452.176; 1705.350;  246.475;    0.000
452.222; 1698.350;  238.475;    0.000
452.268; 1782.350;  267.475;    0.000
452.315; 1768.350;  274.475;    0.000
452.361; 1767.350;  241.475;    0.000
452.407; 1732.350;  274.475;    0.000
452.453; 1719.350;  260.475;    0.000
452.499; 1825.350;  232.475;    0.000
452.545; 1754.350;  252.475;    0.000
452.591; 1773.350;  263.475;    0.000
452.637; 1778.350;  208.475;    0.000
452.683; 1717.350;  237.475;    0.000
452.729; 1740.350;  263.475;    0.000
452.775; 1783.350;  291.475;    0.000
452.821; 1764.350;  238.475;    0.000
452.867; 1721.350;  223.475;    0.000
452.913; 1746.350;  257.475;    0.000
452.959; 1750.350;  238.475;    0.000
453.005; 1767.350;  252.475;    0.000
453.051; 1816.350;  260.475;    0.000
453.097; 1724.350;  268.475;    0.000
453.142; 1669.350;  231.475;    0.000
453.188; 1731.350;  266.475;    0.000
453.234; 1701.350;  233.475;    0.000
453.280; 1694.350;  219.475;    0.000
453.326; 1726.350;  265.475;    0.000
453.372; 1694.350;  238.475;    0.000
453.418; 1713.350;  240.475;    0.000
453.463; 1740.350;  219.475;    0.000
453.509; 1725.350;  264.475;    0.000
453.555; 1717.350;  247.475;    0.000
453.601; 1769.350;  230.475;    0.000
453.647; 1700.350;  285.475;    0.000
453.692; 1660.350;  240.475;    0.000
453.738; 1710.350;  233.475;    0.000
453.784; 1718.350;  230.475;    0.000
453.829; 1734.350;  246.475;    0.000
453.875; 1738.350;  261.475;    0.000
453.921; 1686.350;  203.475;    0.000
453.967; 1641.350;  241.475;    0.000
454.012; 1685.350;  250.475;    0.000
454.058; 1669.350;  252.475;    0.000
454.104; 1657.350;  239.475;    0.000
454.149; 1765.350;  250.475;    0.000
454.195; 1700.350;  243.475;    0.000
454.240; 1658.350;  252.475;    0.000
454.286; 1704.350;  245.475;    0.000
454.332; 1670.350;  286.475;    0.000
454.377; 1740.350;  254.475;    0.000
454.423; 1704.350;  246.475;    0.000
454.468; 1745.350;  235.475;    0.000
454.514; 1680.350;  231.475;    0.000
454.559; 1719.350;  246.475;    0.000
454.605; 1674.350;  204.475;    0.000
454.650; 1758.350;  272.475;    0.000
454.696; 1718.350;  222.475;    0.000
454.741; 1720.350;  290.475;    0.000
454.787; 1721.350;  262.475;    0.000
454.832; 1693.350;  227.475;    0.000
454.878; 1683.350;  241.475;    0.000
454.923; 1703.350;  272.475;    0.000
454.969; 1740.350;  290.475;    0.000
455.014; 1684.350;  278.475;    0.000
455.060; 1720.350;  246.475;    0.000
455.105; 1711.350;  231.475;    0.000
455.150; 1695.350;  265.475;    0.000
455.196; 1654.350;  266.475;    0.000
455.241; 1680.350;  258.475;    0.000
455.286; 1730.350;  266.475;    0.000
455.332; 1705.350;  252.475;    0.000
455.377; 1685.350;  219.475;    0.000
455.422; 1675.350;  262.475;    0.000
455.468; 1660.350;  260.475;    0.000
455.513; 1643.350;  212.475;    0.000
455.558; 1652.350;  197.475;    0.000
455.604; 1664.350;  262.475;    0.000
455.649; 1757.350;  238.475;    0.000
455.694; 1686.350;  221.475;    0.000
455.739; 1637.350;  251.475;    0.000
455.785; 1744.350;  287.475;    0.000
455.830; 1708.350;  284.475;    0.000
455.875; 1644.350;  234.475;    0.000
455.920; 1657.350;  215.475;    0.000
455.965; 1750.350;  256.475;    0.000
456.010; 1724.350;  266.475;    0.000
456.056; 1768.350;  263.475;    0.000
456.101; 1648.350;  240.475;    0.000
456.146; 1664.350;  258.475;    0.000
456.191; 1657.350;  241.475;    0.000
456.236; 1716.350;  252.475;    0.000
456.281; 1650.350;  218.475;    0.000
456.326; 1708.350;  251.475;    0.000
456.371; 1682.350;  256.475;    0.000
456.416; 1702.350;  301.475;    0.000
456.461; 1646.350;  233.475;    0.000
456.507; 1681.350;  218.475;    0.000
456.552; 1708.350;  278.475;    0.000
456.597; 1695.350;  223.475;    0.000
456.642; 1601.350;  203.475;    0.000
456.687; 1705.350;  245.475;    0.000
456.732; 1750.350;  256.475;    0.000
456.776; 1702.350;  244.475;    0.000
456.821; 1677.350;  276.475;    0.000
456.866; 1742.350;  232.475;    0.000
456.911; 1646.350;  225.475;    0.000
456.956; 1733.350;  237.475;    0.000
457.001; 1719.350;  261.475;    0.000
457.046; 1726.350;  205.475;    0.000
457.091; 1697.350;  241.475;    0.000
457.136; 1635.350;  217.475;    0.000
457.181; 1742.350;  251.475;    0.000
457.225; 1767.350;  241.475;    0.000
457.270; 1777.350;  237.475;    0.000
457.315; 1714.350;  279.475;    0.000
457.360; 1713.350;  245.475;    0.000
457.405; 1651.350;  202.475;    0.000
457.450; 1681.350;  247.475;    0.000
457.494; 1696.350;  243.475;    0.000
457.539; 1681.350;  222.475;    0.000
457.584; 1706.350;  239.475;    0.000
457.629; 1635.350;  236.475;    0.000
457.673; 1698.350;  234.475;    0.000
457.718; 1702.350;  202.475;    0.000
457.763; 1744.350;  274.475;    0.000
457.807; 1687.350;  236.475;    0.000
457.852; 1763.350;  265.475;    0.000
457.897; 1743.350;  252.475;    0.000
457.941; 1739.350;  264.475;    0.000
457.986; 1758.350;  280.475;    0.000
458.031; 1687.350;  217.475;    0.000
458.075; 1755.350;  249.475;    0.000
458.120; 1739.350;  257.475;    0.000
458.165; 1707.350;  183.475;    0.000
458.209; 1757.350;  245.475;    0.000
458.254; 1741.350;  245.475;    0.000
458.298; 1763.350;  265.475;    0.000
458.343; 1737.350;  241.475;    0.000
458.387; 1781.350;  262.475;    0.000
458.432; 1764.350;  245.475;    0.000
458.476; 1838.350;  255.475;    0.000
458.521; 1761.350;  269.475;    0.000
458.565; 1740.350;  265.475;    0.000
458.610; 1728.350;  222.475;    0.000
458.654; 1780.350;  257.475;    0.000
458.699; 1791.350;  296.475;    0.000
458.743; 1824.350;  203.475;    0.000
458.788; 1802.350;  267.475;    0.000
458.832; 1830.350;  274.475;    0.000
458.877; 1820.350;  251.475;    0.000
458.921; 1823.350;  237.475;    0.000
458.965; 1838.350;  264.475;    0.000
459.010; 1855.350;  256.475;    0.000
459.054; 1803.350;  280.475;    0.000
459.099; 1846.350;  240.475;    0.000
459.143; 1891.350;  287.475;    0.000
459.187; 1777.350;  257.475;    0.000
459.231; 1853.350;  273.475;    0.000
459.276; 1859.350;  231.475;    0.000
459.320; 1859.350;  261.475;    0.000
459.364; 1847.350;  278.475;    0.000
459.409; 1864.350;  249.475;    0.000
459.453; 1876.350;  235.475;    0.000
459.497; 1919.350;  262.475;    0.000
459.541; 1875.350;  269.475;    0.000
459.586; 1885.350;  240.475;    0.000
459.630; 1850.350;  261.475;    0.000
459.674; 1848.350;  276.475;    0.000
459.718; 1891.350;  236.475;    0.000
459.762; 1885.350;  263.475;    0.000
459.807; 1822.350;  263.475;    0.000
459.851; 1967.350;  225.475;    0.000
459.895; 1866.350;  247.475;    0.000
459.939; 1767.350;  231.475;    0.000
459.983; 1832.350;  242.475;    0.000
460.027; 1959.350;  248.475;    0.000
460.071; 1903.350;  273.475;    0.000
460.115; 1871.350;  282.475;    0.000
460.159; 1893.350;  264.475;    0.000
460.204; 1956.350;  288.475;    0.000
460.248; 1871.350;  293.475;    0.000
460.292; 1909.350;  277.475;    0.000
460.336; 1921.350;  250.475;    0.000
460.380; 1880.350;  275.475;    0.000
460.424; 1916.350;  243.475;    0.000
460.468; 1919.350;  277.475;    0.000
460.512; 1928.350;  261.475;    0.000
460.556; 2006.350;  266.475;    0.000
460.599; 1978.350;  246.475;    0.000
460.643; 1948.350;  256.475;    0.000
460.687; 1929.350;  257.475;    0.000
460.731; 1904.350;  235.475;    0.000
460.775; 1941.350;  278.475;    0.000
460.819; 2019.350;  268.475;    0.000
460.863; 1900.350;  257.475;    0.000
460.907; 1946.350;  213.475;    0.000
460.951; 1972.350;  274.475;    0.000
460.995; 2034.350;  258.475;    0.000
461.038; 1919.350;  219.475;    0.000
461.082; 1920.350;  253.475;    0.000
461.126; 1985.350;  281.475;    0.000
461.170; 2032.350;  244.475;    0.000
461.214; 1975.350;  262.475;    0.000
461.257; 1943.350;  284.475;    0.000
461.301; 1990.350;  275.475;    0.000
461.345; 1928.350;  267.475;    0.000
461.389; 1950.350;  255.475;    0.000
461.432; 1989.350;  282.475;    0.000
461.476; 1895.350;  263.475;    0.000
461.520; 1881.350;  260.475;    0.000
461.563; 1966.350;  278.475;    0.000
461.607; 1951.350;  236.475;    0.000
461.651; 2032.350;  262.475;    0.000
461.694; 1945.350;  236.475;    0.000
461.738; 2030.350;  295.475;    0.000
461.782; 1981.350;  252.475;    0.000
461.825; 2027.350;  271.475;    0.000
461.869; 2052.350;  278.475;    0.000
461.913; 2060.350;  255.475;    0.000
461.956; 1957.350;  254.475;    0.000
462.000; 2038.350;  299.475;    0.000
462.043; 2011.350;  282.475;    0.000
462.087; 2020.350;  274.475;    0.000
462.130; 2036.350;  270.475;    0.000
462.174; 2088.350;  274.475;    0.000
462.217; 2053.350;  272.475;    0.000
462.261; 2101.350;  286.475;    0.000
462.304; 2004.350;  236.475;    0.000
462.348; 2030.350;  262.475;    0.000
462.391; 2092.350;  244.475;    0.000
462.435; 2036.350;  321.475;    0.000
462.478; 2004.350;  230.475;    0.000
462.522; 2032.350;  245.475;    0.000
462.565; 2119.350;  278.475;    0.000
462.608; 2114.350;  303.475;    0.000
462.652; 2120.350;  275.475;    0.000
462.695; 2138.350;  314.475;    0.000
462.739; 2070.350;  307.475;    0.000
462.782; 2085.350;  286.475;    0.000
462.825; 2089.350;  312.475;    0.000
462.869; 2142.350;  338.475;    0.000
462.912; 2213.350;  304.475;    0.000
462.955; 2141.350;  288.475;    0.000
462.998; 2140.350;  292.475;    0.000
463.042; 2158.350;  309.475;    0.000
463.085; 2129.350;  292.475;    0.000
463.128; 2160.350;  317.475;    0.000
463.172; 2138.350;  287.475;    0.000
463.215;  366.350;  313.475;    0.000
463.258;  335.350;  295.475;    0.000
463.301;  292.350;  275.475;    0.000
463.344;  310.350;  311.475;    0.000
463.388;  303.350;  296.475;    0.000
463.431;  305.350;  277.475;    0.000
463.474;  355.350;  364.475;    0.000
463.517;  312.350;  306.475;    0.000
463.560;  349.350;  308.475;    0.000
463.603;  331.350;  343.475;    0.000
463.646;  334.350;  309.475;    0.000
463.690;  315.350;  309.475;    0.000
463.733;  322.350;  320.475;    0.000
463.776;  324.350;  299.475;    0.000
463.819;  327.350;  320.475;    0.000
463.862;  307.350;  283.475;    0.000

