
Integration time [ms]:   0.300
Averaging Nr. [scans]: 1
Smoothing Nr. [pixels]: 0
Data measured with spectrometer [name]: UV2
Wave   ;Sample   ;Dark     ;Reference
[nm]   ;[counts] ;[counts] ;[counts] 

353.533;  240.225;  178.050;    0.000
353.597;  239.225;  251.050;    0.000
353.660;  221.225;  213.050;    0.000
353.723;  200.225;  185.050;    0.000
353.786;  201.225;  191.050;    0.000
353.850;  207.225;  238.050;    0.000
353.913;  190.225;  181.050;    0.000
353.976;  209.225;  190.050;    0.000
354.039;  185.225;  184.050;    0.000
354.102;  193.225;  231.050;    0.000
354.166;  226.225;  188.050;    0.000
354.229;  210.225;  224.050;    0.000
354.292;  193.225;  186.050;    0.000
354.355;  191.225;  175.050;    0.000
354.418;  181.225;  191.050;    0.000
354.481;  204.225;  181.050;    0.000
354.545;  792.225;  193.050;    0.000
354.608;  819.225;  210.050;    0.000
354.671;  798.225;  183.050;    0.000
354.734;  837.225;  189.050;    0.000
354.797;  873.225;  168.050;    0.000
354.860;  845.225;  178.050;    0.000
354.923;  836.225;  236.050;    0.000
354.986;  892.225;  181.050;    0.000
355.050;  949.225;  168.050;    0.000
355.113;  921.225;  201.050;    0.000
355.176;  963.225;  206.050;    0.000
355.239;  951.225;  213.050;    0.000
355.302;  955.225;  198.050;    0.000
355.365; 1033.225;  199.050;    0.000
355.428;  987.225;  200.050;    0.000
355.491; 1062.225;  232.050;    0.000
355.554;  994.225;  184.050;    0.000
355.617;  990.225;  214.050;    0.000
355.680;  997.225;  191.050;    0.000
355.743; 1072.225;  161.050;    0.000
355.806; 1062.225;  153.050;    0.000
355.869; 1084.225;  221.050;    0.000
355.932; 1046.225;  152.050;    0.000
355.995; 1087.225;  195.050;    0.000
356.058; 1171.225;  172.050;    0.000
356.121; 1160.225;  186.050;    0.000
356.184; 1135.225;  196.050;    0.000
356.247; 1102.225;  183.050;    0.000
356.310; 1144.225;  159.050;    0.000
356.373; 1184.225;  183.050;    0.000
356.436; 1125.225;  176.050;    0.000
356.498; 1140.225;  191.050;    0.000
356.561; 1134.225;  145.050;    0.000
356.624; 1151.225;  187.050;    0.000
356.687; 1163.225;  181.050;    0.000
356.750; 1271.225;  227.050;    0.000
356.813; 1137.225;  147.050;    0.000
356.876; 1152.225;  184.050;    0.000
356.939; 1170.225;  141.050;    0.000
357.001; 1236.225;  188.050;    0.000
357.064; 1214.225;  173.050;    0.000
357.127; 1203.225;  159.050;    0.000
357.190; 1129.225;  185.050;    0.000
357.253; 1220.225;  180.050;    0.000
357.316; 1247.225;  199.050;    0.000
357.378; 1220.225;  196.050;    0.000
357.441; 1238.225;  175.050;    0.000
357.504; 1263.225;  164.050;    0.000
357.567; 1129.225;  145.050;    0.000
357.629; 1216.225;  205.050;    0.000
357.692; 1165.225;  175.050;    0.000
357.755; 1222.225;  205.050;    0.000
357.818; 1222.225;  141.050;    0.000
357.880; 1253.225;  170.050;    0.000
357.943; 1243.225;  152.050;    0.000
358.006; 1259.225;  145.050;    0.000
358.069; 1326.225;  164.050;    0.000
358.131; 1268.225;  148.050;    0.000
358.194; 1239.225;  122.050;    0.000
358.257; 1214.225;  147.050;    0.000
358.319; 1224.225;  156.050;    0.000
358.382; 1300.225;  193.050;    0.000
358.445; 1263.225;  155.050;    0.000
358.507; 1232.225;  160.050;    0.000
358.570; 1272.225;  159.050;    0.000
358.633; 1303.225;  163.050;    0.000
358.695; 1237.225;  174.050;    0.000
358.758; 1292.225;  127.050;    0.000
358.821; 1247.225;  165.050;    0.000
358.883; 1261.225;  145.050;    0.000
358.946; 1320.225;  127.050;    0.000
359.008; 1359.225;  180.050;    0.000
359.071; 1275.225;  173.050;    0.000
359.134; 1306.225;  150.050;    0.000
359.196; 1271.225;  158.050;    0.000
359.259; 1345.225;  159.050;    0.000
359.321; 1324.225;  159.050;    0.000
359.384; 1424.225;  182.050;    0.000
359.446; 1338.225;  140.050;    0.000
359.509; 1302.225;  146.050;    0.000
359.571; 1393.225;  133.050;    0.000
359.634; 1289.225;   93.050;    0.000
359.696; 1237.225;  142.050;    0.000
359.759; 1378.225;  161.050;    0.000
359.821; 1308.225;  110.050;    0.000
359.884; 1309.225;  114.050;    0.000
359.946; 1289.225;  180.050;    0.000
360.009; 1305.225;  158.050;    0.000
360.071; 1304.225;  116.050;    0.000
360.134; 1361.225;  170.050;    0.000
360.196; 1341.225;  128.050;    0.000
360.259; 1373.225;  157.050;    0.000
360.321; 1353.225;  122.050;    0.000
360.384; 1401.225;  119.050;    0.000
360.446; 1351.225;  122.050;    0.000
360.508; 1415.225;  195.050;    0.000
360.571; 1445.225;  128.050;    0.000
360.633; 1367.225;  172.050;    0.000
360.696; 1319.225;  115.050;    0.000
360.758; 1362.225;  162.050;    0.000
360.820; 1422.225;  149.050;    0.000
360.883; 1331.225;  151.050;    0.000
360.945; 1400.225;  149.050;    0.000
361.007; 1402.225;  135.050;    0.000
361.070; 1398.225;  162.050;    0.000
361.132; 1422.225;  198.050;    0.000
361.194; 1404.225;  141.050;    0.000
361.257; 1385.225;  154.050;    0.000
361.319; 1442.225;  147.050;    0.000
361.381; 1452.225;  154.050;    0.000
361.443; 1392.225;  144.050;    0.000
361.506; 1473.225;  164.050;    0.000
361.568; 1393.225;  148.050;    0.000
361.630; 1448.225;  127.050;    0.000
361.693; 1433.225;  158.050;    0.000
361.755; 1381.225;  161.050;    0.000
361.817; 1495.225;  173.050;    0.000
361.879; 1443.225;  159.050;    0.000
361.941; 1397.225;  153.050;    0.000
362.004; 1417.225;  148.050;    0.000
362.066; 1481.225;  150.050;    0.000
362.128; 1450.225;  132.050;    0.000
362.190; 1448.225;  207.050;    0.000
362.252; 1457.225;  142.050;    0.000
362.315; 1471.225;  153.050;    0.000
362.377; 1421.225;  164.050;    0.000
362.439; 1416.225;  155.050;    0.000
362.501; 1467.225;  157.050;    0.000
362.563; 1471.225;  188.050;    0.000
362.625; 1498.225;  194.050;    0.000
362.688; 1509.225;  159.050;    0.000
362.750; 1505.225;  205.050;    0.000
362.812; 1508.225;  148.050;    0.000
362.874; 1490.225;  173.050;    0.000
362.936; 1480.225;  152.050;    0.000
362.998; 1489.225;  145.050;    0.000
363.060; 1561.225;  184.050;    0.000
363.122; 1549.225;  147.050;    0.000
363.184; 1522.225;  136.050;    0.000
363.246; 1531.225;  171.050;    0.000
363.308; 1501.225;  154.050;    0.000
363.370; 1583.225;  175.050;    0.000
363.432; 1495.225;  139.050;    0.000
363.494; 1438.225;  163.050;    0.000
363.556; 1440.225;  117.050;    0.000
363.618; 1505.225;  126.050;    0.000
363.680; 1508.225;  147.050;    0.000
363.742; 1552.225;  161.050;    0.000
363.804; 1540.225;  159.050;    0.000
363.866; 1625.225;  170.050;    0.000
363.928; 1511.225;  122.050;    0.000
363.990; 1583.225;  167.050;    0.000
364.052; 1531.225;  180.050;    0.000
364.114; 1543.225;  119.050;    0.000
364.176; 1527.225;  184.050;    0.000
364.238; 1606.225;  180.050;    0.000
364.300; 1548.225;  159.050;    0.000
364.362; 1580.225;  163.050;    0.000
364.424; 1462.225;  139.050;    0.000
364.486; 1600.225;  189.050;    0.000
364.548; 1530.225;  167.050;    0.000
364.609; 1635.225;  165.050;    0.000
364.671; 1605.225;  171.050;    0.000
364.733; 1548.225;  165.050;    0.000
364.795; 1533.225;  122.050;    0.000
364.857; 1530.225;  147.050;    0.000
364.919; 1482.225;  104.050;    0.000
364.981; 1559.225;  143.050;    0.000
365.042; 1575.225;  166.050;    0.000
365.104; 1537.225;  162.050;    0.000
365.166; 1508.225;  155.050;    0.000
365.228; 1592.225;  179.050;    0.000
365.290; 1518.225;  133.050;    0.000
365.351; 1618.225;  142.050;    0.000
365.413; 1539.225;  144.050;    0.000
365.475; 1537.225;  139.050;    0.000
365.537; 1585.225;  181.050;    0.000
365.598; 1564.225;  166.050;    0.000
365.660; 1498.225;  130.050;    0.000
365.722; 1566.225;  177.050;    0.000
365.784; 1557.225;  149.050;    0.000
365.845; 1557.225;  156.050;    0.000
365.907; 1539.225;  122.050;    0.000
365.969; 1520.225;  140.050;    0.000
366.030; 1608.225;  156.050;    0.000
366.092; 1607.225;  140.050;    0.000
366.154; 1571.225;  169.050;    0.000
366.215; 1578.225;  170.050;    0.000
366.277; 1619.225;  143.050;    0.000
366.339; 1535.225;  139.050;    0.000
366.400; 1568.225;  139.050;    0.000
366.462; 1554.225;  140.050;    0.000
366.524; 1582.225;  150.050;    0.000
366.585; 1554.225;  163.050;    0.000
366.647; 1666.225;  193.050;    0.000
366.708; 1587.225;  135.050;    0.000
366.770; 1630.225;  165.050;    0.000
366.832; 1646.225;  168.050;    0.000
366.893; 1626.225;  157.050;    0.000
366.955; 1690.225;  132.050;    0.000
367.016; 1594.225;  127.050;    0.000
367.078; 1590.225;  146.050;    0.000
367.139; 1608.225;  129.050;    0.000
367.201; 1538.225;  148.050;    0.000
367.262; 1596.225;  165.050;    0.000
367.324; 1664.225;  171.050;    0.000
367.385; 1628.225;  118.050;    0.000
367.447; 1633.225;  144.050;    0.000
367.508; 1642.225;  135.050;    0.000
367.570; 1595.225;  160.050;    0.000
367.631; 1597.225;  157.050;    0.000
367.693; 1669.225;  168.050;    0.000
367.754; 1571.225;  139.050;    0.000
367.816; 1688.225;  141.050;    0.000
367.877; 1704.225;  195.050;    0.000
367.939; 1679.225;  166.050;    0.000
368.000; 1633.225;  127.050;    0.000
368.062; 1588.225;  143.050;    0.000
368.123; 1637.225;  156.050;    0.000
368.184; 1701.225;  179.050;    0.000
368.246; 1572.225;  168.050;    0.000
368.307; 1633.225;  203.050;    0.000
368.369; 1649.225;  149.050;    0.000
368.430; 1657.225;  121.050;    0.000
368.491; 1631.225;  131.050;    0.000
368.553; 1713.225;  161.050;    0.000
368.614; 1667.225;  157.050;    0.000
368.675; 1649.225;  152.050;    0.000
368.737; 1667.225;  168.050;    0.000
368.798; 1620.225;  147.050;    0.000
368.859; 1667.225;  174.050;    0.000
368.921; 1742.225;  168.050;    0.000
368.982; 1697.225;  151.050;    0.000
369.043; 1718.225;  169.050;    0.000
369.104; 1673.225;  149.050;    0.000
369.166; 1640.225;  178.050;    0.000
369.227; 1700.225;  149.050;    0.000
369.288; 1665.225;  131.050;    0.000
369.349; 1684.225;  128.050;    0.000
369.411; 1645.225;  198.050;    0.000
369.472; 1683.225;  156.050;    0.000
369.533; 1673.225;  142.050;    0.000
369.594; 1649.225;  125.050;    0.000
369.656; 1705.225;  153.050;    0.000
369.717; 1661.225;  124.050;    0.000
369.778; 1760.225;  163.050;    0.000
369.839; 1687.225;  130.050;    0.000
369.900; 1769.225;  170.050;    0.000
369.961; 1727.225;  142.050;    0.000
370.023; 1699.225;  197.050;    0.000
370.084; 1695.225;  151.050;    0.000
370.145; 1738.225;  128.050;    0.000
370.206; 1683.225;  152.050;    0.000
370.267; 1760.225;  154.050;    0.000
370.328; 1748.225;  154.050;    0.000
370.389; 1752.225;  173.050;    0.000
370.451; 1710.225;  191.050;    0.000
370.512; 1732.225;  155.050;    0.000
370.573; 1759.225;  134.050;    0.000
370.634; 1677.225;  160.050;    0.000
370.695; 1769.225;  124.050;    0.000
370.756; 1732.225;  169.050;    0.000
370.817; 1743.225;  169.050;    0.000
370.878; 1804.225;  200.050;    0.000
370.939; 1697.225;  157.050;    0.000
371.000; 1759.225;  131.050;    0.000
371.061; 1793.225;  136.050;    0.000
371.122; 1764.225;  176.050;    0.000
371.183; 1703.225;   81.050;    0.000
371.244; 1817.225;  156.050;    0.000
371.305; 1762.225;  131.050;    0.000
371.366; 1801.225;  161.050;    0.000
371.427; 1719.225;  127.050;    0.000
371.488; 1740.225;  184.050;    0.000
371.549; 1825.225;  159.050;    0.000
371.610; 1738.225;  147.050;    0.000
371.671; 1767.225;  132.050;    0.000
371.732; 1798.225;  163.050;    0.000
371.793; 1799.225;  179.050;    0.000
371.853; 1729.225;  179.050;    0.000
371.914; 1802.225;  149.050;    0.000
371.975; 1702.225;  117.050;    0.000
372.036; 1828.225;  141.050;    0.000
372.097; 1738.225;  101.050;    0.000
372.158; 1795.225;  115.050;    0.000
372.219; 1812.225;  174.050;    0.000
372.280; 1728.225;  134.050;    0.000
372.340; 1773.225;  180.050;    0.000
372.401; 1788.225;  166.050;    0.000
372.462; 1728.225;  171.050;    0.000
372.523; 1733.225;  132.050;    0.000
372.584; 1833.225;  182.050;    0.000
372.645; 1827.225;  149.050;    0.000
372.705; 1831.225;  182.050;    0.000
372.766; 1787.225;  145.050;    0.000
372.827; 1839.225;  161.050;    0.000
372.888; 1749.225;  156.050;    0.000
372.948; 1828.225;  158.050;    0.000
373.009; 1814.225;  178.050;    0.000
373.070; 1806.225;  166.050;    0.000
373.131; 1824.225;  154.050;    0.000
373.191; 1839.225;  193.050;    0.000
373.252; 1785.225;  148.050;    0.000
373.313; 1772.225;  152.050;    0.000
373.373; 1804.225;  156.050;    0.000
373.434; 1865.225;  166.050;    0.000
373.495; 1820.225;  152.050;    0.000
373.555; 1821.225;  145.050;    0.000
373.616; 1863.225;  141.050;    0.000
373.677; 1811.225;  169.050;    0.000
373.737; 1821.225;  166.050;    0.000
373.798; 1849.225;  151.050;    0.000
373.859; 1825.225;  170.050;    0.000
373.919; 1844.225;  206.050;    0.000
373.980; 1850.225;  140.050;    0.000
374.041; 1787.225;  148.050;    0.000
374.101; 1863.225;  165.050;    0.000
374.162; 1913.225;  166.050;    0.000
374.222; 1763.225;  156.050;    0.000
374.283; 1982.225;  161.050;    0.000
374.343; 1808.225;  185.050;    0.000
374.404; 1886.225;  148.050;    0.000
374.465; 1857.225;  162.050;    0.000
374.525; 1984.225;  177.050;    0.000
374.586; 1894.225;  164.050;    0.000
374.646; 1957.225;  180.050;    0.000
374.707; 1950.225;  203.050;    0.000
374.767; 1925.225;  148.050;    0.000
374.828; 1885.225;  142.050;    0.000
374.888; 1952.225;  187.050;    0.000
374.949; 2043.225;  137.050;    0.000
375.009; 1994.225;  155.050;    0.000
375.070; 1913.225;  165.050;    0.000
375.130; 1923.225;  168.050;    0.000
375.190; 1935.225;  157.050;    0.000
375.251; 1960.225;  206.050;    0.000
375.311; 1938.225;  141.050;    0.000
375.372; 1919.225;  144.050;    0.000
375.432; 1950.225;  153.050;    0.000
375.493; 1946.225;  168.050;    0.000
375.553; 1929.225;  146.050;    0.000
375.613; 1860.225;  142.050;    0.000
375.674; 1936.225;  153.050;    0.000
375.734; 1888.225;  166.050;    0.000
375.794; 1862.225;  145.050;    0.000
375.855; 1917.225;  162.050;    0.000
375.915; 1909.225;  162.050;    0.000
375.975; 1861.225;  144.050;    0.000
376.036; 1883.225;  128.050;    0.000
376.096; 1874.225;  122.050;    0.000
376.156; 1917.225;  140.050;    0.000
376.217; 1915.225;  158.050;    0.000
376.277; 1943.225;  163.050;    0.000
376.337; 1878.225;  139.050;    0.000
376.398; 1880.225;  176.050;    0.000
376.458; 1937.225;  143.050;    0.000
376.518; 1848.225;  136.050;    0.000
376.578; 1844.225;  177.050;    0.000
376.639; 1952.225;  163.050;    0.000
376.699; 1881.225;  183.050;    0.000
376.759; 1867.225;  169.050;    0.000
376.819; 1921.225;  147.050;    0.000
376.880; 1843.225;  188.050;    0.000
376.940; 1951.225;  185.050;    0.000
377.000; 1911.225;  131.050;    0.000
377.060; 1948.225;  182.050;    0.000
377.120; 1991.225;  165.050;    0.000
377.180; 1932.225;  169.050;    0.000
377.241; 1884.225;  146.050;    0.000
377.301; 1910.225;  183.050;    0.000
377.361; 1899.225;  124.050;    0.000
377.421; 1950.225;  186.050;    0.000
377.481; 1985.225;  178.050;    0.000
377.541; 1925.225;  140.050;    0.000
377.601; 2024.225;  175.050;    0.000
377.661; 1938.225;  169.050;    0.000
377.722; 2042.225;  144.050;    0.000
377.782; 1959.225;  182.050;    0.000
377.842; 1975.225;  161.050;    0.000
377.902; 1941.225;  151.050;    0.000
377.962; 1964.225;  134.050;    0.000
378.022; 2060.225;  153.050;    0.000
378.082; 1998.225;  178.050;    0.000
378.142; 1992.225;  118.050;    0.000
378.202; 1995.225;  153.050;    0.000
378.262; 1997.225;  166.050;    0.000
378.322; 1939.225;  174.050;    0.000
378.382; 2074.225;  148.050;    0.000
378.442; 2005.225;  190.050;    0.000
378.502; 2054.225;  136.050;    0.000
378.562; 2089.225;  130.050;    0.000
378.622; 2068.225;  188.050;    0.000
378.682; 2110.225;  163.050;    0.000
378.742; 2011.225;  150.050;    0.000
378.802; 2094.225;  127.050;    0.000
378.862; 2071.225;  186.050;    0.000
378.921; 2039.225;  203.050;    0.000
378.981; 2170.225;  177.050;    0.000
379.041; 2138.225;  134.050;    0.000
379.101; 2074.225;  167.050;    0.000
379.161; 2100.225;  130.050;    0.000
379.221; 2090.225;  169.050;    0.000
379.281; 2082.225;  162.050;    0.000
379.341; 2058.225;  134.050;    0.000
379.401; 2142.225;  151.050;    0.000
379.460; 2157.225;  190.050;    0.000
379.520; 2134.225;  158.050;    0.000
379.580; 2126.225;  162.050;    0.000
379.640; 2158.225;  146.050;    0.000
379.700; 2160.225;  167.050;    0.000
379.759; 2233.225;  194.050;    0.000
379.819; 2148.225;  176.050;    0.000
379.879; 2206.225;  140.050;    0.000
379.939; 2268.225;  184.050;    0.000
379.999; 2229.225;  165.050;    0.000
380.058; 2203.225;  194.050;    0.000
380.118; 2127.225;  137.050;    0.000
380.178; 2196.225;  139.050;    0.000
380.237; 2189.225;  139.050;    0.000
380.297; 2177.225;  160.050;    0.000
380.357; 2252.225;  194.050;    0.000
380.417; 2196.225;  174.050;    0.000
380.476; 2191.225;  153.050;    0.000
380.536; 2237.225;  169.050;    0.000
380.596; 2233.225;  159.050;    0.000
380.655; 2283.225;  178.050;    0.000
380.715; 2225.225;  196.050;    0.000
380.775; 2254.225;  202.050;    0.000
380.834; 2309.225;  186.050;    0.000
380.894; 2313.225;  167.050;    0.000
380.954; 2222.225;  150.050;    0.000
381.013; 2255.225;  187.050;    0.000
381.073; 2278.225;  114.050;    0.000
381.132; 2235.225;  176.050;    0.000
381.192; 2319.225;  197.050;    0.000
381.252; 2272.225;  172.050;    0.000
381.311; 2336.225;  155.050;    0.000
381.371; 2376.225;  172.050;    0.000
381.430; 2366.225;  143.050;    0.000
381.490; 2408.225;  136.050;    0.000
381.549; 2359.225;  131.050;    0.000
381.609; 2339.225;  203.050;    0.000
381.668; 2349.225;  135.050;    0.000
381.728; 2360.225;  163.050;    0.000
381.787; 2475.225;  195.050;    0.000
381.847; 2484.225;  185.050;    0.000
381.906; 2436.225;  187.050;    0.000
381.966; 2489.225;  153.050;    0.000
382.025; 2537.225;  175.050;    0.000
382.085; 2634.225;  195.050;    0.000
382.144; 2571.225;  210.050;    0.000
382.204; 2665.225;  201.050;    0.000
382.263; 2621.225;  178.050;    0.000
382.323; 2595.225;  151.050;    0.000
382.382; 2642.225;  147.050;    0.000
382.441; 2700.225;  144.050;    0.000
382.501; 2853.225;  156.050;    0.000
382.560; 2855.225;  160.050;    0.000
382.619; 2934.225;  173.050;    0.000
382.679; 3086.225;  167.050;    0.000
382.738; 3183.225;  189.050;    0.000
382.798; 3401.225;  181.050;    0.000
382.857; 3714.225;  161.050;    0.000
382.916; 4012.225;  162.050;    0.000
382.976; 4092.225;  169.050;    0.000
383.035; 3894.225;  174.050;    0.000
383.094; 4025.225;  178.050;    0.000
383.154; 4564.225;  188.050;    0.000
383.213; 5253.225;  162.050;    0.000
383.272; 5043.225;  144.050;    0.000
383.331; 4144.225;  144.050;    0.000
383.391; 3679.225;  198.050;    0.000
383.450; 3783.225;  185.050;    0.000
383.509; 3725.225;  132.050;    0.000
383.568; 3910.225;  171.050;    0.000
383.628; 4049.225;  171.050;    0.000
383.687; 4470.225;  172.050;    0.000
383.746; 5136.225;  144.050;    0.000
383.805; 6291.225;  177.050;    0.000
383.864; 5912.225;  145.050;    0.000
383.924; 4483.225;  203.050;    0.000
383.983; 3738.225;  153.050;    0.000
384.042; 3469.225;  171.050;    0.000
384.101; 3246.225;  186.050;    0.000
384.160; 3049.225;  132.050;    0.000
384.219; 2994.225;  157.050;    0.000
384.279; 2956.225;  166.050;    0.000
384.338; 2873.225;  141.050;    0.000
384.397; 2792.225;  142.050;    0.000
384.456; 2705.225;  155.050;    0.000
384.515; 2702.225;  158.050;    0.000
384.574; 2651.225;  208.050;    0.000
384.633; 2713.225;  158.050;    0.000
384.692; 2739.225;  162.050;    0.000
384.751; 2677.225;  179.050;    0.000
384.810; 2680.225;  150.050;    0.000
384.869; 2620.225;  147.050;    0.000
384.929; 2611.225;  132.050;    0.000
384.988; 2638.225;  166.050;    0.000
385.047; 2659.225;  161.050;    0.000
385.106; 2567.225;  180.050;    0.000
385.165; 2711.225;  123.050;    0.000
385.224; 2658.225;  153.050;    0.000
385.283; 2676.225;  158.050;    0.000
385.342; 2576.225;  184.050;    0.000
385.401; 2708.225;  191.050;    0.000
385.459; 2606.225;  143.050;    0.000
385.518; 2602.225;  152.050;    0.000
385.577; 2611.225;  134.050;    0.000
385.636; 2629.225;  187.050;    0.000
385.695; 2639.225;  141.050;    0.000
385.754; 2592.225;  143.050;    0.000
385.813; 2526.225;  145.050;    0.000
385.872; 2566.225;  116.050;    0.000
385.931; 2661.225;  147.050;    0.000
385.990; 2716.225;  170.050;    0.000
386.049; 2683.225;  189.050;    0.000
386.107; 2616.225;  122.050;    0.000
386.166; 2534.225;  155.050;    0.000
386.225; 2591.225;  173.050;    0.000
386.284; 2587.225;  138.050;    0.000
386.343; 2678.225;  216.050;    0.000
386.402; 2621.225;  162.050;    0.000
386.460; 2604.225;  131.050;    0.000
386.519; 2516.225;  122.050;    0.000
386.578; 2642.225;  140.050;    0.000
386.637; 2634.225;  169.050;    0.000
386.696; 2647.225;  176.050;    0.000
386.754; 2627.225;  127.050;    0.000
386.813; 2547.225;  138.050;    0.000
386.872; 2502.225;  135.050;    0.000
386.931; 2574.225;  170.050;    0.000
386.989; 2648.225;  167.050;    0.000
387.048; 2646.225;  131.050;    0.000
387.107; 2554.225;  176.050;    0.000
387.165; 2516.225;  139.050;    0.000
387.224; 2540.225;  150.050;    0.000
387.283; 2539.225;  169.050;    0.000
387.342; 2680.225;  191.050;    0.000
387.400; 2576.225;  131.050;    0.000
387.459; 2595.225;  139.050;    0.000
387.517; 2617.225;  214.050;    0.000
387.576; 2574.225;  146.050;    0.000
387.635; 2565.225;  161.050;    0.000
387.693; 2567.225;  197.050;    0.000
387.752; 2590.225;  159.050;    0.000
387.811; 2563.225;  144.050;    0.000
387.869; 2562.225;  172.050;    0.000
387.928; 2567.225;  160.050;    0.000
387.986; 2546.225;  192.050;    0.000
388.045; 2556.225;  121.050;    0.000
388.103; 2492.225;  129.050;    0.000
388.162; 2604.225;  169.050;    0.000
388.221; 2560.225;  171.050;    0.000
388.279; 2598.225;  135.050;    0.000
388.338; 2537.225;  222.050;    0.000
388.396; 2465.225;  168.050;    0.000
388.455; 2589.225;  178.050;    0.000
388.513; 2535.225;  151.050;    0.000
388.572; 2552.225;  147.050;    0.000
388.630; 2529.225;  158.050;    0.000
388.689; 2513.225;  163.050;    0.000
388.747; 2509.225;  180.050;    0.000
388.806; 2512.225;  119.050;    0.000
388.864; 2519.225;  159.050;    0.000
388.922; 2659.225;  152.050;    0.000
388.981; 2455.225;  125.050;    0.000
389.039; 2461.225;  151.050;    0.000
389.098; 2535.225;  151.050;    0.000
389.156; 2592.225;  175.050;    0.000
389.214; 2564.225;  133.050;    0.000
389.273; 2580.225;  142.050;    0.000
389.331; 2535.225;  179.050;    0.000
389.390; 2610.225;  179.050;    0.000
389.448; 2519.225;  159.050;    0.000
389.506; 2505.225;  140.050;    0.000
389.565; 2611.225;  160.050;    0.000
389.623; 2604.225;  181.050;    0.000
389.681; 2516.225;  181.050;    0.000
389.740; 2598.225;  187.050;    0.000
389.798; 2527.225;  163.050;    0.000
389.856; 2584.225;  185.050;    0.000
389.914; 2637.225;  170.050;    0.000
389.973; 2571.225;  150.050;    0.000
390.031; 2572.225;  149.050;    0.000
390.089; 2600.225;  191.050;    0.000
390.147; 2547.225;  126.050;    0.000
390.206; 2531.225;  174.050;    0.000
390.264; 2582.225;  164.050;    0.000
390.322; 2567.225;  150.050;    0.000
390.380; 2485.225;  137.050;    0.000
390.439; 2506.225;  176.050;    0.000
390.497; 2576.225;  188.050;    0.000
390.555; 2506.225;  143.050;    0.000
390.613; 2586.225;  174.050;    0.000
390.671; 2583.225;  208.050;    0.000
390.729; 2494.225;  135.050;    0.000
390.788; 2595.225;  169.050;    0.000
390.846; 2512.225;  173.050;    0.000
390.904; 2602.225;  176.050;    0.000
390.962; 2656.225;  179.050;    0.000
391.020; 2640.225;  201.050;    0.000
391.078; 2622.225;  192.050;    0.000
391.136; 2657.225;  170.050;    0.000
391.194; 2578.225;  163.050;    0.000
391.253; 2657.225;  203.050;    0.000
391.311; 2661.225;  170.050;    0.000
391.369; 2604.225;  191.050;    0.000
391.427; 2817.225;  226.050;    0.000
391.485; 2746.225;  181.050;    0.000
391.543; 2675.225;  177.050;    0.000
391.601; 2617.225;  150.050;    0.000
391.659; 2683.225;  201.050;    0.000
391.717; 2685.225;  166.050;    0.000
391.775; 2678.225;  200.050;    0.000
391.833; 2666.225;  180.050;    0.000
391.891; 2777.225;  172.050;    0.000
391.949; 2630.225;  174.050;    0.000
392.007; 2725.225;  194.050;    0.000
392.065; 2752.225;  161.050;    0.000
392.123; 2678.225;  159.050;    0.000
392.180; 2753.225;  193.050;    0.000
392.238; 2682.225;  188.050;    0.000
392.296; 2741.225;  206.050;    0.000
392.354; 2657.225;  170.050;    0.000
392.412; 2664.225;  207.050;    0.000
392.470; 2675.225;  168.050;    0.000
392.528; 2694.225;  185.050;    0.000
392.586; 2649.225;  154.050;    0.000
392.644; 2787.225;  190.050;    0.000
392.701; 2809.225;  195.050;    0.000
392.759; 2730.225;  229.050;    0.000
392.817; 2706.225;  176.050;    0.000
392.875; 2709.225;  198.050;    0.000
392.933; 2680.225;  174.050;    0.000
392.991; 2779.225;  237.050;    0.000
393.048; 2722.225;  212.050;    0.000
393.106; 2744.225;  191.050;    0.000
393.164; 2873.225;  136.050;    0.000
393.222; 2793.225;  164.050;    0.000
393.279; 2882.225;  208.050;    0.000
393.337; 3008.225;  203.050;    0.000
393.395; 3169.225;  191.050;    0.000
393.453; 2897.225;  153.050;    0.000
393.510; 2919.225;  171.050;    0.000
393.568; 2782.225;  203.050;    0.000
393.626; 2829.225;  169.050;    0.000
393.684; 2791.225;  201.050;    0.000
393.741; 2791.225;  172.050;    0.000
393.799; 2842.225;  149.050;    0.000
393.857; 2840.225;  151.050;    0.000
393.914; 2733.225;  192.050;    0.000
393.972; 2714.225;  176.050;    0.000
394.030; 2810.225;  165.050;    0.000
394.087; 2820.225;  192.050;    0.000
394.145; 2781.225;  183.050;    0.000
394.202; 2819.225;  161.050;    0.000
394.260; 2820.225;  135.050;    0.000
394.318; 2794.225;  188.050;    0.000
394.375; 2849.225;  163.050;    0.000
394.433; 2739.225;  151.050;    0.000
394.490; 2782.225;  190.050;    0.000
394.548; 2827.225;  157.050;    0.000
394.605; 2940.225;  205.050;    0.000
394.663; 2949.225;  173.050;    0.000
394.720; 2822.225;  171.050;    0.000
394.778; 2818.225;  190.050;    0.000
394.836; 2886.225;  134.050;    0.000
394.893; 2769.225;  142.050;    0.000
394.951; 2957.225;  192.050;    0.000
395.008; 2928.225;  149.050;    0.000
395.065; 2862.225;  194.050;    0.000
395.123; 2922.225;  160.050;    0.000
395.180; 2915.225;  178.050;    0.000
395.238; 2977.225;  191.050;    0.000
395.295; 2935.225;  160.050;    0.000
395.353; 2960.225;  162.050;    0.000
395.410; 2986.225;  165.050;    0.000
395.468; 2980.225;  190.050;    0.000
395.525; 3053.225;  173.050;    0.000
395.582; 3030.225;  161.050;    0.000
395.640; 2995.225;  200.050;    0.000
395.697; 2950.225;  198.050;    0.000
395.754; 3005.225;  136.050;    0.000
395.812; 2955.225;  172.050;    0.000
395.869; 2990.225;  172.050;    0.000
395.927; 2982.225;  145.050;    0.000
395.984; 2900.225;  220.050;    0.000
396.041; 2999.225;  137.050;    0.000
396.098; 3058.225;  161.050;    0.000
396.156; 2938.225;  159.050;    0.000
396.213; 3050.225;  200.050;    0.000
396.270; 3031.225;  209.050;    0.000
396.328; 2922.225;  162.050;    0.000
396.385; 2982.225;  186.050;    0.000
396.442; 3006.225;  177.050;    0.000
396.499; 2990.225;  183.050;    0.000
396.557; 2988.225;  182.050;    0.000
396.614; 2994.225;  186.050;    0.000
396.671; 3058.225;  144.050;    0.000
396.728; 3078.225;  176.050;    0.000
396.785; 3012.225;  169.050;    0.000
396.843; 3149.225;  134.050;    0.000
396.900; 3246.225;  184.050;    0.000
396.957; 3114.225;  197.050;    0.000
397.014; 3046.225;  187.050;    0.000
397.071; 3001.225;  186.050;    0.000
397.128; 2993.225;  200.050;    0.000
397.186; 3154.225;  175.050;    0.000
397.243; 3094.225;  154.050;    0.000
397.300; 3184.225;  191.050;    0.000
397.357; 3105.225;  238.050;    0.000
397.414; 3163.225;  161.050;    0.000
397.471; 3124.225;  135.050;    0.000
397.528; 3180.225;  158.050;    0.000
397.585; 3241.225;  159.050;    0.000
397.642; 3173.225;  180.050;    0.000
397.699; 3152.225;  170.050;    0.000
397.756; 3201.225;  175.050;    0.000
397.814; 3139.225;  182.050;    0.000
397.871; 3149.225;  173.050;    0.000
397.928; 3153.225;  173.050;    0.000
397.985; 3139.225;  176.050;    0.000
398.042; 3167.225;  189.050;    0.000
398.099; 3114.225;  160.050;    0.000
398.156; 3205.225;  218.050;    0.000
398.212; 3203.225;  194.050;    0.000
398.269; 3270.225;  199.050;    0.000
398.326; 3266.225;  188.050;    0.000
398.383; 3158.225;  187.050;    0.000
398.440; 3217.225;  174.050;    0.000
398.497; 3258.225;  214.050;    0.000
398.554; 3308.225;  181.050;    0.000
398.611; 3294.225;  195.050;    0.000
398.668; 3304.225;  145.050;    0.000
398.725; 3341.225;  178.050;    0.000
398.782; 3360.225;  210.050;    0.000
398.839; 3531.225;  216.050;    0.000
398.895; 3328.225;  189.050;    0.000
398.952; 3493.225;  206.050;    0.000
399.009; 3477.225;  142.050;    0.000
399.066; 3575.225;  192.050;    0.000
399.123; 3456.225;  181.050;    0.000
399.180; 3629.225;  200.050;    0.000
399.236; 3565.225;  156.050;    0.000
399.293; 3659.225;  194.050;    0.000
399.350; 3762.225;  167.050;    0.000
399.407; 3915.225;  192.050;    0.000
399.463; 3865.225;  161.050;    0.000
399.520; 3953.225;  149.050;    0.000
399.577; 3886.225;  156.050;    0.000
399.634; 4008.225;  195.050;    0.000
399.690; 3918.225;  163.050;    0.000
399.747; 4045.225;  192.050;    0.000
399.804; 3911.225;  212.050;    0.000
399.861; 3874.225;  203.050;    0.000
399.917; 3823.225;  221.050;    0.000
399.974; 3784.225;  221.050;    0.000
400.031; 3859.225;  195.050;    0.000
400.087; 3778.225;  159.050;    0.000
400.144; 3800.225;  201.050;    0.000
400.201; 3692.225;  206.050;    0.000
400.257; 3735.225;  168.050;    0.000
400.314; 3634.225;  183.050;    0.000
400.370; 3704.225;  209.050;    0.000
400.427; 3753.225;  192.050;    0.000
400.484; 3719.225;  150.050;    0.000
400.540; 3558.225;  213.050;    0.000
400.597; 3670.225;  161.050;    0.000
400.653; 3587.225;  170.050;    0.000
400.710; 3523.225;  173.050;    0.000
400.766; 3578.225;  204.050;    0.000
400.823; 3544.225;  194.050;    0.000
400.879; 3500.225;  188.050;    0.000
400.936; 3574.225;  172.050;    0.000
400.993; 3494.225;  154.050;    0.000
401.049; 3566.225;  157.050;    0.000
401.105; 3553.225;  214.050;    0.000
401.162; 3543.225;  195.050;    0.000
401.218; 3506.225;  195.050;    0.000
401.275; 3448.225;  182.050;    0.000
401.331; 3532.225;  188.050;    0.000
401.388; 3457.225;  194.050;    0.000
401.444; 3570.225;  175.050;    0.000
401.501; 3604.225;  169.050;    0.000
401.557; 3539.225;  176.050;    0.000
401.614; 3517.225;  153.050;    0.000
401.670; 3455.225;  178.050;    0.000
401.726; 3552.225;  179.050;    0.000
401.783; 3603.225;  198.050;    0.000
401.839; 3494.225;  179.050;    0.000
401.895; 3581.225;  154.050;    0.000
401.952; 3536.225;  138.050;    0.000
402.008; 3553.225;  135.050;    0.000
402.064; 3466.225;  154.050;    0.000
402.121; 3562.225;  199.050;    0.000
402.177; 3509.225;  126.050;    0.000
402.233; 3531.225;  190.050;    0.000
402.290; 3587.225;  175.050;    0.000
402.346; 3538.225;  200.050;    0.000
402.402; 3500.225;  191.050;    0.000
402.458; 3565.225;  172.050;    0.000
402.515; 3444.225;  186.050;    0.000
402.571; 3634.225;  189.050;    0.000
402.627; 3594.225;  151.050;    0.000
402.683; 3591.225;  187.050;    0.000
402.740; 3545.225;  147.050;    0.000
402.796; 3583.225;  176.050;    0.000
402.852; 3666.225;  200.050;    0.000
402.908; 3618.225;  201.050;    0.000
402.964; 3602.225;  153.050;    0.000
403.021; 3579.225;  165.050;    0.000
403.077; 3640.225;  195.050;    0.000
403.133; 3636.225;  139.050;    0.000
403.189; 3698.225;  166.050;    0.000
403.245; 3646.225;  194.050;    0.000
403.301; 3854.225;  210.050;    0.000
403.357; 3647.225;  187.050;    0.000
403.414; 3777.225;  195.050;    0.000
403.470; 3788.225;  150.050;    0.000
403.526; 3788.225;  158.050;    0.000
403.582; 3758.225;  184.050;    0.000
403.638; 3746.225;  171.050;    0.000
403.694; 3735.225;  197.050;    0.000
403.750; 3695.225;  196.050;    0.000
403.806; 3835.225;  192.050;    0.000
403.862; 3802.225;  169.050;    0.000
403.918; 3882.225;  199.050;    0.000
403.974; 3778.225;  156.050;    0.000
404.030; 3788.225;  193.050;    0.000
404.086; 3776.225;  161.050;    0.000
404.142; 3870.225;  172.050;    0.000
404.198; 3792.225;  195.050;    0.000
404.254; 3752.225;  167.050;    0.000
404.310; 3783.225;  156.050;    0.000
404.366; 3803.225;  144.050;    0.000
404.422; 3840.225;  161.050;    0.000
404.478; 3807.225;  179.050;    0.000
404.534; 3839.225;  163.050;    0.000
404.590; 3796.225;  183.050;    0.000
404.646; 3854.225;  155.050;    0.000
404.701; 3807.225;  142.050;    0.000
404.757; 3922.225;  175.050;    0.000
404.813; 3734.225;  153.050;    0.000
404.869; 3799.225;  199.050;    0.000
404.925; 3854.225;  153.050;    0.000
404.981; 3856.225;  174.050;    0.000
405.037; 3812.225;  185.050;    0.000
405.092; 3796.225;  166.050;    0.000
405.148; 3888.225;  161.050;    0.000
405.204; 3812.225;  170.050;    0.000
405.260; 3811.225;  154.050;    0.000
405.316; 3803.225;  128.050;    0.000
405.371; 3725.225;  142.050;    0.000
405.427; 3817.225;  196.050;    0.000
405.483; 3881.225;  172.050;    0.000
405.539; 3792.225;  182.050;    0.000
405.594; 3970.225;  153.050;    0.000
405.650; 3849.225;  124.050;    0.000
405.706; 3921.225;  189.050;    0.000
405.761; 3877.225;  165.050;    0.000
405.817; 3793.225;  152.050;    0.000
405.873; 3880.225;  174.050;    0.000
405.928; 3833.225;  167.050;    0.000
405.984; 3947.225;  210.050;    0.000
406.040; 3881.225;  160.050;    0.000
406.095; 3941.225;  163.050;    0.000
406.151; 3897.225;  208.050;    0.000
406.207; 3879.225;  177.050;    0.000
406.262; 3946.225;  176.050;    0.000
406.318; 4003.225;  157.050;    0.000
406.374; 3977.225;  141.050;    0.000
406.429; 3981.225;  189.050;    0.000
406.485; 4058.225;  190.050;    0.000
406.540; 4086.225;  155.050;    0.000
406.596; 4028.225;  182.050;    0.000
406.651; 4055.225;  200.050;    0.000
406.707; 4083.225;  130.050;    0.000
406.763; 4028.225;  174.050;    0.000
406.818; 4094.225;  151.050;    0.000
406.874; 4049.225;  122.050;    0.000
406.929; 4304.225;  153.050;    0.000
406.985; 4282.225;  198.050;    0.000
407.040; 4249.225;  174.050;    0.000
407.095; 4328.225;  161.050;    0.000
407.151; 4393.225;  184.050;    0.000
407.206; 4315.225;  188.050;    0.000
407.262; 4344.225;  180.050;    0.000
407.317; 4381.225;  186.050;    0.000
407.373; 4407.225;  200.050;    0.000
407.428; 4479.225;  211.050;    0.000
407.484; 4422.225;  193.050;    0.000
407.539; 4403.225;  167.050;    0.000
407.594; 4395.225;  178.050;    0.000
407.650; 4438.225;  171.050;    0.000
407.705; 4472.225;  153.050;    0.000
407.760; 4418.225;  196.050;    0.000
407.816; 4468.225;  205.050;    0.000
407.871; 4408.225;  232.050;    0.000
407.926; 4312.225;  215.050;    0.000
407.982; 4389.225;  154.050;    0.000
408.037; 4336.225;  217.050;    0.000
408.092; 4299.225;  190.050;    0.000
408.148; 4305.225;  181.050;    0.000
408.203; 4317.225;  203.050;    0.000
408.258; 4293.225;  154.050;    0.000
408.314; 4221.225;  198.050;    0.000
408.369; 4282.225;  156.050;    0.000
408.424; 4371.225;  216.050;    0.000
408.479; 4297.225;  191.050;    0.000
408.534; 4157.225;  200.050;    0.000
408.590; 4297.225;  182.050;    0.000
408.645; 4334.225;  141.050;    0.000
408.700; 4154.225;  209.050;    0.000
408.755; 4285.225;  205.050;    0.000
408.810; 4185.225;  171.050;    0.000
408.866; 4181.225;  200.050;    0.000
408.921; 4234.225;  188.050;    0.000
408.976; 4068.225;  156.050;    0.000
409.031; 4299.225;  164.050;    0.000
409.086; 4269.225;  155.050;    0.000
409.141; 4155.225;  205.050;    0.000
409.196; 4216.225;  173.050;    0.000
409.252; 4097.225;  179.050;    0.000
409.307; 4186.225;  131.050;    0.000
409.362; 4109.225;  173.050;    0.000
409.417; 4128.225;  120.050;    0.000
409.472; 4199.225;  198.050;    0.000
409.527; 4193.225;  153.050;    0.000
409.582; 4294.225;  177.050;    0.000
409.637; 4183.225;  184.050;    0.000
409.692; 4289.225;  203.050;    0.000
409.747; 4238.225;  158.050;    0.000
409.802; 4151.225;  212.050;    0.000
409.857; 4198.225;  192.050;    0.000
409.912; 4306.225;  179.050;    0.000
409.967; 4293.225;  177.050;    0.000
410.022; 4190.225;  204.050;    0.000
410.077; 4114.225;  175.050;    0.000
410.132; 4150.225;  207.050;    0.000
410.187; 4124.225;  169.050;    0.000
410.242; 4227.225;  186.050;    0.000
410.297; 4138.225;  185.050;    0.000
410.351; 4166.225;  191.050;    0.000
410.406; 4150.225;  215.050;    0.000
410.461; 4285.225;  190.050;    0.000
410.516; 4208.225;  172.050;    0.000
410.571; 4248.225;  190.050;    0.000
410.626; 4192.225;  189.050;    0.000
410.681; 4252.225;  191.050;    0.000
410.736; 4161.225;  166.050;    0.000
410.790; 4131.225;  179.050;    0.000
410.845; 4209.225;  196.050;    0.000
410.900; 4153.225;  168.050;    0.000
410.955; 4185.225;  173.050;    0.000
411.010; 4257.225;  162.050;    0.000
411.064; 4154.225;  205.050;    0.000
411.119; 4069.225;  203.050;    0.000
411.174; 4115.225;  207.050;    0.000
411.229; 4229.225;  218.050;    0.000
411.283; 4293.225;  218.050;    0.000
411.338; 4230.225;  180.050;    0.000
411.393; 4167.225;  191.050;    0.000
411.447; 4224.225;  207.050;    0.000
411.502; 4233.225;  204.050;    0.000
411.557; 4123.225;  208.050;    0.000
411.612; 4260.225;  191.050;    0.000
411.666; 4206.225;  233.050;    0.000
411.721; 4195.225;  193.050;    0.000
411.776; 4363.225;  195.050;    0.000
411.830; 4328.225;  229.050;    0.000
411.885; 4165.225;  181.050;    0.000
411.939; 4184.225;  214.050;    0.000
411.994; 4302.225;  140.050;    0.000
412.049; 4156.225;  205.050;    0.000
412.103; 4193.225;  232.050;    0.000
412.158; 4223.225;  228.050;    0.000
412.212; 4149.225;  204.050;    0.000
412.267; 4274.225;  203.050;    0.000
412.322; 4257.225;  212.050;    0.000
412.376; 4271.225;  195.050;    0.000
412.431; 4170.225;  197.050;    0.000
412.485; 4257.225;  235.050;    0.000
412.540; 4192.225;  197.050;    0.000
412.594; 4207.225;  199.050;    0.000
412.649; 4192.225;  195.050;    0.000
412.703; 4238.225;  214.050;    0.000
412.758; 4173.225;  213.050;    0.000
412.812; 4053.225;  154.050;    0.000
412.866; 4158.225;  159.050;    0.000
412.921; 4253.225;  207.050;    0.000
412.975; 4130.225;  194.050;    0.000
413.030; 4183.225;  214.050;    0.000
413.084; 4067.225;  174.050;    0.000
413.139; 4106.225;  211.050;    0.000
413.193; 4255.225;  223.050;    0.000
413.247; 4160.225;  198.050;    0.000
413.302; 4148.225;  184.050;    0.000
413.356; 4096.225;  194.050;    0.000
413.410; 4180.225;  219.050;    0.000
413.465; 4118.225;  209.050;    0.000
413.519; 4111.225;  178.050;    0.000
413.573; 4151.225;  189.050;    0.000
413.628; 4201.225;  184.050;    0.000
413.682; 4117.225;  189.050;    0.000
413.736; 4110.225;  196.050;    0.000
413.791; 4208.225;  208.050;    0.000
413.845; 4144.225;  206.050;    0.000
413.899; 4151.225;  193.050;    0.000
413.953; 3971.225;  176.050;    0.000
414.008; 4180.225;  163.050;    0.000
414.062; 4073.225;  195.050;    0.000
414.116; 4209.225;  176.050;    0.000
414.170; 4130.225;  218.050;    0.000
414.225; 4056.225;  183.050;    0.000
414.279; 4171.225;  191.050;    0.000
414.333; 4213.225;  215.050;    0.000
414.387; 4133.225;  187.050;    0.000
414.441; 4162.225;  182.050;    0.000
414.496; 4143.225;  205.050;    0.000
414.550; 4090.225;  203.050;    0.000
414.604; 4257.225;  223.050;    0.000
414.658; 4183.225;  159.050;    0.000
414.712; 4214.225;  194.050;    0.000
414.766; 4258.225;  232.050;    0.000
414.820; 4074.225;  235.050;    0.000
414.874; 4115.225;  169.050;    0.000
414.928; 4080.225;  207.050;    0.000
414.982; 4108.225;  174.050;    0.000
415.037; 4140.225;  173.050;    0.000
415.091; 4220.225;  219.050;    0.000
415.145; 4122.225;  174.050;    0.000
415.199; 4165.225;  207.050;    0.000
415.253; 4183.225;  228.050;    0.000
415.307; 4195.225;  182.050;    0.000
415.361; 4179.225;  219.050;    0.000
415.415; 4176.225;  218.050;    0.000
415.469; 4223.225;  233.050;    0.000
415.523; 4258.225;  203.050;    0.000
415.577; 4044.225;  186.050;    0.000
415.631; 4128.225;  215.050;    0.000
415.684; 4123.225;  212.050;    0.000
415.738; 4126.225;  206.050;    0.000
415.792; 4162.225;  219.050;    0.000
415.846; 4221.225;  208.050;    0.000
415.900; 4201.225;  203.050;    0.000
415.954; 4122.225;  237.050;    0.000
416.008; 4172.225;  242.050;    0.000
416.062; 4096.225;  197.050;    0.000
416.116; 4123.225;  189.050;    0.000
416.169; 4199.225;  199.050;    0.000
416.223; 4190.225;  230.050;    0.000
416.277; 4029.225;  226.050;    0.000
416.331; 4103.225;  254.050;    0.000
416.385; 4144.225;  204.050;    0.000
416.439; 4130.225;  201.050;    0.000
416.492; 4116.225;  238.050;    0.000
416.546; 4099.225;  234.050;    0.000
416.600; 4066.225;  244.050;    0.000
416.654; 4125.225;  233.050;    0.000
416.707; 4168.225;  214.050;    0.000
416.761; 4133.225;  214.050;    0.000
416.815; 4138.225;  192.050;    0.000
416.869; 4072.225;  225.050;    0.000
416.922; 4147.225;  214.050;    0.000
416.976; 4015.225;  206.050;    0.000
417.030; 4115.225;  226.050;    0.000
417.083; 4010.225;  207.050;    0.000
417.137; 4125.225;  236.050;    0.000
417.191; 4048.225;  208.050;    0.000
417.244; 4164.225;  260.050;    0.000
417.298; 4068.225;  222.050;    0.000
417.352; 4054.225;  191.050;    0.000
417.405; 4203.225;  229.050;    0.000
417.459; 4171.225;  249.050;    0.000
417.512; 4137.225;  259.050;    0.000
417.566; 4091.225;  220.050;    0.000
417.620; 3982.225;  229.050;    0.000
417.673; 4118.225;  190.050;    0.000
417.727; 4034.225;  204.050;    0.000
417.780; 4049.225;  223.050;    0.000
417.834; 4032.225;  213.050;    0.000
417.887; 4114.225;  238.050;    0.000
417.941; 4070.225;  244.050;    0.000
417.994; 4130.225;  247.050;    0.000
418.048; 4141.225;  225.050;    0.000
418.101; 3999.225;  210.050;    0.000
418.155; 4224.225;  224.050;    0.000
418.208; 4222.225;  229.050;    0.000
418.262; 4152.225;  255.050;    0.000
418.315; 3995.225;  248.050;    0.000
418.369; 4210.225;  212.050;    0.000
418.422; 4075.225;  241.050;    0.000
418.476; 4148.225;  220.050;    0.000
418.529; 4131.225;  257.050;    0.000
418.582; 4194.225;  203.050;    0.000
418.636; 4198.225;  221.050;    0.000
418.689; 4210.225;  202.050;    0.000
418.743; 4153.225;  227.050;    0.000
418.796; 4148.225;  226.050;    0.000
418.849; 4226.225;  199.050;    0.000
418.903; 4144.225;  234.050;    0.000
418.956; 4206.225;  236.050;    0.000
419.009; 4143.225;  305.050;    0.000
419.063; 4125.225;  216.050;    0.000
419.116; 4130.225;  245.050;    0.000
419.169; 4171.225;  208.050;    0.000
419.222; 4118.225;  233.050;    0.000
419.276; 4212.225;  244.050;    0.000
419.329; 4079.225;  197.050;    0.000
419.382; 4030.225;  222.050;    0.000
419.435; 4142.225;  199.050;    0.000
419.489; 4090.225;  226.050;    0.000
419.542; 3941.225;  223.050;    0.000
419.595; 3978.225;  204.050;    0.000
419.648; 4086.225;  234.050;    0.000
419.701; 3984.225;  211.050;    0.000
419.755; 4012.225;  184.050;    0.000
419.808; 3959.225;  223.050;    0.000
419.861; 3992.225;  197.050;    0.000
419.914; 4014.225;  258.050;    0.000
419.967; 4011.225;  205.050;    0.000
420.020; 3977.225;  195.050;    0.000
420.073; 4044.225;  191.050;    0.000
420.127; 3991.225;  256.050;    0.000
420.180; 4088.225;  232.050;    0.000
420.233; 3940.225;  200.050;    0.000
420.286; 4009.225;  207.050;    0.000
420.339; 3981.225;  223.050;    0.000
420.392; 4026.225;  243.050;    0.000
420.445; 3951.225;  195.050;    0.000
420.498; 3969.225;  239.050;    0.000
420.551; 3949.225;  201.050;    0.000
420.604; 3995.225;  245.050;    0.000
420.657; 3876.225;  221.050;    0.000
420.710; 3914.225;  223.050;    0.000
420.763; 3941.225;  241.050;    0.000
420.816; 3837.225;  198.050;    0.000
420.869; 3864.225;  210.050;    0.000
420.922; 3883.225;  206.050;    0.000
420.975; 3976.225;  239.050;    0.000
421.028; 3945.225;  248.050;    0.000
421.081; 3963.225;  236.050;    0.000
421.134; 3901.225;  208.050;    0.000
421.187; 3788.225;  216.050;    0.000
421.239; 3799.225;  199.050;    0.000
421.292; 3889.225;  255.050;    0.000
421.345; 3888.225;  241.050;    0.000
421.398; 3861.225;  221.050;    0.000
421.451; 3879.225;  237.050;    0.000
421.504; 3756.225;  225.050;    0.000
421.557; 3787.225;  213.050;    0.000
421.609; 3927.225;  178.050;    0.000
421.662; 3797.225;  206.050;    0.000
421.715; 3838.225;  212.050;    0.000
421.768; 3893.225;  236.050;    0.000
421.821; 3860.225;  228.050;    0.000
421.873; 3938.225;  200.050;    0.000
421.926; 3759.225;  226.050;    0.000
421.979; 3868.225;  221.050;    0.000
422.032; 3839.225;  219.050;    0.000
422.084; 3883.225;  253.050;    0.000
422.137; 3764.225;  195.050;    0.000
422.190; 3828.225;  192.050;    0.000
422.243; 3869.225;  236.050;    0.000
422.295; 3840.225;  205.050;    0.000
422.348; 3904.225;  198.050;    0.000
422.401; 3841.225;  245.050;    0.000
422.453; 3833.225;  241.050;    0.000
422.506; 3861.225;  255.050;    0.000
422.559; 3811.225;  188.050;    0.000
422.611; 3943.225;  236.050;    0.000
422.664; 4033.225;  218.050;    0.000
422.716; 3995.225;  210.050;    0.000
422.769; 3865.225;  209.050;    0.000
422.822; 3752.225;  213.050;    0.000
422.874; 3768.225;  227.050;    0.000
422.927; 3787.225;  272.050;    0.000
422.979; 3664.225;  204.050;    0.000
423.032; 3809.225;  210.050;    0.000
423.084; 3751.225;  236.050;    0.000
423.137; 3733.225;  223.050;    0.000
423.189; 3776.225;  253.050;    0.000
423.242; 3733.225;  185.050;    0.000
423.294; 3793.225;  232.050;    0.000
423.347; 3826.225;  213.050;    0.000
423.399; 3743.225;  227.050;    0.000
423.452; 3845.225;  236.050;    0.000
423.504; 3825.225;  232.050;    0.000
423.557; 3769.225;  195.050;    0.000
423.609; 3800.225;  238.050;    0.000
423.662; 3732.225;  207.050;    0.000
423.714; 3731.225;  231.050;    0.000
423.766; 3679.225;  211.050;    0.000
423.819; 3753.225;  207.050;    0.000
423.871; 3701.225;  228.050;    0.000
423.923; 3751.225;  223.050;    0.000
423.976; 3776.225;  217.050;    0.000
424.028; 3722.225;  231.050;    0.000
424.081; 3775.225;  219.050;    0.000
424.133; 3661.225;  255.050;    0.000
424.185; 3668.225;  199.050;    0.000
424.238; 3793.225;  238.050;    0.000
424.290; 3648.225;  209.050;    0.000
424.342; 3672.225;  213.050;    0.000
424.394; 3707.225;  215.050;    0.000
424.447; 3737.225;  265.050;    0.000
424.499; 3651.225;  238.050;    0.000
424.551; 3799.225;  256.050;    0.000
424.603; 3717.225;  222.050;    0.000
424.656; 3754.225;  227.050;    0.000
424.708; 3703.225;  250.050;    0.000
424.760; 3684.225;  228.050;    0.000
424.812; 3728.225;  249.050;    0.000
424.864; 3623.225;  222.050;    0.000
424.917; 3606.225;  235.050;    0.000
424.969; 3600.225;  266.050;    0.000
425.021; 3703.225;  233.050;    0.000
425.073; 3581.225;  194.050;    0.000
425.125; 3668.225;  256.050;    0.000
425.177; 3658.225;  225.050;    0.000
425.229; 3593.225;  242.050;    0.000
425.282; 3620.225;  236.050;    0.000
425.334; 3619.225;  250.050;    0.000
425.386; 3803.225;  231.050;    0.000
425.438; 3676.225;  216.050;    0.000
425.490; 3773.225;  240.050;    0.000
425.542; 3503.225;  231.050;    0.000
425.594; 3612.225;  206.050;    0.000
425.646; 3634.225;  201.050;    0.000
425.698; 3517.225;  193.050;    0.000
425.750; 3609.225;  241.050;    0.000
425.802; 3660.225;  199.050;    0.000
425.854; 3569.225;  216.050;    0.000
425.906; 3548.225;  220.050;    0.000
425.958; 3511.225;  200.050;    0.000
426.010; 3525.225;  214.050;    0.000
426.062; 3551.225;  245.050;    0.000
426.114; 3517.225;  241.050;    0.000
426.166; 3593.225;  241.050;    0.000
426.218; 3534.225;  255.050;    0.000
426.270; 3625.225;  228.050;    0.000
426.321; 3564.225;  222.050;    0.000
426.373; 3565.225;  218.050;    0.000
426.425; 3641.225;  258.050;    0.000
426.477; 3492.225;  225.050;    0.000
426.529; 3551.225;  223.050;    0.000
426.581; 3517.225;  198.050;    0.000
426.633; 3491.225;  228.050;    0.000
426.684; 3445.225;  210.050;    0.000
426.736; 3509.225;  208.050;    0.000
426.788; 3514.225;  231.050;    0.000
426.840; 3471.225;  212.050;    0.000
426.892; 3440.225;  221.050;    0.000
426.943; 3355.225;  240.050;    0.000
426.995; 3533.225;  243.050;    0.000
427.047; 3444.225;  231.050;    0.000
427.099; 3510.225;  189.050;    0.000
427.150; 3393.225;  212.050;    0.000
427.202; 3494.225;  219.050;    0.000
427.254; 3407.225;  203.050;    0.000
427.306; 3413.225;  217.050;    0.000
427.357; 3432.225;  232.050;    0.000
427.409; 3509.225;  251.050;    0.000
427.461; 3416.225;  185.050;    0.000
427.512; 3486.225;  239.050;    0.000
427.564; 3485.225;  208.050;    0.000
427.616; 3429.225;  233.050;    0.000
427.667; 3335.225;  223.050;    0.000
427.719; 3329.225;  206.050;    0.000
427.770; 3450.225;  195.050;    0.000
427.822; 3391.225;  223.050;    0.000
427.874; 3449.225;  232.050;    0.000
427.925; 3364.225;  209.050;    0.000
427.977; 3403.225;  208.050;    0.000
428.028; 3404.225;  187.050;    0.000
428.080; 3396.225;  209.050;    0.000
428.131; 3367.225;  237.050;    0.000
428.183; 3329.225;  200.050;    0.000
428.234; 3348.225;  215.050;    0.000
428.286; 3329.225;  229.050;    0.000
428.337; 3323.225;  206.050;    0.000
428.389; 3392.225;  216.050;    0.000
428.440; 3321.225;  287.050;    0.000
428.492; 3279.225;  269.050;    0.000
428.543; 3271.225;  234.050;    0.000
428.595; 3232.225;  214.050;    0.000
428.646; 3319.225;  229.050;    0.000
428.697; 3381.225;  249.050;    0.000
428.749; 3344.225;  250.050;    0.000
428.800; 3364.225;  242.050;    0.000
428.852; 3349.225;  232.050;    0.000
428.903; 3326.225;  196.050;    0.000
428.954; 3349.225;  226.050;    0.000
429.006; 3265.225;  232.050;    0.000
429.057; 3295.225;  188.050;    0.000
429.108; 3285.225;  237.050;    0.000
429.160; 3448.225;  221.050;    0.000
429.211; 3357.225;  222.050;    0.000
429.262; 3257.225;  215.050;    0.000
429.314; 3288.225;  225.050;    0.000
429.365; 3229.225;  220.050;    0.000
429.416; 3383.225;  242.050;    0.000
429.467; 3247.225;  220.050;    0.000
429.519; 3377.225;  217.050;    0.000
429.570; 3245.225;  248.050;    0.000
429.621; 3337.225;  233.050;    0.000
429.672; 3246.225;  220.050;    0.000
429.724; 3216.225;  179.050;    0.000
429.775; 3293.225;  218.050;    0.000
429.826; 3203.225;  197.050;    0.000
429.877; 3313.225;  206.050;    0.000
429.928; 3206.225;  229.050;    0.000
429.980; 3153.225;  207.050;    0.000
430.031; 3207.225;  264.050;    0.000
430.082; 3252.225;  210.050;    0.000
430.133; 3181.225;  218.050;    0.000
430.184; 3228.225;  246.050;    0.000
430.235; 3265.225;  201.050;    0.000
430.286; 3240.225;  207.050;    0.000
430.337; 3235.225;  224.050;    0.000
430.388; 3149.225;  216.050;    0.000
430.439; 3169.225;  210.050;    0.000
430.490; 3169.225;  208.050;    0.000
430.542; 3223.225;  211.050;    0.000
430.593; 3158.225;  203.050;    0.000
430.644; 3201.225;  235.050;    0.000
430.695; 3147.225;  200.050;    0.000
430.746; 3243.225;  215.050;    0.000
430.797; 3222.225;  235.050;    0.000
430.848; 3252.225;  197.050;    0.000
430.898; 3177.225;  209.050;    0.000
430.949; 3164.225;  231.050;    0.000
431.000; 3160.225;  227.050;    0.000
431.051; 3170.225;  225.050;    0.000
431.102; 3215.225;  180.050;    0.000
431.153; 3199.225;  248.050;    0.000
431.204; 3215.225;  185.050;    0.000
431.255; 3229.225;  199.050;    0.000
431.306; 3070.225;  228.050;    0.000
431.357; 3276.225;  237.050;    0.000
431.408; 3244.225;  223.050;    0.000
431.458; 3262.225;  240.050;    0.000
431.509; 3189.225;  207.050;    0.000
431.560; 3100.225;  219.050;    0.000
431.611; 3219.225;  206.050;    0.000
431.662; 3291.225;  253.050;    0.000
431.713; 3214.225;  199.050;    0.000
431.763; 3177.225;  197.050;    0.000
431.814; 3309.225;  205.050;    0.000
431.865; 3280.225;  218.050;    0.000
431.916; 3226.225;  202.050;    0.000
431.966; 3350.225;  203.050;    0.000
432.017; 3279.225;  244.050;    0.000
432.068; 3215.225;  246.050;    0.000
432.118; 3213.225;  212.050;    0.000
432.169; 3174.225;  214.050;    0.000
432.220; 3166.225;  241.050;    0.000
432.271; 3238.225;  237.050;    0.000
432.321; 3204.225;  246.050;    0.000
432.372; 3183.225;  257.050;    0.000
432.423; 3120.225;  198.050;    0.000
432.473; 3174.225;  202.050;    0.000
432.524; 3212.225;  242.050;    0.000
432.574; 3237.225;  202.050;    0.000
432.625; 3232.225;  212.050;    0.000
432.676; 3157.225;  242.050;    0.000
432.726; 3220.225;  268.050;    0.000
432.777; 3203.225;  228.050;    0.000
432.827; 3167.225;  230.050;    0.000
432.878; 3099.225;  221.050;    0.000
432.928; 3179.225;  218.050;    0.000
432.979; 3231.225;  243.050;    0.000
433.029; 3126.225;  217.050;    0.000
433.080; 3142.225;  208.050;    0.000
433.130; 3038.225;  236.050;    0.000
433.181; 3144.225;  282.050;    0.000
433.231; 3042.225;  257.050;    0.000
433.282; 3108.225;  268.050;    0.000
433.332; 3172.225;  241.050;    0.000
433.383; 3054.225;  271.050;    0.000
433.433; 3143.225;  262.050;    0.000
433.484; 3132.225;  266.050;    0.000
433.534; 3123.225;  217.050;    0.000
433.585; 3107.225;  230.050;    0.000
433.635; 3094.225;  245.050;    0.000
433.685; 3272.225;  250.050;    0.000
433.736; 3143.225;  308.050;    0.000
433.786; 3224.225;  242.050;    0.000
433.836; 3144.225;  256.050;    0.000
433.887; 3118.225;  250.050;    0.000
433.937; 3127.225;  250.050;    0.000
433.987; 3138.225;  219.050;    0.000
434.038; 3013.225;  248.050;    0.000
434.088; 3149.225;  231.050;    0.000
434.138; 3184.225;  266.050;    0.000
434.189; 3116.225;  240.050;    0.000
434.239; 3184.225;  245.050;    0.000
434.289; 3247.225;  285.050;    0.000
434.339; 3185.225;  255.050;    0.000
434.389; 3207.225;  242.050;    0.000
434.440; 3229.225;  273.050;    0.000
434.490; 3285.225;  272.050;    0.000
434.540; 3242.225;  264.050;    0.000
434.590; 3293.225;  233.050;    0.000
434.640; 3232.225;  244.050;    0.000
434.691; 3305.225;  226.050;    0.000
434.741; 3303.225;  253.050;    0.000
434.791; 3294.225;  269.050;    0.000
434.841; 3217.225;  252.050;    0.000
434.891; 3387.225;  281.050;    0.000
434.941; 3273.225;  296.050;    0.000
434.991; 3372.225;  264.050;    0.000
435.042; 3270.225;  262.050;    0.000
435.092; 3163.225;  237.050;    0.000
435.142; 3270.225;  232.050;    0.000
435.192; 3223.225;  251.050;    0.000
435.242; 3215.225;  251.050;    0.000
435.292; 3164.225;  246.050;    0.000
435.342; 3128.225;  236.050;    0.000
435.392; 3166.225;  273.050;    0.000
435.442; 3052.225;  273.050;    0.000
435.492; 3174.225;  273.050;    0.000
435.542; 3179.225;  242.050;    0.000
435.592; 3109.225;  213.050;    0.000
435.642; 3072.225;  248.050;    0.000
435.692; 3073.225;  242.050;    0.000
435.742; 3148.225;  222.050;    0.000
435.792; 3046.225;  260.050;    0.000
435.842; 3059.225;  266.050;    0.000
435.891; 3091.225;  227.050;    0.000
435.941; 3081.225;  228.050;    0.000
435.991; 2997.225;  282.050;    0.000
436.041; 3022.225;  231.050;    0.000
436.091; 2980.225;  250.050;    0.000
436.141; 2996.225;  221.050;    0.000
436.191; 2979.225;  223.050;    0.000
436.241; 3015.225;  250.050;    0.000
436.290; 2968.225;  243.050;    0.000
436.340; 2981.225;  236.050;    0.000
436.390; 2911.225;  260.050;    0.000
436.440; 3010.225;  253.050;    0.000
436.490; 3004.225;  236.050;    0.000
436.539; 3021.225;  249.050;    0.000
436.589; 2991.225;  231.050;    0.000
436.639; 3160.225;  237.050;    0.000
436.689; 3004.225;  222.050;    0.000
436.738; 2919.225;  263.050;    0.000
436.788; 2963.225;  230.050;    0.000
436.838; 2980.225;  281.050;    0.000
436.887; 3055.225;  230.050;    0.000
436.937; 2963.225;  250.050;    0.000
436.987; 2894.225;  251.050;    0.000
437.036; 2938.225;  238.050;    0.000
437.086; 2975.225;  234.050;    0.000
437.136; 2848.225;  250.050;    0.000
437.185; 2940.225;  228.050;    0.000
437.235; 3004.225;  309.050;    0.000
437.285; 2980.225;  246.050;    0.000
437.334; 2822.225;  262.050;    0.000
437.384; 2921.225;  228.050;    0.000
437.433; 2871.225;  241.050;    0.000
437.483; 2909.225;  220.050;    0.000
437.532; 2939.225;  252.050;    0.000
437.582; 2852.225;  270.050;    0.000
437.631; 2883.225;  251.050;    0.000
437.681; 2912.225;  284.050;    0.000
437.730; 2969.225;  239.050;    0.000
437.780; 2948.225;  221.050;    0.000
437.829; 2913.225;  254.050;    0.000
437.879; 2786.225;  221.050;    0.000
437.928; 2789.225;  205.050;    0.000
437.978; 2869.225;  223.050;    0.000
438.027; 2841.225;  262.050;    0.000
438.077; 2791.225;  280.050;    0.000
438.126; 2836.225;  254.050;    0.000
438.176; 2929.225;  230.050;    0.000
438.225; 2879.225;  227.050;    0.000
438.274; 2787.225;  264.050;    0.000
438.324; 2898.225;  233.050;    0.000
438.373; 2813.225;  238.050;    0.000
438.422; 2883.225;  260.050;    0.000
438.472; 2796.225;  223.050;    0.000
438.521; 2866.225;  213.050;    0.000
438.570; 2886.225;  236.050;    0.000
438.620; 2855.225;  282.050;    0.000
438.669; 2838.225;  209.050;    0.000
438.718; 2887.225;  245.050;    0.000
438.768; 2794.225;  238.050;    0.000
438.817; 2808.225;  259.050;    0.000
438.866; 2826.225;  232.050;    0.000
438.915; 2904.225;  288.050;    0.000
438.965; 2770.225;  228.050;    0.000
439.014; 2796.225;  246.050;    0.000
439.063; 2941.225;  287.050;    0.000
439.112; 2682.225;  217.050;    0.000
439.162; 2871.225;  275.050;    0.000
439.211; 2836.225;  287.050;    0.000
439.260; 2821.225;  238.050;    0.000
439.309; 2829.225;  225.050;    0.000
439.358; 2882.225;  248.050;    0.000
439.407; 2862.225;  237.050;    0.000
439.456; 2819.225;  223.050;    0.000
439.506; 2825.225;  266.050;    0.000
439.555; 2923.225;  260.050;    0.000
439.604; 2802.225;  233.050;    0.000
439.653; 2904.225;  242.050;    0.000
439.702; 2866.225;  255.050;    0.000
439.751; 2821.225;  202.050;    0.000
439.800; 2792.225;  247.050;    0.000
439.849; 2872.225;  250.050;    0.000
439.898; 2859.225;  216.050;    0.000
439.947; 2836.225;  231.050;    0.000
439.996; 2903.225;  272.050;    0.000
440.045; 2851.225;  217.050;    0.000
440.094; 2923.225;  220.050;    0.000
440.143; 2756.225;  245.050;    0.000
440.192; 2873.225;  267.050;    0.000
440.241; 2846.225;  263.050;    0.000
440.290; 2748.225;  246.050;    0.000
440.339; 2818.225;  225.050;    0.000
440.388; 2859.225;  256.050;    0.000
440.437; 2835.225;  253.050;    0.000
440.486; 2854.225;  249.050;    0.000
440.535; 2923.225;  232.050;    0.000
440.583; 2914.225;  220.050;    0.000
440.632; 2912.225;  239.050;    0.000
440.681; 2900.225;  236.050;    0.000
440.730; 2912.225;  282.050;    0.000
440.779; 2908.225;  245.050;    0.000
440.828; 2826.225;  213.050;    0.000
440.876; 2773.225;  231.050;    0.000
440.925; 2871.225;  271.050;    0.000
440.974; 2899.225;  240.050;    0.000
441.023; 2897.225;  214.050;    0.000
441.072; 2954.225;  236.050;    0.000
441.120; 2965.225;  271.050;    0.000
441.169; 2946.225;  281.050;    0.000
441.218; 2950.225;  255.050;    0.000
441.267; 3019.225;  272.050;    0.000
441.315; 3016.225;  229.050;    0.000
441.364; 3009.225;  241.050;    0.000
441.413; 3006.225;  224.050;    0.000
441.461; 3012.225;  241.050;    0.000
441.510; 2954.225;  289.050;    0.000
441.559; 3073.225;  222.050;    0.000
441.607; 3101.225;  242.050;    0.000
441.656; 2992.225;  255.050;    0.000
441.705; 3035.225;  260.050;    0.000
441.753; 3090.225;  290.050;    0.000
441.802; 3015.225;  264.050;    0.000
441.850; 3041.225;  224.050;    0.000
441.899; 2971.225;  275.050;    0.000
441.948; 3048.225;  227.050;    0.000
441.996; 2922.225;  216.050;    0.000
442.045; 3056.225;  271.050;    0.000
442.093; 3013.225;  227.050;    0.000
442.142; 2964.225;  273.050;    0.000
442.190; 2963.225;  257.050;    0.000
442.239; 3010.225;  269.050;    0.000
442.287; 2989.225;  257.050;    0.000
442.336; 3127.225;  237.050;    0.000
442.384; 2923.225;  214.050;    0.000
442.433; 3006.225;  272.050;    0.000
442.481; 3092.225;  258.050;    0.000
442.529; 2973.225;  242.050;    0.000
442.578; 2978.225;  278.050;    0.000
442.626; 2906.225;  264.050;    0.000
442.675; 3044.225;  293.050;    0.000
442.723; 2987.225;  244.050;    0.000
442.771; 2951.225;  232.050;    0.000
442.820; 2890.225;  266.050;    0.000
442.868; 2954.225;  253.050;    0.000
442.917; 2951.225;  250.050;    0.000
442.965; 2928.225;  279.050;    0.000
443.013; 3014.225;  253.050;    0.000
443.062; 2898.225;  282.050;    0.000
443.110; 2918.225;  258.050;    0.000
443.158; 2924.225;  246.050;    0.000
443.206; 2983.225;  255.050;    0.000
443.255; 2946.225;  296.050;    0.000
443.303; 3118.225;  272.050;    0.000
443.351; 2904.225;  270.050;    0.000
443.399; 2897.225;  258.050;    0.000
443.448; 3040.225;  265.050;    0.000
443.496; 2974.225;  219.050;    0.000
443.544; 2962.225;  205.050;    0.000
443.592; 3031.225;  266.050;    0.000
443.640; 3009.225;  260.050;    0.000
443.689; 2951.225;  232.050;    0.000
443.737; 3088.225;  281.050;    0.000
443.785; 2900.225;  248.050;    0.000
443.833; 2960.225;  286.050;    0.000
443.881; 3031.225;  225.050;    0.000
443.929; 3108.225;  255.050;    0.000
443.977; 3137.225;  248.050;    0.000
444.025; 3131.225;  255.050;    0.000
444.074; 3081.225;  266.050;    0.000
444.122; 3096.225;  266.050;    0.000
444.170; 3143.225;  207.050;    0.000
444.218; 3139.225;  253.050;    0.000
444.266; 3172.225;  263.050;    0.000
444.314; 3109.225;  272.050;    0.000
444.362; 3159.225;  272.050;    0.000
444.410; 3126.225;  255.050;    0.000
444.458; 3274.225;  288.050;    0.000
444.506; 3171.225;  263.050;    0.000
444.554; 3223.225;  243.050;    0.000
444.602; 3210.225;  285.050;    0.000
444.650; 3282.225;  273.050;    0.000
444.698; 3218.225;  221.050;    0.000
444.746; 3248.225;  243.050;    0.000
444.793; 3230.225;  217.050;    0.000
444.841; 3280.225;  262.050;    0.000
444.889; 3082.225;  264.050;    0.000
444.937; 3250.225;  226.050;    0.000
444.985; 3197.225;  257.050;    0.000
445.033; 3196.225;  264.050;    0.000
445.081; 3201.225;  264.050;    0.000
445.129; 3072.225;  187.050;    0.000
445.176; 3104.225;  212.050;    0.000
445.224; 3193.225;  198.050;    0.000
445.272; 3143.225;  265.050;    0.000
445.320; 3181.225;  239.050;    0.000
445.368; 3071.225;  245.050;    0.000
445.415; 3209.225;  215.050;    0.000
445.463; 3019.225;  202.050;    0.000
445.511; 3078.225;  234.050;    0.000
445.559; 3109.225;  269.050;    0.000
445.606; 3080.225;  214.050;    0.000
445.654; 3041.225;  227.050;    0.000
445.702; 3092.225;  276.050;    0.000
445.749; 3084.225;  256.050;    0.000
445.797; 3127.225;  236.050;    0.000
445.845; 3097.225;  230.050;    0.000
445.892; 3159.225;  233.050;    0.000
445.940; 3159.225;  257.050;    0.000
445.988; 3121.225;  253.050;    0.000
446.035; 3088.225;  265.050;    0.000
446.083; 3171.225;  254.050;    0.000
446.130; 3150.225;  228.050;    0.000
446.178; 3116.225;  256.050;    0.000
446.226; 3101.225;  238.050;    0.000
446.273; 3037.225;  228.050;    0.000
446.321; 3062.225;  220.050;    0.000
446.368; 3152.225;  249.050;    0.000
446.416; 3023.225;  221.050;    0.000
446.463; 3151.225;  232.050;    0.000
446.511; 3147.225;  243.050;    0.000
446.558; 3184.225;  217.050;    0.000
446.606; 3189.225;  256.050;    0.000
446.653; 3134.225;  238.050;    0.000
446.701; 3174.225;  259.050;    0.000
446.748; 3220.225;  227.050;    0.000
446.796; 3185.225;  236.050;    0.000
446.843; 3183.225;  241.050;    0.000
446.891; 3232.225;  292.050;    0.000
446.938; 3278.225;  219.050;    0.000
446.985; 3297.225;  255.050;    0.000
447.033; 3269.225;  237.050;    0.000
447.080; 3258.225;  278.050;    0.000
447.128; 3221.225;  237.050;    0.000
447.175; 3382.225;  247.050;    0.000
447.222; 3357.225;  235.050;    0.000
447.270; 3251.225;  274.050;    0.000
447.317; 3306.225;  222.050;    0.000
447.364; 3275.225;  230.050;    0.000
447.411; 3284.225;  297.050;    0.000
447.459; 3483.225;  243.050;    0.000
447.506; 3408.225;  202.050;    0.000
447.553; 3458.225;  232.050;    0.000
447.601; 3510.225;  262.050;    0.000
447.648; 3595.225;  254.050;    0.000
447.695; 3644.225;  287.050;    0.000
447.742; 3659.225;  232.050;    0.000
447.789; 3672.225;  257.050;    0.000
447.837; 3814.225;  260.050;    0.000
447.884; 3764.225;  272.050;    0.000
447.931; 3845.225;  241.050;    0.000
447.978; 3938.225;  241.050;    0.000
448.025; 3959.225;  264.050;    0.000
448.072; 4016.225;  279.050;    0.000
448.120; 3981.225;  263.050;    0.000
448.167; 3941.225;  284.050;    0.000
448.214; 3910.225;  252.050;    0.000
448.261; 3830.225;  247.050;    0.000
448.308; 3731.225;  249.050;    0.000
448.355; 3701.225;  263.050;    0.000
448.402; 3659.225;  251.050;    0.000
448.449; 3570.225;  257.050;    0.000
448.496; 3440.225;  243.050;    0.000
448.543; 3490.225;  274.050;    0.000
448.590; 3467.225;  299.050;    0.000
448.637; 3464.225;  259.050;    0.000
448.684; 3374.225;  266.050;    0.000
448.731; 3303.225;  261.050;    0.000
448.778; 3308.225;  292.050;    0.000
448.825; 3294.225;  253.050;    0.000
448.872; 3171.225;  253.050;    0.000
448.919; 3206.225;  218.050;    0.000
448.966; 3172.225;  254.050;    0.000
449.013; 3213.225;  263.050;    0.000
449.060; 3142.225;  282.050;    0.000
449.107; 3024.225;  244.050;    0.000
449.154; 3082.225;  236.050;    0.000
449.200; 3135.225;  226.050;    0.000
449.247; 3111.225;  273.050;    0.000
449.294; 2990.225;  270.050;    0.000
449.341; 2963.225;  283.050;    0.000
449.388; 3058.225;  261.050;    0.000
449.435; 2968.225;  254.050;    0.000
449.481; 3104.225;  318.050;    0.000
449.528; 2956.225;  274.050;    0.000
449.575; 3008.225;  251.050;    0.000
449.622; 2944.225;  276.050;    0.000
449.668; 2893.225;  242.050;    0.000
449.715; 2973.225;  286.050;    0.000
449.762; 2937.225;  268.050;    0.000
449.809; 2929.225;  285.050;    0.000
449.855; 2929.225;  277.050;    0.000
449.902; 2921.225;  246.050;    0.000
449.949; 2859.225;  268.050;    0.000
449.995; 2995.225;  289.050;    0.000
450.042; 2959.225;  256.050;    0.000
450.089; 2973.225;  290.050;    0.000
450.135; 2949.225;  300.050;    0.000
450.182; 2954.225;  317.050;    0.000
450.229; 2872.225;  282.050;    0.000
450.275; 2838.225;  307.050;    0.000
450.322; 2845.225;  260.050;    0.000
450.368; 2865.225;  315.050;    0.000
450.415; 2832.225;  306.050;    0.000
450.462; 2779.225;  314.050;    0.000
450.508; 2770.225;  303.050;    0.000
450.555; 2839.225;  281.050;    0.000
450.601; 2921.225;  291.050;    0.000
450.648; 2833.225;  288.050;    0.000
450.694; 2892.225;  290.050;    0.000
450.741; 2776.225;  303.050;    0.000
450.787; 2844.225;  298.050;    0.000
450.834; 2741.225;  265.050;    0.000
450.880; 2765.225;  273.050;    0.000
450.927; 2885.225;  312.050;    0.000
450.973; 2831.225;  303.050;    0.000
451.019; 2735.225;  222.050;    0.000
451.066; 2807.225;  284.050;    0.000
451.112; 2731.225;  296.050;    0.000
451.159; 2811.225;  299.050;    0.000
451.205; 2788.225;  311.050;    0.000
451.251; 2852.225;  306.050;    0.000
451.298; 2810.225;  281.050;    0.000
451.344; 2810.225;  311.050;    0.000
451.390; 2848.225;  331.050;    0.000
451.437; 2783.225;  303.050;    0.000
451.483; 2811.225;  284.050;    0.000
451.529; 2738.225;  310.050;    0.000
451.576; 2694.225;  301.050;    0.000
451.622; 2751.225;  275.050;    0.000
451.668; 2758.225;  269.050;    0.000
451.714; 2722.225;  277.050;    0.000
451.761; 2776.225;  298.050;    0.000
451.807; 2804.225;  316.050;    0.000
451.853; 2760.225;  301.050;    0.000
451.899; 2700.225;  292.050;    0.000
451.945; 2616.225;  324.050;    0.000
451.992; 2687.225;  292.050;    0.000
452.038; 2691.225;  261.050;    0.000
452.084; 2675.225;  286.050;    0.000
452.130; 2677.225;  301.050;    0.000
452.176; 2669.225;  287.050;    0.000
452.222; 2682.225;  265.050;    0.000
452.268; 2722.225;  268.050;    0.000
452.315; 2724.225;  272.050;    0.000
452.361; 2715.225;  258.050;    0.000
452.407; 2697.225;  279.050;    0.000
452.453; 2664.225;  252.050;    0.000
452.499; 2768.225;  305.050;    0.000
452.545; 2703.225;  263.050;    0.000
452.591; 2652.225;  284.050;    0.000
452.637; 2749.225;  289.050;    0.000
452.683; 2621.225;  249.050;    0.000
452.729; 2641.225;  290.050;    0.000
452.775; 2622.225;  315.050;    0.000
452.821; 2699.225;  271.050;    0.000
452.867; 2679.225;  258.050;    0.000
452.913; 2641.225;  256.050;    0.000
452.959; 2641.225;  266.050;    0.000
453.005; 2702.225;  299.050;    0.000
453.051; 2618.225;  299.050;    0.000
453.097; 2690.225;  268.050;    0.000
453.142; 2547.225;  251.050;    0.000
453.188; 2751.225;  284.050;    0.000
453.234; 2648.225;  285.050;    0.000
453.280; 2610.225;  263.050;    0.000
453.326; 2652.225;  273.050;    0.000
453.372; 2536.225;  253.050;    0.000
453.418; 2618.225;  269.050;    0.000
453.463; 2581.225;  250.050;    0.000
453.509; 2714.225;  289.050;    0.000
453.555; 2639.225;  262.050;    0.000
453.601; 2601.225;  274.050;    0.000
453.647; 2712.225;  306.050;    0.000
453.692; 2671.225;  264.050;    0.000
453.738; 2636.225;  312.050;    0.000
453.784; 2598.225;  300.050;    0.000
453.829; 2631.225;  284.050;    0.000
453.875; 2611.225;  270.050;    0.000
453.921; 2614.225;  237.050;    0.000
453.967; 2575.225;  263.050;    0.000
454.012; 2596.225;  295.050;    0.000
454.058; 2642.225;  293.050;    0.000
454.104; 2594.225;  264.050;    0.000
454.149; 2660.225;  282.050;    0.000
454.195; 2548.225;  277.050;    0.000
454.240; 2615.225;  307.050;    0.000
454.286; 2648.225;  282.050;    0.000
454.332; 2578.225;  291.050;    0.000
454.377; 2709.225;  302.050;    0.000
454.423; 2629.225;  276.050;    0.000
454.468; 2608.225;  281.050;    0.000
454.514; 2583.225;  290.050;    0.000
454.559; 2644.225;  289.050;    0.000
454.605; 2553.225;  258.050;    0.000
454.650; 2619.225;  281.050;    0.000
454.696; 2641.225;  308.050;    0.000
454.741; 2600.225;  288.050;    0.000
454.787; 2679.225;  284.050;    0.000
454.832; 2553.225;  306.050;    0.000
454.878; 2630.225;  288.050;    0.000
454.923; 2709.225;  287.050;    0.000
454.969; 2589.225;  325.050;    0.000
455.014; 2650.225;  323.050;    0.000
455.060; 2565.225;  290.050;    0.000
455.105; 2676.225;  285.050;    0.000
455.150; 2585.225;  303.050;    0.000
455.196; 2679.225;  282.050;    0.000
455.241; 2608.225;  281.050;    0.000
455.286; 2557.225;  290.050;    0.000
455.332; 2571.225;  280.050;    0.000
455.377; 2595.225;  243.050;    0.000
455.422; 2632.225;  308.050;    0.000
455.468; 2663.225;  308.050;    0.000
455.513; 2595.225;  290.050;    0.000
455.558; 2576.225;  211.050;    0.000
455.604; 2540.225;  289.050;    0.000
455.649; 2585.225;  297.050;    0.000
455.694; 2532.225;  287.050;    0.000
455.739; 2576.225;  296.050;    0.000
455.785; 2689.225;  315.050;    0.000
455.830; 2601.225;  328.050;    0.000
455.875; 2579.225;  310.050;    0.000
455.920; 2627.225;  261.050;    0.000
455.965; 2649.225;  277.050;    0.000
456.010; 2565.225;  317.050;    0.000
456.056; 2613.225;  299.050;    0.000
456.101; 2584.225;  262.050;    0.000
456.146; 2574.225;  318.050;    0.000
456.191; 2555.225;  274.050;    0.000
456.236; 2605.225;  274.050;    0.000
456.281; 2537.225;  275.050;    0.000
456.326; 2593.225;  256.050;    0.000
456.371; 2670.225;  260.050;    0.000
456.416; 2628.225;  304.050;    0.000
456.461; 2641.225;  278.050;    0.000
456.507; 2653.225;  299.050;    0.000
456.552; 2593.225;  305.050;    0.000
456.597; 2614.225;  271.050;    0.000
456.642; 2583.225;  273.050;    0.000
456.687; 2569.225;  290.050;    0.000
456.732; 2577.225;  327.050;    0.000
456.776; 2617.225;  284.050;    0.000
456.821; 2600.225;  321.050;    0.000
456.866; 2582.225;  272.050;    0.000
456.911; 2519.225;  232.050;    0.000
456.956; 2537.225;  263.050;    0.000
457.001; 2523.225;  277.050;    0.000
457.046; 2615.225;  284.050;    0.000
457.091; 2600.225;  269.050;    0.000
457.136; 2638.225;  269.050;    0.000
457.181; 2667.225;  275.050;    0.000
457.225; 2664.225;  310.050;    0.000
457.270; 2526.225;  295.050;    0.000
457.315; 2611.225;  284.050;    0.000
457.360; 2662.225;  264.050;    0.000
457.405; 2512.225;  273.050;    0.000
457.450; 2633.225;  284.050;    0.000
457.494; 2590.225;  273.050;    0.000
457.539; 2648.225;  287.050;    0.000
457.584; 2622.225;  279.050;    0.000
457.629; 2567.225;  288.050;    0.000
457.673; 2601.225;  297.050;    0.000
457.718; 2658.225;  270.050;    0.000
457.763; 2635.225;  295.050;    0.000
457.807; 2592.225;  321.050;    0.000
457.852; 2702.225;  293.050;    0.000
457.897; 2699.225;  282.050;    0.000
457.941; 2632.225;  320.050;    0.000
457.986; 2672.225;  295.050;    0.000
458.031; 2673.225;  314.050;    0.000
458.075; 2700.225;  280.050;    0.000
458.120; 2732.225;  314.050;    0.000
458.165; 2701.225;  289.050;    0.000
458.209; 2673.225;  289.050;    0.000
458.254; 2685.225;  272.050;    0.000
458.298; 2769.225;  305.050;    0.000
458.343; 2683.225;  284.050;    0.000
458.387; 2643.225;  340.050;    0.000
458.432; 2751.225;  306.050;    0.000
458.476; 2745.225;  311.050;    0.000
458.521; 2733.225;  304.050;    0.000
458.565; 2754.225;  329.050;    0.000
458.610; 2752.225;  287.050;    0.000
458.654; 2756.225;  300.050;    0.000
458.699; 2769.225;  295.050;    0.000
458.743; 2705.225;  269.050;    0.000
458.788; 2880.225;  294.050;    0.000
458.832; 2789.225;  301.050;    0.000
458.877; 2881.225;  303.050;    0.000
458.921; 2789.225;  259.050;    0.000
458.965; 2787.225;  308.050;    0.000
459.010; 2851.225;  330.050;    0.000
459.054; 2857.225;  298.050;    0.000
459.099; 2853.225;  303.050;    0.000
459.143; 2989.225;  333.050;    0.000
459.187; 2836.225;  291.050;    0.000
459.231; 2840.225;  316.050;    0.000
459.276; 2877.225;  294.050;    0.000
459.320; 2823.225;  291.050;    0.000
459.364; 2951.225;  318.050;    0.000
459.409; 2887.225;  325.050;    0.000
459.453; 2903.225;  293.050;    0.000
459.497; 2995.225;  354.050;    0.000
459.541; 2960.225;  313.050;    0.000
459.586; 2836.225;  282.050;    0.000
459.630; 2988.225;  286.050;    0.000
459.674; 2930.225;  292.050;    0.000
459.718; 2868.225;  280.050;    0.000
459.762; 2969.225;  304.050;    0.000
459.807; 3093.225;  352.050;    0.000
459.851; 2993.225;  300.050;    0.000
459.895; 3080.225;  311.050;    0.000
459.939; 3007.225;  303.050;    0.000
459.983; 3011.225;  299.050;    0.000
460.027; 2965.225;  307.050;    0.000
460.071; 3019.225;  313.050;    0.000
460.115; 3043.225;  325.050;    0.000
460.159; 3036.225;  331.050;    0.000
460.204; 3080.225;  301.050;    0.000
460.248; 3101.225;  329.050;    0.000
460.292; 3066.225;  310.050;    0.000
460.336; 3026.225;  304.050;    0.000
460.380; 3067.225;  313.050;    0.000
460.424; 2981.225;  300.050;    0.000
460.468; 3093.225;  338.050;    0.000
460.512; 3154.225;  310.050;    0.000
460.556; 3086.225;  337.050;    0.000
460.599; 3046.225;  310.050;    0.000
460.643; 3143.225;  303.050;    0.000
460.687; 3129.225;  316.050;    0.000
460.731; 3068.225;  292.050;    0.000
460.775; 3146.225;  294.050;    0.000
460.819; 3088.225;  310.050;    0.000
460.863; 3216.225;  349.050;    0.000
460.907; 3063.225;  265.050;    0.000
460.951; 3051.225;  325.050;    0.000
460.995; 3080.225;  338.050;    0.000
461.038; 3069.225;  304.050;    0.000
461.082; 3113.225;  312.050;    0.000
461.126; 3148.225;  358.050;    0.000
461.170; 3130.225;  306.050;    0.000
461.214; 3259.225;  330.050;    0.000
461.257; 3011.225;  311.050;    0.000
461.301; 3203.225;  303.050;    0.000
461.345; 3135.225;  310.050;    0.000
461.389; 3122.225;  296.050;    0.000
461.432; 3134.225;  304.050;    0.000
461.476; 3112.225;  305.050;    0.000
461.520; 3086.225;  319.050;    0.000
461.563; 3070.225;  294.050;    0.000
461.607; 3108.225;  295.050;    0.000
461.651; 3102.225;  335.050;    0.000
461.694; 3119.225;  276.050;    0.000
461.738; 3188.225;  327.050;    0.000
461.782; 3092.225;  288.050;    0.000
461.825; 3105.225;  319.050;    0.000
461.869; 3176.225;  305.050;    0.000
461.913; 3194.225;  281.050;    0.000
461.956; 3229.225;  281.050;    0.000
462.000; 3203.225;  339.050;    0.000
462.043; 3251.225;  347.050;    0.000
462.087; 3257.225;  314.050;    0.000
462.130; 3234.225;  332.050;    0.000
462.174; 3147.225;  332.050;    0.000
462.217; 3322.225;  299.050;    0.000
462.261; 3292.225;  323.050;    0.000
462.304; 3281.225;  286.050;    0.000
462.348; 3208.225;  305.050;    0.000
462.391; 3344.225;  293.050;    0.000
462.435; 3394.225;  365.050;    0.000
462.478; 3397.225;  329.050;    0.000
462.522; 3381.225;  316.050;    0.000
462.565; 3297.225;  328.050;    0.000
462.608; 3393.225;  350.050;    0.000
462.652; 3424.225;  328.050;    0.000
462.695; 3489.225;  358.050;    0.000
462.739; 3427.225;  317.050;    0.000
462.782; 3503.225;  329.050;    0.000
462.825; 3497.225;  368.050;    0.000
462.869; 3511.225;  343.050;    0.000
462.912; 3557.225;  404.050;    0.000
462.955; 3514.225;  328.050;    0.000
462.998; 3620.225;  340.050;    0.000
463.042; 3577.225;  361.050;    0.000
463.085; 3628.225;  337.050;    0.000
463.128; 3545.225;  373.050;    0.000
463.172; 3446.225;  347.050;    0.000
463.215;  395.225;  305.050;    0.000
463.258;  331.225;  324.050;    0.000
463.301;  335.225;  296.050;    0.000
463.344;  329.225;  332.050;    0.000
463.388;  322.225;  309.050;    0.000
463.431;  288.225;  298.050;    0.000
463.474;  348.225;  351.050;    0.000
463.517;  294.225;  319.050;    0.000
463.560;  337.225;  325.050;    0.000
463.603;  324.225;  330.050;    0.000
463.646;  341.225;  332.050;    0.000
463.690;  343.225;  325.050;    0.000
463.733;  358.225;  323.050;    0.000
463.776;  293.225;  276.050;    0.000
463.819;  285.225;  320.050;    0.000
463.862;  303.225;  275.050;    0.000

