2.019574502232918 49.0
6.423582584484319 104.0
10.824953320888365 120.0
15.223688857330526 105.0
19.619791337324028 79.0
24.013262901977345 81.0
28.40410569002671 29.0
32.792321837823124 48.0
37.17791347935618 75.0
41.56088274622155 84.0
45.941231767655715 104.0
50.318962670533715 103.0
54.694077579362734 80.0
59.066578616288545 142.0
63.4364679011107 127.0
67.80374755124787 233.0
72.1684196818115 441.0
76.53048640553217 820.0
80.88994983280507 1513.0
85.24681207169871 2488.0
89.60107522792234 3666.0
93.95274140487804 4760.0
98.30181270360653 5737.0
102.6482912228478 6117.0
106.99217905900653 6056.0
111.33347830616066 5644.0
115.67219105608527 5280.0
120.00831939822228 5116.0
124.34186541971509 5015.0
128.67283120540208 5101.0
133.00121883780355 5147.0
137.3270303971414 5194.0
141.65026796135416 5179.0
145.97093360605362 5106.0
150.28902940459645 5025.0
154.60455742801912 4979.0
158.91751974509003 4877.0
163.2279184222746 4765.0
167.53575552378754 4596.0
171.84103311154286 4477.0
176.14375324518423 4463.0
180.44391798209807 4363.0
184.74152937739606 4306.0
189.0365894839153 4361.0
193.3291003522377 4259.0
197.61906403069221 4238.0
201.90648256535698 4235.0
206.1913580000312 4203.0
210.4736923763022 4251.0
214.7534877334806 4222.0
219.03074610865428 4294.0
223.30546953665612 4268.0
227.5776600500941 4262.0
231.84731967933627 4343.0
236.1144504525151 4451.0
240.37905439554686 4493.0
244.64113353211883 4396.0
248.90068988369555 4369.0
253.1577254695147 4408.0
257.4122423066086 4335.0
261.6642424098001 4283.0
265.9137277916893 4148.0
270.1607004626798 4192.0
274.4051624309698 4078.0
278.6471157025547 4058.0
282.88656228123284 4028.0
287.1235041686086 4026.0
291.35794336408725 3976.0
295.5898818649059 4079.0
299.81932166609414 4080.0
304.0462647605001 3907.0
308.27071313881214 3890.0
312.49266878952216 3866.0
316.7121336989536 3906.0
320.929109851255 3928.0
325.14359922841726 3946.0
329.3556038102587 3932.0
333.5651255744376 4060.0
337.7721664964486 4012.0
341.9767285496415 4200.0
346.17881370519564 4215.0
350.3784239321456 4291.0
354.5755611973861 4400.0
358.7702274656713 4446.0
362.9624246995959 4642.0
367.1521548596185 4710.0
371.3394199040751 4861.0
375.5242217891612 5062.0
379.70656246893867 5255.0
383.8864438953423 5611.0
388.0638680181904 6279.0
392.238836785172 7217.0
396.411352141851 8379.0
400.58141603169014 9364.0
404.7490303960336 9641.0
408.9141971741158 9561.0
413.07691830305043 9293.0
417.23719571786506 8508.0
421.39503135147976 7295.0
425.55042713470675 5958.0
429.70338499627667 5203.0
433.85390686281454 4649.0
438.0019946588617 4468.0
442.14765030686686 4320.0
446.290875727195 4089.0
450.43167283813574 3988.0
454.5700435558929 3842.0
458.7059897945842 3688.0
462.8395134662782 3626.0
466.9706164809511 3590.0
471.099300746521 3444.0
475.2255681688355 3396.0
479.3494206516732 3381.0
483.4708600967791 3276.0
487.589888403812 3279.0
491.70650747038144 3285.0
495.82071919206106 3291.0
499.9325254623666 3275.0
504.04192817275805 3378.0
508.1489292126638 3282.0
512.2535304694737 3387.0
516.3557338285223 3358.0
520.4555411731293 3455.0
524.552954384572 3405.0
528.647975342098 3474.0
532.7406059229297 3491.0
536.830848002262 3574.0
540.9187034532645 3610.0
545.0041741471051 3743.0
549.0872619529183 3870.0
553.167968737828 4189.0
557.2462963669526 4690.0
561.3222467033938 5719.0
565.3958216082603 7366.0
569.4670229406382 8631.0
573.5358525576399 8668.0
577.6023123143592 7955.0
581.6664040638993 7480.0
585.7281296573727 6851.0
589.7874909439037 6039.0
593.8444897706343 5815.0
597.8991279827076 5597.0
601.9514074232954 4813.0
606.0013299335944 3916.0
610.0488973528146 3384.0
614.094111518193 3149.0
618.1369742650086 3108.0
622.1774874265494 3031.0
626.2156528341633 2970.0
630.2514723172093 2890.0
634.2849477031015 2907.0
638.316080817298 2791.0
642.3448734832883 2814.0
646.3713275226207 2825.0
650.395444754886 2761.0
654.4172269977249 2702.0
658.4366760668423 2677.0
662.4537937760001 2678.0
666.468581937002 2710.0
670.4810423597413 2666.0
674.4911768521446 2612.0
678.4989872202435 2693.0
682.5044752681114 2671.0
686.5076427979025 2572.0
690.5084916098434 2606.0
694.507023502244 2606.0
698.5032402714994 2594.0
702.4971437120638 2622.0
706.4887356165094 2636.0
710.4780177754722 2663.0
714.4649919776946 2703.0
718.4496600099832 2580.0
722.4320236572773 2632.0
726.4120847025996 2660.0
730.3898449270555 2640.0
734.3653061098838 2672.0
738.3384700284041 2690.0
742.3093384580559 2708.0
746.277913172388 2681.0
750.2441959430562 2664.0
754.2081885398405 2710.0
758.1698927306346 2697.0
762.1293102814453 2741.0
766.0864429564173 2696.0
770.0412925178102 2749.0
773.993860726011 2694.0
777.9441493395368 2647.0
781.8921601150469 2677.0
785.8378948073243 2679.0
789.7813551692923 2674.0
793.7225429520151 2699.0
797.6614599047058 2696.0
801.5981077747099 2664.0
805.5324883075323 2653.0
809.4646032468129 2722.0
813.3944543343616 2674.0
817.322043310132 2630.0
821.2473719122347 2637.0
825.1704418769392 2660.0
829.0912549386849 2602.0
833.0098128300658 2637.0
836.9261172818397 2621.0
840.840170022953 2631.0
844.7519727805033 2586.0
848.661527279766 2605.0
852.5688352442021 2615.0
856.4738983954444 2606.0
860.3767184532999 2684.0
864.2772971357736 2637.0
868.1756361590361 2682.0
872.0717372374714 2659.0
875.9656020836376 2668.0
879.8572324082796 2652.0
883.7466299203562 2720.0
887.6337963270153 2691.0
891.5187333336005 2747.0
895.4014426436471 2757.0
899.2819259589255 2791.0
903.1601849793886 2876.0
907.0362214032009 2887.0
910.9100369267525 2992.0
914.7816332446255 3105.0
918.651012049639 3406.0
922.5181750328187 3758.0
926.3831238834081 4590.0
930.2458602888919 5968.0
934.1063859349616 9138.0
937.9647025055285 17473.0
941.8208116827734 35371.0
945.6747151470645 50356.0
949.5264145770328 44987.0
953.3759116495273 24642.0
957.223208039662 10564.0
961.0683054207684 5797.0
964.9112054644281 4435.0
968.7519098404667 3829.0
972.5904202169703 3474.0
976.4267382602623 3275.0
980.2608656349203 3119.0
984.0928040037895 2984.0
987.9225550279524 3000.0
991.7501203667651 2963.0
995.575501677845 2861.0
999.398700617072 2863.0
1003.2197188385834 2857.0
1007.0385579947985 2877.0
1010.8552197363933 2880.0
1014.6697057123333 2896.0
1018.4820175698534 2997.0
1022.2921569544513 3038.0
1026.1001255099231 3079.0
1029.905924878347 3071.0
1033.7095567000688 3019.0
1037.5110226137278 3089.0
1041.310324256268 3199.0
1045.1074632628977 3718.0
1048.902441267137 4491.0
1052.6952599007925 5617.0
1056.485920793973 6211.0
1060.2744255750852 5601.0
1064.060775870831 4520.0
1067.844973306224 3876.0
1071.6270195045918 3622.0
1075.4069160875458 3741.0
1079.1846646750312 4209.0
1082.9602668852956 4914.0
1086.7337243349061 5238.0
1090.5050386387388 4712.0
1094.2742114099908 3964.0
1098.0412442601878 4005.0
1101.806138799179 4959.0
1105.5688966351272 6214.0
1109.3295193745334 6281.0
1113.0880086222253 4892.0
1116.8443659813624 3655.0
1120.5985930534418 3284.0
1124.350691438286 3126.0
1128.1006627340741 3242.0
1131.8485085373068 3405.0
1135.594230442837 3577.0
1139.3378300438667 3723.0
1143.0793089319404 3720.0
1146.8186686969425 3506.0
1150.5559109271207 3242.0
1154.2910372090753 2947.0
1158.0240491277575 2888.0
1161.7549482664715 2706.0
1165.4837362068947 2767.0
1169.2104145290564 2702.0
1172.9349848113493 2650.0
1176.6574486305326 2606.0
1180.3778075617356 2623.0
1184.0960631784671 2588.0
1187.812217052582 2589.0
1191.5262707543322 2572.0
1195.2382258523437 2615.0
1198.9480839136097 2549.0
1202.6558465035096 2635.0
1206.361515185806 2596.0
1210.0650915226538 2613.0
1213.766577074576 2578.0
1217.4659734004988 2588.0
1221.1632820577356 2558.0
1224.858504601991 2557.0
1228.5516425873689 2609.0
1232.2426975663534 2606.0
1235.9316710898524 2574.0
1239.6185647071609 2551.0
1243.3033799659727 2623.0
1246.986118412397 2583.0
1250.6667815909448 2599.0
1254.3453710445401 2595.0
1258.0218883145021 2577.0
1261.6963349405862 2608.0
1265.368712460948 2471.0
1269.0390224121668 2478.0
1272.7072663292317 2537.0
1276.3734457455694 2549.0
1280.0375621930073 2595.0
1283.6996172018257 2445.0
1287.3596123006998 2577.0
1291.0175490167562 2519.0
1294.6734288755545 2461.0
1298.3272534010664 2464.0
1301.9790241157198 2460.0
1305.628742540373 2428.0
1309.2764101943185 2389.0
1312.922028595296 2397.0
1316.5655992594802 2416.0
1320.2071237014968 2426.0
1323.846603434424 2426.0
1327.4840399697716 2501.0
1331.1194348175213 2416.0
1334.7527894860843 2434.0
1338.3841054823522 2406.0
1342.0133843116462 2420.0
1345.6406274777746 2401.0
1349.2658364829838 2400.0
1352.8890128279852 2427.0
1356.5101580119704 2402.0
1360.129273532578 2442.0
1363.7463608859268 2491.0
1367.361421566605 2438.0
1370.974457067665 2391.0
1374.5854688806437 2361.0
1378.1944584955472 2397.0
1381.8014274008592 2404.0
1385.4063770835503 2392.0
1389.009309029066 2365.0
1392.6102247213344 2412.0
1396.2091256427655 2339.0
1399.80601327428 2378.0
1403.4008890952587 2405.0
1406.9937545835883 2402.0
1410.5846112156444 2385.0
1414.173460466306 2368.0
1417.7603038089435 2388.0
1421.345142715413 2372.0
1424.92797865609 2341.0
1428.5088130998543 2382.0
1432.0876475140687 2370.0
1435.6644833646162 2416.0
1439.2393221159004 2394.0
1442.8121652308116 2408.0
1446.3830141707651 2305.0
1449.9518703956805 2290.0
1453.518735364005 2298.0
1457.083610532702 2347.0
1460.6464973572442 2258.0
1464.207397291631 2283.0
1467.7663117883894 2274.0
1471.3232422985684 2370.0
1474.8781902717353 2259.0
1478.4311571559915 2279.0
1481.9821443979858 2232.0
1485.531153442869 2287.0
1489.078185734343 2219.0
1492.6232427146563 2234.0
1496.1663258245667 2282.0
1499.7074365033957 2210.0
1503.246576188995 2264.0
1506.7837463177634 2314.0
1510.3189483246447 2301.0
1513.8521836431228 2307.0
1517.3834537052471 2273.0
1520.9127599415986 2286.0
1524.4401037813223 2267.0
1527.9654866521066 2268.0
1531.4889099802024 2343.0
1535.010375190431 2253.0
1538.5298837061507 2252.0
1542.0474369492879 2325.0
1545.5630363403407 2265.0
1549.076683298367 2181.0
1552.5883792409895 2291.0
1556.0981255843994 2281.0
1559.605923743359 2336.0
1563.1117751312065 2266.0
1566.6156811598437 2289.0
1570.1176432397615 2234.0
1573.617662780015 2232.0
1577.115741188248 2273.0
1580.6118798706789 2242.0
1584.106080232111 2234.0
1587.598343675931 2248.0
1591.088671604123 2193.0
1594.577065417227 2209.0
1598.0635265144165 2195.0
1601.5480562934213 2230.0
1605.0306561505852 2153.0
1608.5113274808255 2119.0
1611.9900716776801 2182.0
1615.4668901332711 2192.0
1618.9417842383223 2195.0
1622.4147553821647 2200.0
1625.8858049527248 2121.0
1629.3549343365407 2212.0
1632.8221449187527 2180.0
1636.2874380831104 2207.0
1639.7508152119758 2150.0
1643.2122776863298 2184.0
1646.6718268857485 2139.0
1650.1294641884474 2124.0
1653.5851909712358 2148.0
1657.039008609556 2177.0
1660.4909184774679 2166.0
1663.9409219476534 2112.0
1667.389020391422 2147.0
1670.8352151786964 2132.0
1674.2795076780449 2105.0
1677.7218992566554 2082.0
1681.1623912803384 2041.0
1684.6009851135516 2140.0
1688.0376821193756 2062.0
1691.4724836595424 2110.0
1694.905391094407 2101.0
1698.3364057829558 2138.0
1701.7655290828422 2071.0
1705.1927623503402 2095.0
1708.6181069403797 2022.0
1712.0415642065302 2090.0
1715.4631355010088 2092.0
1718.882822174686 2077.0
1722.3006255770792 2107.0
1725.7165470563675 2057.0
1729.1305879593667 2011.0
1732.542749631565 2061.0
1735.9530334170975 2074.0
1739.3614406587637 2042.0
1742.767972698026 2078.0
1746.1726308749967 2026.0
1749.5754165284682 2043.0
1752.976330995895 2063.0
1756.3753756133874 2069.0
1759.7725517157367 1995.0
1763.167860636399 2075.0
1766.5613037075052 2046.0
1769.9528822598616 2035.0
1773.3425976229405 2044.0
1776.7304511249095 2019.0
1780.116444092593 2067.0
1783.5005778515088 2038.0
1786.8828537258578 2063.0
1790.2632730385144 1993.0
1793.6418371110515 2049.0
1797.0185472637127 2076.0
1800.393404815452 2038.0
1803.7664110838848 2012.0
1807.1375673853436 2005.0
1810.5068750348435 2073.0
1813.8743353460848 1989.0
1817.239949631485 2011.0
1820.603719202142 1985.0
1823.9656453678606 1971.0
1827.3257294371494 1915.0
1830.683972717216 1971.0
1834.0403765139617 1991.0
1837.3949421320121 2039.0
1840.7476708746929 1976.0
1844.0985640440374 2036.0
1847.4476229407805 2017.0
1850.7948488643926 2003.0
1854.1402431130368 2030.0
1857.483806983599 2012.0
1860.8255417716787 2039.0
1864.1654487715969 1995.0
1867.5035292763966 2002.0
1870.8397845778377 2023.0
1874.1742159664002 1996.0
1877.506824731303 1961.0
1880.8376121604715 2042.0
1884.1665795405804 2039.0
1887.4937281570062 2020.0
1890.8190592938815 2007.0
1894.1425742340632 1980.0
1897.46427425913 2051.0
1900.7841606494203 1999.0
1904.1022346839832 2047.0
1907.4184976406198 1995.0
1910.7329507958723 1978.0
1914.0455954250135 2009.0
1917.3564328020834 2030.0
1920.6654641998377 2026.0
1923.9726908897915 2062.0
1927.2781141422092 2092.0
1930.5817352261 2059.0
1933.883555409225 2063.0
1937.1835759580958 2025.0
1940.4817981379845 2060.0
1943.778223212904 2035.0
1947.072852445642 2077.0
1950.3656870977327 2063.0
1953.6567284294701 2043.0
1956.9459776999101 1985.0
1960.2334361668766 1972.0
1963.5191050869448 2017.0
1966.8029857154734 1961.0
1970.085079306572 1968.0
1973.3653871131296 1956.0
1976.643910386799 2015.0
1979.920650378008 1953.0
1983.1956083359569 1945.0
1986.4687855086077 1985.0
1989.740183142726 1941.0
1993.0098024838303 1955.0
1996.2776447762224 1954.0
1999.5437112629984 1900.0
2002.8080031860193 1925.0
2006.070521785939 1906.0
2009.33126830219 1959.0
2012.5902439729937 1911.0
2015.8474500353661 1947.0
2019.102887725094 1987.0
2022.3565582767758 1931.0
2025.6084629237955 1958.0
2028.8586028983166 1919.0
2032.1069794313178 1939.0
2035.353593752558 1954.0
2038.5984470906053 1907.0
2041.841540672822 1982.0
2045.0828757253626 1835.0
2048.3224534732044 1913.0
2051.5602751401098 1929.0
2054.796341948658 1950.0
2058.0306551202207 1880.0
2061.263215874989 1957.0
2064.494025431967 1889.0
2067.7230850089477 1958.0
2070.95039582257 1895.0
2074.17595908825 1978.0
2077.399776020247 1954.0
2080.621847831618 1906.0
2083.8421757342503 1955.0
2087.060760938848 1910.0
2090.277604654921 1894.0
2093.4927080908255 1996.0
2096.706072453726 1910.0
2099.9176989496145 1876.0
2103.1275887833067 1993.0
2106.3357431584486 1933.0
2109.542163277517 1924.0
2112.7468503418154 1991.0
2115.94980555148 1966.0
2119.151030105487 1986.0
2122.3505252016384 1983.0
2125.548292036571 1925.0
2128.7443318057694 1936.0
2131.938645703539 1941.0
2135.1312349230475 1981.0
2138.322100656289 1922.0
2141.5112440940998 1905.0
2144.698666426176 1911.0
2147.88436884104 1872.0
2151.068352526078 1853.0
2154.2506186675023 1831.0
2157.431168450402 1839.0
2160.610003058697 1850.0
2163.7871236751666 1876.0
2166.962531481452 1890.0
2170.1362276580317 1866.0
2173.308213384254 1813.0
2176.478489838323 1832.0
2179.6470581972967 1846.0
2182.8139196371026 1840.0
2185.9790753325196 1825.0
2189.1425264571963 1831.0
2192.304274183654 1845.0
2195.464319683265 1765.0
2198.6226641262692 1783.0
2201.7793086817833 1777.0
2204.934254517797 1775.0
2208.087502801161 1787.0
2211.2390546976053 1819.0
2214.3889113717296 1720.0
2217.5370739870177 1784.0
2220.6835437058126 1830.0
2223.828321689357 1764.0
2226.9714090977536 1820.0
2230.1128070900027 1804.0
2233.252516823975 1800.0
2236.3905394564254 1827.0
2239.526876142994 1779.0
2242.6615280382157 1840.0
2245.794496295501 1855.0
2248.9257820671532 1791.0
2252.055386504359 1752.0
2255.1833107572184 1766.0
2258.3095559746944 1691.0
2261.434123304667 1725.0
2264.5570138938924 1735.0
2267.6782288880386 1737.0
2270.797769431665 1775.0
2273.915636668228 1788.0
2277.031831740084 1778.0
2280.146355788501 1797.0
2283.2592099536346 1769.0
2286.3703953745626 1769.0
2289.4799131892446 1826.0
2292.5877645345686 1812.0
2295.6939505463138 1834.0
2298.7984723591867 1797.0
2301.901331106793 1790.0
2305.0025279216416 1779.0
2308.102063935174 1814.0
2311.199940277736 1801.0
2314.2961580785873 1764.0
2317.3907184659106 1764.0
2320.483622566794 1755.0
2323.5748715072655 1706.0
2326.6644664122537 1715.0
2329.752408405624 1757.0
2332.838698610158 1758.0
2335.9233381475656 1786.0
2339.006328138471 1775.0
2342.0876697024346 1703.0
2345.167363957954 1772.0
2348.245412022443 1767.0
2351.321815012245 1736.0
2354.3965740426474 1709.0
2357.4696902278606 1797.0
2360.541164681035 1757.0
2363.610998514258 1782.0
2366.6791928385355 1718.0
2369.745748763844 1755.0
2372.8106673990765 1741.0
2375.8739498520754 1743.0
2378.9355972296166 1709.0
2381.9956106374293 1674.0
2385.053991180181 1678.0
2388.1107399614843 1720.0
2391.165858083909 1641.0
2394.219346648959 1717.0
2397.2712067570956 1698.0
2400.321439507728 1638.0
2403.370045999218 1654.0
2406.4170273288814 1647.0
2409.4623845929887 1697.0
2412.506118886757 1682.0
2415.548231304379 1766.0
2418.588722938983 1756.0
2421.6275948826737 1761.0
2424.664848226512 1707.0
2427.700484060513 1694.0
2430.7345034736586 1640.0
2433.766907553895 1688.0
2436.797697388138 1713.0
2439.826874062268 1656.0
2442.8544386611197 1654.0
2445.880392268516 1686.0
2448.9047359672454 1675.0
2451.9274708390535 1641.0
2454.9485979646747 1678.0
2457.968118423806 1686.0
2460.986033295128 1658.0
2464.0023436562883 1684.0
2467.0170505839164 1644.0
2470.0301551536263 1665.0
2473.041658439998 1694.0
2476.0515615165987 1632.0
2479.0598654559767 1628.0
2482.0665713296735 1637.0
2485.0716802081906 1632.0
2488.07519316104 1615.0
2491.0771112567063 1591.0
2494.07743556267 1578.0
2497.0761671453906 1638.0
2500.073307070323 1682.0
2503.06885640191 1649.0
2506.062816203603 1607.0
2509.0551875378173 1650.0
2512.045971465992 1616.0
2515.0351690485436 1646.0
2518.0227813448937 1613.0
2521.0088094134558 1608.0
2523.993254311646 1650.0
2526.976117095887 1625.0
2529.9573988215943 1593.0
2532.9371005431863 1590.0
2535.9152233140976 1593.0
2538.8917681867533 1619.0
2541.8667362125925 1607.0
2544.84012844205 1594.0
2547.8119459245863 1593.0
2550.78218970867 1584.0
2553.750860841758 1582.0
2556.7179603703476 1584.0
2559.6834893399355 1592.0
2562.647448795029 1615.0
2565.6098397791616 1615.0
2568.5706633348677 1629.0
2571.5299205037227 1538.0
2574.4876123262943 1625.0
2577.4437398421846 1584.0
2580.3983040900266 1606.0
2583.351306107448 1586.0
2586.3027469311214 1594.0
2589.2526275967352 1590.0
2592.2009491390127 1551.0
2595.1477125916867 1555.0
2598.0929189875337 1595.0
2601.036569358354 1609.0
2603.97866473497 1610.0
2606.919206147248 1602.0
2609.8581946240793 1624.0
2612.7956311933794 1595.0
2615.731516882125 1637.0
2618.665852716299 1631.0
2621.598639720938 1600.0
2624.529878920113 1601.0
2627.4595713369263 1584.0
2630.387717993531 1579.0
2633.3143199111096 1602.0
2636.2393781099026 1562.0
2639.162893609175 1543.0
2642.0848674272506 1549.0
2645.0053005814925 1511.0
2647.9241940883103 1518.0
2650.841548963161 1553.0
2653.75736622055 1516.0
2656.671646874035 1553.0
2659.584391936222 1521.0
2662.4956024187663 1578.0
2665.405279332386 1518.0
2668.313423686841 1573.0
2671.2200364909563 1556.0
2674.1251187526013 1516.0
2677.028671478716 1517.0
2679.9306956752903 1529.0
2682.83119234738 1492.0
2685.73016249909 1511.0
2688.6276071335965 1567.0
2691.5235272531395 1540.0
2694.4179238590127 1531.0
2697.310797951588 1541.0
2700.202150530285 1545.0
2703.091982593608 1544.0
2705.9802951391207 1528.0
2708.867089163459 1540.0
2711.7523656623234 1503.0
2714.636125630493 1473.0
2717.518370061809 1495.0
2720.399099949192 1525.0
2723.278316284646 1517.0
2726.1560200592353 1514.0
2729.0322122630996 1495.0
2731.906893885469 1514.0
2734.780065914645 1503.0
2737.6517293380098 1508.0
2740.521885142022 1542.0
2743.3905343122274 1443.0
2746.257677833251 1449.0
2749.123316688803 1508.0
2751.9874518616793 1509.0
2754.8500843337574 1525.0
2757.7112150860044 1519.0
2760.5708450984803 1522.0
2763.428975350317 1456.0
2766.2856068197557 1483.0
2769.1407404841243 1521.0
2771.9943773198293 1487.0
2774.846518302386 1530.0
2777.697164406392 1457.0
2780.5463166055483 1558.0
2783.3939758726483 1510.0
2786.240143179586 1469.0
2789.0848194973446 1531.0
2791.9280057960145 1483.0
2794.769703044781 1511.0
2797.6099122119385 1512.0
2800.448634264871 1487.0
2803.2858701700816 1479.0
2806.1216208931587 1436.0
2808.9558873988103 1448.0
2811.7886706508484 1492.0
2814.6199716121796 1473.0
2817.4497912448373 1465.0
2820.278130509957 1451.0
2823.104990367781 1512.0
2825.9303717776565 1493.0
2828.754275698061 1514.0
2831.5767030865713 1417.0
2834.397654899873 1427.0
2837.2171320937896 1424.0
2840.035135623243 1458.0
2842.851666442271 1446.0
2845.66672550404 1491.0
2848.4803137608214 1529.0
2851.292432164028 1543.0
2854.1030816641714 1515.0
2856.912263210895 1495.0
2859.7199777529718 1497.0
2862.5262262382867 1464.0
2865.3310096138603 1458.0
2868.1343288258213 1405.0
2870.9361848194553 1464.0
2873.7365785391485 1455.0
2876.5355109284205 1481.0
2879.33298292994 1494.0
2882.1289954854865 1511.0
2884.9235495359776 1458.0
2887.7166460214626 1481.0
2890.5082858811206 1473.0
2893.2984700532857 1422.0
2896.0871994753975 1452.0
2898.8744750840574 1383.0
2901.6602978149945 1453.0
2904.444668603071 1457.0
2907.2275883822967 1470.0
2910.009058085816 1440.0
2912.789078645924 1451.0
2915.5676509940517 1449.0
2918.344776060768 1447.0
2921.120454775802 1482.0
2923.894688068012 1406.0
2926.6674768654116 1525.0
2929.4388220951587 1498.0
2932.2087246835586 1454.0
2934.9771855560734 1483.0
2937.7442056372956 1465.0
2940.5097858509957 1478.0
2943.273927120077 1525.0
2946.0366303666015 1509.0
2948.797896511785 1497.0
2951.5577264759963 1436.0
2954.316121178762 1518.0
2957.0730815387665 1507.0
2959.8286084738465 1508.0
2962.5827029010106 1498.0
2965.335365736404 1460.0
2968.086597895359 1438.0
2970.836400292339 1428.0
2973.5847738410007 1524.0
2976.331719454148 1477.0
2979.077238043741 1512.0
2981.821330520927 1538.0
2984.5639977959995 1498.0
2987.3052407784307 1501.0
2990.045060376849 1507.0
2992.783457499064 1523.0
2995.5204330520514 1520.0
2998.2559879419555 1498.0
3000.990123074086 1516.0
3003.7228393529404 1492.0
3006.454137682174 1485.0
3009.1840189646277 1489.0
3011.9124841023067 1471.0
3014.6395339964033 1482.0
3017.365169547287 1491.0
3020.0893916544883 1479.0
3022.8122012167387 1444.0
3025.5335991319375 1453.0
3028.2535862971627 1482.0
3030.9721636086824 1478.0
3033.6893319619353 1482.0
3036.4050922515553 1497.0
3039.1194453713583 1495.0
3041.8323922143363 1523.0
3044.543933672676 1535.0
3047.2540706377554 1510.0
3049.96280400013 1563.0
3052.670134649539 1553.0
3055.376063474933 1576.0
3058.0805913644367 1548.0
3060.7837192053626 1547.0
3063.485447884237 1538.0
3066.185778286749 1571.0
3068.8847112978096 1604.0
3071.5822478015098 1548.0
3074.2783886811394 1541.0
3076.973134819184 1599.0
3079.666487097331 1562.0
3082.35844639646 1603.0
3085.0490135966597 1567.0
3087.738189577211 1579.0
3090.4259752165935 1558.0
3093.1123713924926 1617.0
3095.7973789818066 1593.0
3098.4809988606225 1589.0
3101.16323190423 1607.0
3103.8440789871493 1606.0
3106.5235409830775 1640.0
3109.2016187649365 1604.0
3111.8783132048475 1652.0
3114.553625174143 1600.0
3117.2275555433716 1586.0
3119.9001051822893 1631.0
3122.571274959854 1670.0
3125.241065744253 1623.0
3127.9094784028725 1656.0
3130.5765138023257 1711.0
3133.2421728084264 1704.0
3135.9064562862163 1710.0
3138.569365099947 1706.0
3141.2309001130907 1684.0
3143.8910621883365 1700.0
3146.5498521876 1709.0
3149.207270972006 1689.0
3151.8633194019026 1743.0
3154.5179983368694 1701.0
3157.1713086356986 1743.0
3159.823251156404 1689.0
3162.473826756238 1701.0
3165.1230362916685 1704.0
3167.770880618385 1669.0
3170.417360591313 1710.0
3173.0624770646023 1708.0
3175.70623089163 1670.0
3178.3486229250057 1716.0
3180.989654016568 1698.0
3183.629325017386 1697.0
3186.267636777764 1711.0
3188.9045901472323 1679.0
3191.5401859745634 1729.0
3194.1744251077566 1666.0
3196.80730839405 1708.0
3199.438836679921 1712.0
3202.069010811081 1637.0
3204.697831632479 1730.0
3207.325299988302 1752.0
3209.9514167219777 1728.0
3212.5761826761736 1708.0
3215.1995986928014 1753.0
3217.8216656130126 1727.0
3220.442384277195 1756.0
3223.061755524997 1721.0
3225.6797801952903 1688.0
3228.2964591262107 1639.0
3230.911793155125 1693.0
3233.525783118659 1694.0
3236.138429852677 1667.0
3238.749734192298 1630.0
3241.3596969718924 1669.0
3243.9683190250717 1653.0
3246.5756011847016 1670.0
3249.181544282907 1695.0
3251.786149151051 1677.0
3254.389416619773 1693.0
3256.9913475189414 1693.0
3259.5919426776923 1662.0
3262.19120292442 1672.0
3264.7891290867733 1678.0
3267.3857219916504 1662.0
3269.980982465218 1635.0
3272.5749113328993 1675.0
3275.1675094193747 1668.0
3277.758777548586 1629.0
3280.3487165437396 1640.0
3282.9373272273046 1680.0
3285.524610421005 1703.0
3288.110566945835 1707.0
3290.6951976220503 1683.0
3293.278503269186 1646.0
3295.860484706023 1671.0
3298.4411427506134 1656.0
3301.0204782202895 1725.0
3303.598491931647 1759.0
3306.1751847005407 1713.0
3308.7505573421086 1663.0
3311.324610670752 1691.0
3313.8973455001487 1675.0
3316.4687626432465 1758.0
3319.03886291227 1717.0
3321.6076471187084 1664.0
3324.175116073335 1706.0
3326.7412705861993 1757.0
3329.3061114666207 1708.0
3331.8696395231973 1684.0
3334.4318555638133 1673.0
3336.992760395619 1671.0
3339.552354825058 1709.0
3342.110639657841 1674.0
3344.6676156989706 1641.0
3347.223283752718 1689.0
3349.777644622658 1691.0
3352.330699111629 1610.0
3354.882448021758 1615.0
3357.4328921544707 1688.0
3359.9820323104605 1668.0
3362.5298692897104 1669.0
3365.07640389151 1696.0
3367.621636914404 1738.0
3370.165569156253 1759.0
3372.7082014142 1707.0
3375.2495344846675 1692.0
3377.7895691633867 1707.0
3380.328306245373 1716.0
3382.865746524924 1712.0
3385.4018907956474 1812.0
3387.9367398504355 1740.0
3390.470294481476 1815.0
3393.002555480253 1780.0
3395.5335236375477 1760.0
3398.0631997434457 1736.0
3400.5915845873155 1720.0
3403.1186789578305 1693.0
3405.6444836429687 1718.0
3408.1689994300064 1736.0
3410.6922271055078 1745.0
3413.2141674553664 1713.0
3415.734821264752 1700.0
3418.254189318146 1675.0
3420.7722723993356 1707.0
3423.2890712914095 1704.0
3425.804586776771 1705.0
3428.318819637113 1716.0
3430.831770653447 1656.0
3433.3434406060946 1676.0
3435.853830274676 1643.0
3438.3629404381286 1669.0
3440.870771874692 1648.0
3443.3773253619156 1623.0
3445.8826016766784 1622.0
3448.386601595144 1588.0
3450.8893258928088 1591.0
3453.3907753444787 1589.0
3455.890950724266 1545.0
3458.389852805607 1604.0
3460.8874823612437 1536.0
3463.3838401632447 1548.0
3465.878926982996 1514.0
3468.3727435911856 1564.0
3470.865290757842 1537.0
3473.3565692522975 1504.0
3475.8465798432085 1514.0
3478.335323298552 1502.0
3480.822800385633 1516.0
3483.3090118710647 1530.0
3485.7939585207955 1489.0
3488.277641100093 1431.0
3490.760060373549 1472.0
3493.24121710508 1483.0
3495.7211120579263 1431.0
3498.199745994657 1406.0
3500.6771196771733 1410.0
3503.1532338666957 1449.0
3505.6280893237727 1447.0
3508.101686808293 1388.0
3510.5740270794654 1349.0
3513.045110895834 1351.0
3515.514939015272 1308.0
3517.983512194981 1369.0
3520.450831191509 1317.0
3522.9168967607193 1252.0
3525.3817096578246 1270.0
3527.845270637363 1291.0
3530.30758045321 1290.0
3532.768639858584 1255.0
3535.228449606032 1230.0
3537.6870104474438 1271.0
3540.1443231340486 1206.0
3542.600388416405 1231.0
3545.055207044422 1183.0
3547.5087797673496 1198.0
3549.961107333767 1183.0
3552.4121904916083 1167.0
3554.8620299881495 1173.0
3557.31062657 1163.0
3559.7579809831154 1193.0
3562.204093972812 1177.0
3564.6489662837257 1150.0
3567.092598659859 1147.0
3569.5349918445518 1154.0
3571.9761465804913 1119.0
3574.4160636097185 1153.0
3576.8547436736194 1064.0
3579.2921875129236 1109.0
3581.728395867724 1141.0
3584.163369477458 1088.0
3586.59710908091 1111.0
3589.0296154162183 1088.0
3591.460889220883 1098.0
3593.890931231744 1049.0
3596.3197421850105 1100.0
3598.747322816232 1060.0
3601.1736738603204 1016.0
3603.59879605155 1034.0
3606.0226901235387 1034.0
3608.4453568092704 1027.0
3610.8667968410896 1056.0
3613.287010950689 1010.0
3615.7059998691375 1083.0
3618.123764326849 1004.0
3620.540305053607 1035.0
3622.9556227785524 1014.0
3625.3697182301867 1020.0
3627.7825921363797 1034.0
3630.194245224372 1044.0
3632.6046782207427 1050.0
3635.013891851468 1015.0
3637.4218868418657 977.0
3639.828663916627 1007.0
3642.2342237998178 965.0
3644.6385672148604 1010.0
3647.0416948845514 991.0
3649.4436075310587 990.0
3651.8443058759135 955.0
3654.2437906400223 971.0
3656.642062543657 994.0
3659.039122306464 981.0
3661.4349706474677 958.0
3663.8296082850547 984.0
3666.2230359369946 961.0
3668.615254320423 965.0
3671.00626415186 978.0
3673.3960661471933 986.0
3675.784661021687 1014.0
3678.1720494899864 970.0
3680.5582322661094 947.0
3682.9432100634576 946.0
3685.3269835948045 1008.0
3687.709553572315 974.0
3690.0909207075183 1007.0
3692.471085711335 968.0
3694.850049294066 947.0
3697.2278121653794 941.0
3699.604375034355 938.0
3701.9797386094356 979.0
3704.353903598442 960.0
3706.7268707086014 967.0
3709.0986406465054 972.0
3711.4692141181463 951.0
3713.8385918288877 995.0
3716.2067744835003 966.0
3718.573762786128 953.0
3720.9395574402947 925.0
3723.3041591489446 928.0
3725.6675686143785 940.0
3728.0297865383072 955.0
3730.390813621821 935.0
3732.750650565404 955.0
3735.1092980689455 928.0
3737.46675683171 944.0
3739.8230275523615 947.0
3742.178110928967 963.0
3744.5320076589746 953.0
3746.884718439233 926.0
3749.236243965988 979.0
3751.5865849348847 931.0
3753.935742040954 968.0
3756.283715978638 938.0
3758.6305074417724 964.0
3760.9761171235887 960.0
3763.320545716721 933.0
3765.663793913207 977.0
3768.005862404471 944.0
3770.3467518813572 946.0
3772.6864630341056 940.0
3775.0249965523476 987.0
3777.3623531251387 898.0
3779.6985334409214 936.0
3782.033538187546 937.0
3784.367368052273 924.0
3786.7000237217712 889.0
3789.0315058821084 923.0
3791.3618152187564 921.0
3793.690952416603 943.0
3796.0189181599435 930.0
3798.345713132479 900.0
3800.6713380173205 908.0
3802.9957934969902 943.0
3805.319080253419 927.0
3807.6411989679477 906.0
3809.962150321338 961.0
3812.281934993753 952.0
3814.6005536647804 949.0
3816.918007013407 901.0
3819.234295718041 901.0
3821.549420456511 895.0
3823.863381906059 890.0
3826.1761807433286 900.0
3828.487817644406 922.0
3830.7982932847713 914.0
3833.107608339338 933.0
3835.415763482426 953.0
3837.722759387778 911.0
3840.028596728568 916.0
3842.333276177373 916.0
3844.636798406205 964.0
3846.939164086486 932.0
3849.2403738890644 896.0
3851.5404284842184 899.0
3853.839328541637 917.0
3856.1370747304404 839.0
3858.433667719172 850.0
3860.729108175799 962.0
3863.02339676772 853.0
3865.316534161752 923.0
3867.6085210241413 869.0
3869.8993580205597 903.0
3872.189045816114 896.0
3874.47758507533 847.0
3876.764976462172 858.0
3879.051220640026 902.0
3881.3363182717167 829.0
3883.620270019488 900.0
3885.9030765450243 940.0
3888.1847385094347 901.0
3890.4652565732767 872.0
3892.744631396525 881.0
3895.0228636385855 906.0
3897.299953958316 927.0
3899.5759030139957 885.0
3901.850711463342 856.0
3904.124379963507 924.0
3906.3969091710815 858.0
3908.6682997421017 804.0
3910.938552332019 861.0
3913.2076675957524 863.0
3915.475646187633 787.0
3917.7424887614507 894.0
3920.008195970421 807.0
3922.272768467211 863.0
3924.536206903926 831.0
3926.7985119321133 801.0
3929.05968420275 878.0
3931.3197243662808 841.0
3933.578633072575 842.0
3935.83641097095 862.0
3938.0930587101707 790.0
3940.3485769384424 838.0
3942.602966303423 834.0
3944.8562274522083 808.0
3947.108361031348 838.0
3949.35936768684 799.0
3951.609248064121 849.0
3953.8580028080823 808.0
3956.105632563066 846.0
3958.3521379728586 850.0
3960.5975196807076 810.0
3962.841778329294 901.0
3965.0849145607663 812.0
3967.3269290167104 803.0
3969.5678223381824 806.0
3971.8075951656706 855.0
3974.0462481391337 809.0
3976.2837818979797 801.0
3978.520197081062 758.0
3980.755494326709 798.0
3982.9896742726814 801.0
3985.222737556214 836.0
3987.454684813985 844.0
3989.6855166821415 792.0
3991.915233796284 799.0
3994.143836791469 817.0
3996.3713263022146 788.0
3998.597702962502 779.0
4000.822967405763 795.0
4003.0471202648982 799.0
4005.2701621722626 814.0
4007.4920937596853 782.0
4009.7129156584415 778.0
4011.932628499278 793.0
4014.1512329124075 776.0
4016.3687295275017 775.0
4018.585118973699 790.0
4020.800401879597 823.0
4023.0145788732666 759.0
4025.2276505822447 810.0
4027.4396176335267 780.0
4029.6504806535827 761.0
4031.860240268348 795.0
4034.068897103226 790.0
4036.2764517830915 777.0
4038.482904932274 837.0
4040.6882571745996 787.0
4042.8925091333435 789.0
4045.0956614312495 843.0
4047.2977146905546 816.0
4049.498669532949 786.0
4051.6985265796025 818.0
4053.897286451151 812.0
4056.0949497677084 805.0
4058.291517148869 815.0
4060.4869892136912 810.0
4062.681366580716 752.0
4064.8746498679525 839.0
4067.066839692898 767.0
4069.257936672509 775.0
4071.447941423234 774.0
4073.6368545609944 739.0
4075.8246767011888 804.0
4078.011408458692 746.0
4080.197050447866 753.0
4082.381603282548 819.0
4084.5650675760526 784.0
4086.7474439411767 739.0
4088.928732990198 736.0
4091.1089353348857 767.0
4093.2880515864726 805.0
4095.4660823556956 765.0
4097.643028252761 757.0
4099.818889887361 737.0
4101.993667868672 763.0
4104.167362805361 751.0
4106.339975305572 750.0
4108.511505976948 753.0
4110.6819554265985 753.0
4112.851324261139 733.0
4115.019613086664 725.0
4117.186822508753 758.0
4119.352953132485 775.0
4121.5180055624105 718.0
4123.681980402591 789.0
4125.844878256561 753.0
4128.006699727352 739.0
4130.16744541749 669.0
4132.3271159289825 733.0
4134.48571186334 722.0
4136.6432338215545 713.0
4138.799682404124 758.0
4140.955058211032 742.0
4143.109361841753 715.0
4145.262593895269 712.0
4147.414754970041 734.0
4149.565845664037 725.0
4151.715866574717 730.0
4153.864818299035 693.0
4156.01270143345 733.0
4158.159516573906 744.0
4160.305264315858 719.0
4162.449945254259 718.0
4164.593559983544 719.0
4166.73610909767 697.0
4168.8775931900755 689.0
4171.018012853716 736.0
4173.157368681038 745.0
4175.295661263984 695.0
4177.432891194017 693.0
4179.569059062087 705.0
4181.704165458649 714.0
4183.838210973663 680.0
4185.971196196602 713.0
4188.103121716428 697.0
4190.2339881216185 667.0
4192.363796000154 700.0
4194.49254593952 726.0
4196.620238526708 708.0
4198.7468743482195 681.0
4200.872453990056 657.0
4202.996978037736 724.0
4205.120447076287 707.0
4207.242861690229 674.0
4209.364222463613 660.0
4211.48452997999 710.0
4213.603784822418 673.0
4215.721987573468 726.0
4217.839138815228 712.0
4219.95523912929 695.0
4222.0702890967605 666.0
4224.184289298262 691.0
4226.297240313931 674.0
4228.409142723409 682.0
4230.519997105863 665.0
4232.629804039958 651.0
4234.738564103896 666.0
4236.846277875385 672.0
4238.952945931634 643.0
4241.058568849397 717.0
4243.163147204922 718.0
4245.266681573985 676.0
4247.369172531877 665.0
4249.470620653413 668.0
4251.5710265129155 653.0
4253.670390684232 668.0
4255.768713740742 663.0
4257.865996255322 698.0
4259.962238800385 648.0
4262.057441947868 705.0
4264.151606269212 681.0
4266.244732335401 651.0
4268.336820716925 654.0
4270.427871983812 619.0
4272.517886705603 608.0
4274.6068654513665 605.0
4276.694808789695 644.0
4278.781717288701 619.0
4280.867591516038 569.0
4282.952432038865 567.0
4285.03623942388 577.0
4287.1190142373125 543.0
4289.200757044901 551.0
4291.281468411935 516.0
4293.36114890321 553.0
4295.439799083063 492.0
4297.5174195153595 505.0
4299.594010763493 512.0
4301.669573390386 486.0
4303.7441079584905 499.0
4305.817615029793 485.0
4307.890095165809 507.0
4309.961548927587 465.0
4312.031976875705 471.0
4314.101379570278 445.0
4316.169757570955 455.0
4318.2371114369125 437.0
4320.30344172687 371.0
4322.368748999074 372.0
4324.433033811306 423.0
4326.496296720886 413.0
4328.558538284671 427.0
4330.6197590590555 358.0
4332.679959599967 364.0
4334.7391404628725 376.0
4336.797302202772 381.0
4338.854445374218 402.0
4340.910570531276 469.0
4342.965678227581 517.0
4345.019769016285 483.0
4347.072843450088 421.0
4349.124902081238 386.0
4351.1759454615085 331.0
4353.225974142224 351.0
4355.274988674248 270.0
4357.3229896079865 256.0
4359.369977493396 259.0
4361.415952879959 279.0
4363.460916316721 273.0
4365.5048683522555 320.0
4367.547809534695 333.0
4369.5897404117 336.0
4371.6306615304875 317.0
4373.670573437822 322.0
4375.709476680005 321.0
4377.747371802899 290.0
4379.784259351895 202.0
4381.820139871951 218.0
4383.855013907556 182.0
4385.888882002757 176.0
4387.921744701142 130.0
4389.953602545866 144.0
4391.984456079612 137.0
4394.014305844623 66.0
4396.043152382701 92.0
4398.070996235179 123.0
4400.0978379429625 36.0
4402.123678046491 79.0
4404.148517085772 68.0
4406.172355600349 45.0
4408.195194129342 60.0
4410.217033211396 41.0
4412.237873384736 33.0
4414.257715187123 51.0
4416.2765591558855 33.0
4418.294405827894 8.0
4420.3112557395925 106.0
4422.32710942696 7.0
4424.3419674255565 45.0
4426.355830270479 65.0
4428.36869849639 42.0
4430.380572637508 72.0
4432.39145322761 24.0
4434.401340800034 21.0
4436.410235887675 39.0
4438.4181390229905 45.0
4440.425050737994 64.0
4442.430971564261 39.0
4444.435902032928 33.0
4446.439842674696 18.0
4448.442794019818 36.0
4450.444756598123 35.0
4452.445730938992 77.0
4454.44571757137 30.0
4456.444717023771 51.0
4458.442729824267 29.0
4460.4397565005 54.0
4462.435797579665 45.0
4464.430853588542 18.0
4466.424925053455 13.0
4468.418012500315 43.0
4470.410116454574 32.0
4472.401237441276 26.0
4474.391375985009 22.0
4476.380532609956 1.0
4478.368707839836 40.0
4480.355902197963 34.0
4482.342116207208 2.0
4484.327350390012 21.0
4486.3116052683845 -5.0
4488.294881363911 22.0
4490.277179197734 48.0
4492.258499290585 9.0
4494.2388421627575 20.0
4496.218208334109 42.0
4498.196598324087 38.0
4500.174012651698 32.0
4502.150451835519 17.0
4504.125916393715 0.0
4506.100406844011 0.0
4508.073923703707 33.0
4510.046467489687 30.0
4512.018038718405 36.0
4513.98863790589 2.0
4515.9582655677395 7.0
4517.926922219141 12.0
4519.894608374854 -3.0
4521.861324549197 28.0
4523.827071256099 14.0
4525.791849009041 25.0
4527.755658321092 4.0
4529.718499704895 13.0
4531.680373672676 25.0
