
Integration time [ms]:   0.300
Averaging Nr. [scans]: 1
Smoothing Nr. [pixels]: 0
Data measured with spectrometer [name]: VIS
Wave   ;Sample   ;Dark     ;Reference
[nm]   ;[counts] ;[counts] ;[counts] 

450.961;  172.875;  204.125;    0.000
451.100;  239.875;  219.125;    0.000
451.239;  211.875;  196.125;    0.000
451.377;  246.875;  252.125;    0.000
451.516;  243.875;  215.125;    0.000
451.655;  247.875;  214.125;    0.000
451.794;  230.875;  241.125;    0.000
451.932;  226.875;  242.125;    0.000
452.071;  244.875;  204.125;    0.000
452.210;  198.875;  243.125;    0.000
452.348;  236.875;  241.125;    0.000
452.487;  248.875;  246.125;    0.000
452.626;  220.875;  235.125;    0.000
452.764;  231.875;  230.125;    0.000
452.903;  244.875;  199.125;    0.000
453.042;  285.875;  178.125;    0.000
453.180; 2935.875;  291.125;    0.000
453.319; 3065.875;  335.125;    0.000
453.458; 3046.875;  245.125;    0.000
453.596; 3005.875;  325.125;    0.000
453.735; 3053.875;  291.125;    0.000
453.873; 3120.875;  295.125;    0.000
454.012; 3077.875;  291.125;    0.000
454.150; 3124.875;  292.125;    0.000
454.289; 3239.875;  328.125;    0.000
454.427; 3239.875;  295.125;    0.000
454.566; 3149.875;  295.125;    0.000
454.704; 3209.875;  301.125;    0.000
454.843; 3285.875;  278.125;    0.000
454.981; 3388.875;  306.125;    0.000
455.120; 3450.875;  237.125;    0.000
455.258; 3381.875;  325.125;    0.000
455.397; 3399.875;  276.125;    0.000
455.535; 3429.875;  269.125;    0.000
455.674; 3511.875;  259.125;    0.000
455.812; 3522.875;  264.125;    0.000
455.951; 3533.875;  286.125;    0.000
456.089; 3548.875;  302.125;    0.000
456.227; 3625.875;  230.125;    0.000
456.366; 3660.875;  303.125;    0.000
456.504; 3714.875;  316.125;    0.000
456.642; 3699.875;  309.125;    0.000
456.781; 3825.875;  299.125;    0.000
456.919; 3719.875;  281.125;    0.000
457.057; 3773.875;  253.125;    0.000
457.196; 3844.875;  268.125;    0.000
457.334; 3922.875;  292.125;    0.000
457.472; 3971.875;  287.125;    0.000
457.610; 4036.875;  300.125;    0.000
457.749; 4103.875;  342.125;    0.000
457.887; 4067.875;  310.125;    0.000
458.025; 4036.875;  310.125;    0.000
458.163; 4238.875;  323.125;    0.000
458.301; 4245.875;  336.125;    0.000
458.440; 4386.875;  297.125;    0.000
458.578; 4342.875;  295.125;    0.000
458.716; 4487.875;  309.125;    0.000
458.854; 4496.875;  335.125;    0.000
458.992; 4513.875;  244.125;    0.000
459.130; 4706.875;  370.125;    0.000
459.269; 4650.875;  313.125;    0.000
459.407; 4704.875;  370.125;    0.000
459.545; 4675.875;  341.125;    0.000
459.683; 4767.875;  336.125;    0.000
459.821; 4904.875;  311.125;    0.000
459.959; 4852.875;  330.125;    0.000
460.097; 4939.875;  355.125;    0.000
460.235; 5100.875;  348.125;    0.000
460.373; 5140.875;  338.125;    0.000
460.511; 5203.875;  361.125;    0.000
460.649; 5041.875;  295.125;    0.000
460.787; 5068.875;  325.125;    0.000
460.925; 5125.875;  266.125;    0.000
461.063; 5149.875;  365.125;    0.000
461.201; 5088.875;  334.125;    0.000
461.339; 5279.875;  341.125;    0.000
461.477; 5311.875;  304.125;    0.000
461.615; 5361.875;  311.125;    0.000
461.753; 5475.875;  342.125;    0.000
461.891; 5355.875;  333.125;    0.000
462.029; 5506.875;  336.125;    0.000
462.166; 5560.875;  272.125;    0.000
462.304; 5599.875;  313.125;    0.000
462.442; 5816.875;  313.125;    0.000
462.580; 5696.875;  328.125;    0.000
462.718; 5740.875;  358.125;    0.000
462.856; 5837.875;  302.125;    0.000
462.993; 5870.875;  360.125;    0.000
463.131; 5757.875;  280.125;    0.000
463.269; 5937.875;  312.125;    0.000
463.407; 5721.875;  263.125;    0.000
463.545; 5689.875;  253.125;    0.000
463.682; 5840.875;  296.125;    0.000
463.820; 5933.875;  308.125;    0.000
463.958; 6007.875;  300.125;    0.000
464.095; 6281.875;  289.125;    0.000
464.233; 6361.875;  340.125;    0.000
464.371; 6163.875;  300.125;    0.000
464.509; 6275.875;  266.125;    0.000
464.646; 6376.875;  294.125;    0.000
464.784; 6301.875;  284.125;    0.000
464.921; 6021.875;  350.125;    0.000
465.059; 6074.875;  256.125;    0.000
465.197; 5970.875;  289.125;    0.000
465.334; 5677.875;  287.125;    0.000
465.472; 5735.875;  322.125;    0.000
465.609; 5677.875;  311.125;    0.000
465.747; 5722.875;  336.125;    0.000
465.885; 5528.875;  308.125;    0.000
466.022; 5543.875;  299.125;    0.000
466.160; 5528.875;  293.125;    0.000
466.297; 5453.875;  317.125;    0.000
466.435; 5394.875;  336.125;    0.000
466.572; 5421.875;  282.125;    0.000
466.710; 5500.875;  299.125;    0.000
466.847; 5609.875;  288.125;    0.000
466.985; 5439.875;  274.125;    0.000
467.122; 5508.875;  302.125;    0.000
467.260; 5465.875;  271.125;    0.000
467.397; 5317.875;  263.125;    0.000
467.534; 5347.875;  320.125;    0.000
467.672; 5388.875;  309.125;    0.000
467.809; 5419.875;  275.125;    0.000
467.947; 5379.875;  319.125;    0.000
468.084; 5319.875;  309.125;    0.000
468.221; 5362.875;  302.125;    0.000
468.359; 5509.875;  286.125;    0.000
468.496; 5328.875;  293.125;    0.000
468.633; 5330.875;  273.125;    0.000
468.771; 5426.875;  296.125;    0.000
468.908; 5342.875;  277.125;    0.000
469.045; 5527.875;  303.125;    0.000
469.183; 5507.875;  314.125;    0.000
469.320; 5512.875;  278.125;    0.000
469.457; 5620.875;  308.125;    0.000
469.594; 5716.875;  272.125;    0.000
469.732; 5788.875;  321.125;    0.000
469.869; 5662.875;  299.125;    0.000
470.006; 5715.875;  267.125;    0.000
470.143; 5817.875;  298.125;    0.000
470.280; 5825.875;  272.125;    0.000
470.417; 5959.875;  314.125;    0.000
470.555; 5810.875;  305.125;    0.000
470.692; 5708.875;  309.125;    0.000
470.829; 5847.875;  311.125;    0.000
470.966; 5713.875;  260.125;    0.000
471.103; 5650.875;  267.125;    0.000
471.240; 5788.875;  290.125;    0.000
471.377; 5707.875;  290.125;    0.000
471.514; 5686.875;  295.125;    0.000
471.651; 5549.875;  300.125;    0.000
471.789; 5578.875;  281.125;    0.000
471.926; 5583.875;  291.125;    0.000
472.063; 5512.875;  305.125;    0.000
472.200; 5552.875;  285.125;    0.000
472.337; 5523.875;  288.125;    0.000
472.474; 5454.875;  276.125;    0.000
472.611; 5486.875;  309.125;    0.000
472.748; 5521.875;  280.125;    0.000
472.884; 5523.875;  300.125;    0.000
473.021; 5450.875;  280.125;    0.000
473.158; 5512.875;  304.125;    0.000
473.295; 5518.875;  308.125;    0.000
473.432; 5389.875;  294.125;    0.000
473.569; 5458.875;  288.125;    0.000
473.706; 5416.875;  254.125;    0.000
473.843; 5417.875;  282.125;    0.000
473.980; 5442.875;  286.125;    0.000
474.117; 5355.875;  257.125;    0.000
474.253; 5434.875;  298.125;    0.000
474.390; 5351.875;  253.125;    0.000
474.527; 5373.875;  271.125;    0.000
474.664; 5456.875;  257.125;    0.000
474.801; 5512.875;  296.125;    0.000
474.937; 5488.875;  263.125;    0.000
475.074; 5516.875;  262.125;    0.000
475.211; 5667.875;  299.125;    0.000
475.348; 5489.875;  308.125;    0.000
475.484; 5507.875;  278.125;    0.000
475.621; 5643.875;  287.125;    0.000
475.758; 5527.875;  231.125;    0.000
475.894; 5628.875;  295.125;    0.000
476.031; 5581.875;  290.125;    0.000
476.168; 5520.875;  287.125;    0.000
476.304; 5596.875;  331.125;    0.000
476.441; 5626.875;  301.125;    0.000
476.578; 5635.875;  263.125;    0.000
476.714; 5595.875;  261.125;    0.000
476.851; 5685.875;  247.125;    0.000
476.987; 5853.875;  297.125;    0.000
477.124; 5706.875;  296.125;    0.000
477.261; 5826.875;  299.125;    0.000
477.397; 5628.875;  292.125;    0.000
477.534; 5807.875;  289.125;    0.000
477.670; 5875.875;  268.125;    0.000
477.807; 5958.875;  234.125;    0.000
477.943; 6004.875;  279.125;    0.000
478.080; 5909.875;  276.125;    0.000
478.216; 5918.875;  248.125;    0.000
478.353; 5964.875;  296.125;    0.000
478.489; 6114.875;  267.125;    0.000
478.626; 6077.875;  243.125;    0.000
478.762; 6055.875;  252.125;    0.000
478.898; 6278.875;  266.125;    0.000
479.035; 6107.875;  290.125;    0.000
479.171; 6142.875;  247.125;    0.000
479.308; 6113.875;  283.125;    0.000
479.444; 6054.875;  244.125;    0.000
479.580; 6166.875;  259.125;    0.000
479.717; 6278.875;  301.125;    0.000
479.853; 6190.875;  257.125;    0.000
479.989; 6271.875;  249.125;    0.000
480.126; 6356.875;  218.125;    0.000
480.262; 6322.875;  275.125;    0.000
480.398; 6448.875;  246.125;    0.000
480.535; 6412.875;  246.125;    0.000
480.671; 6248.875;  272.125;    0.000
480.807; 6267.875;  281.125;    0.000
480.943; 6290.875;  233.125;    0.000
481.080; 6287.875;  303.125;    0.000
481.216; 6297.875;  229.125;    0.000
481.352; 6265.875;  240.125;    0.000
481.488; 6206.875;  284.125;    0.000
481.624; 6182.875;  236.125;    0.000
481.760; 6166.875;  255.125;    0.000
481.897; 6121.875;  206.125;    0.000
482.033; 6239.875;  254.125;    0.000
482.169; 6144.875;  268.125;    0.000
482.305; 6202.875;  214.125;    0.000
482.441; 5976.875;  225.125;    0.000
482.577; 6085.875;  251.125;    0.000
482.713; 6206.875;  221.125;    0.000
482.849; 6077.875;  218.125;    0.000
482.985; 6064.875;  245.125;    0.000
483.121; 6135.875;  224.125;    0.000
483.258; 6209.875;  249.125;    0.000
483.394; 6042.875;  224.125;    0.000
483.530; 6137.875;  247.125;    0.000
483.665; 6171.875;  256.125;    0.000
483.801; 6090.875;  220.125;    0.000
483.937; 6135.875;  200.125;    0.000
484.073; 6298.875;  272.125;    0.000
484.209; 6119.875;  243.125;    0.000
484.345; 6274.875;  274.125;    0.000
484.481; 6340.875;  264.125;    0.000
484.617; 6242.875;  270.125;    0.000
484.753; 6286.875;  244.125;    0.000
484.889; 6274.875;  293.125;    0.000
485.025; 6328.875;  257.125;    0.000
485.161; 6171.875;  264.125;    0.000
485.296; 6382.875;  247.125;    0.000
485.432; 6278.875;  240.125;    0.000
485.568; 6348.875;  240.125;    0.000
485.704; 6409.875;  232.125;    0.000
485.840; 6352.875;  280.125;    0.000
485.975; 6348.875;  253.125;    0.000
486.111; 6212.875;  250.125;    0.000
486.247; 6333.875;  272.125;    0.000
486.383; 6407.875;  258.125;    0.000
486.518; 6315.875;  256.125;    0.000
486.654; 6335.875;  250.125;    0.000
486.790; 6357.875;  259.125;    0.000
486.926; 6295.875;  256.125;    0.000
487.061; 6204.875;  267.125;    0.000
487.197; 6384.875;  224.125;    0.000
487.333; 6328.875;  265.125;    0.000
487.468; 6203.875;  223.125;    0.000
487.604; 6268.875;  298.125;    0.000
487.740; 6309.875;  261.125;    0.000
487.875; 6291.875;  278.125;    0.000
488.011; 6279.875;  292.125;    0.000
488.146; 6352.875;  239.125;    0.000
488.282; 6241.875;  265.125;    0.000
488.417; 6343.875;  286.125;    0.000
488.553; 6402.875;  271.125;    0.000
488.688; 6398.875;  252.125;    0.000
488.824; 6343.875;  239.125;    0.000
488.960; 6361.875;  266.125;    0.000
489.095; 6404.875;  229.125;    0.000
489.230; 6420.875;  247.125;    0.000
489.366; 6442.875;  260.125;    0.000
489.501; 6382.875;  257.125;    0.000
489.637; 6311.875;  233.125;    0.000
489.772; 6487.875;  254.125;    0.000
489.908; 6393.875;  235.125;    0.000
490.043; 6426.875;  266.125;    0.000
490.178; 6412.875;  228.125;    0.000
490.314; 6482.875;  310.125;    0.000
490.449; 6406.875;  251.125;    0.000
490.585; 6305.875;  221.125;    0.000
490.720; 6440.875;  203.125;    0.000
490.855; 6513.875;  266.125;    0.000
490.991; 6346.875;  249.125;    0.000
491.126; 6404.875;  313.125;    0.000
491.261; 6403.875;  284.125;    0.000
491.396; 6405.875;  225.125;    0.000
491.532; 6347.875;  227.125;    0.000
491.667; 6510.875;  210.125;    0.000
491.802; 6401.875;  214.125;    0.000
491.937; 6438.875;  246.125;    0.000
492.073; 6503.875;  250.125;    0.000
492.208; 6642.875;  267.125;    0.000
492.343; 6610.875;  245.125;    0.000
492.478; 6699.875;  271.125;    0.000
492.613; 6602.875;  253.125;    0.000
492.749; 6600.875;  249.125;    0.000
492.884; 6574.875;  217.125;    0.000
493.019; 6636.875;  244.125;    0.000
493.154; 6590.875;  265.125;    0.000
493.289; 6538.875;  266.125;    0.000
493.424; 6565.875;  226.125;    0.000
493.559; 6556.875;  222.125;    0.000
493.694; 6467.875;  218.125;    0.000
493.829; 6490.875;  246.125;    0.000
493.964; 6534.875;  243.125;    0.000
494.099; 6565.875;  269.125;    0.000
494.234; 6631.875;  249.125;    0.000
494.369; 6626.875;  279.125;    0.000
494.504; 6402.875;  261.125;    0.000
494.639; 6548.875;  289.125;    0.000
494.774; 6369.875;  252.125;    0.000
494.909; 6516.875;  250.125;    0.000
495.044; 6544.875;  207.125;    0.000
495.179; 6406.875;  266.125;    0.000
495.314; 6553.875;  228.125;    0.000
495.449; 6513.875;  262.125;    0.000
495.584; 6477.875;  281.125;    0.000
495.719; 6463.875;  251.125;    0.000
495.854; 6640.875;  237.125;    0.000
495.988; 6595.875;  238.125;    0.000
496.123; 6559.875;  255.125;    0.000
496.258; 6661.875;  264.125;    0.000
496.393; 6548.875;  253.125;    0.000
496.528; 6735.875;  244.125;    0.000
496.663; 6768.875;  267.125;    0.000
496.797; 6862.875;  271.125;    0.000
496.932; 6879.875;  262.125;    0.000
497.067; 7039.875;  260.125;    0.000
497.202; 7024.875;  264.125;    0.000
497.336; 7009.875;  243.125;    0.000
497.471; 7062.875;  251.125;    0.000
497.606; 7262.875;  219.125;    0.000
497.740; 7418.875;  264.125;    0.000
497.875; 7603.875;  252.125;    0.000
498.010; 7789.875;  241.125;    0.000
498.144; 8030.875;  261.125;    0.000
498.279; 7976.875;  221.125;    0.000
498.414; 8152.875;  246.125;    0.000
498.548; 8046.875;  212.125;    0.000
498.683; 8303.875;  260.125;    0.000
498.817; 8572.875;  244.125;    0.000
498.952; 8535.875;  252.125;    0.000
499.087; 8753.875;  251.125;    0.000
499.221; 9120.875;  282.125;    0.000
499.356; 9254.875;  264.125;    0.000
499.490; 9505.875;  280.125;    0.000
499.625; 9772.875;  256.125;    0.000
499.759; 9955.875;  253.125;    0.000
499.894;10429.875;  261.125;    0.000
500.028;10738.875;  304.125;    0.000
500.162;10947.875;  272.125;    0.000
500.297;10999.875;  274.125;    0.000
500.431;11268.875;  320.125;    0.000
500.566;11343.875;  268.125;    0.000
500.700;11150.875;  280.125;    0.000
500.835;10748.875;  288.125;    0.000
500.969;10618.875;  253.125;    0.000
501.103;10177.875;  234.125;    0.000
501.238; 9978.875;  302.125;    0.000
501.372; 9696.875;  292.125;    0.000
501.506; 9273.875;  222.125;    0.000
501.641; 9030.875;  274.125;    0.000
501.775; 8569.875;  245.125;    0.000
501.909; 8348.875;  283.125;    0.000
502.043; 8307.875;  252.125;    0.000
502.178; 8073.875;  293.125;    0.000
502.312; 7784.875;  223.125;    0.000
502.446; 7825.875;  292.125;    0.000
502.580; 7593.875;  253.125;    0.000
502.715; 7528.875;  282.125;    0.000
502.849; 7341.875;  258.125;    0.000
502.983; 7371.875;  267.125;    0.000
503.117; 7261.875;  226.125;    0.000
503.251; 7195.875;  260.125;    0.000
503.385; 7047.875;  291.125;    0.000
503.520; 6933.875;  279.125;    0.000
503.654; 6852.875;  229.125;    0.000
503.788; 6789.875;  259.125;    0.000
503.922; 6704.875;  246.125;    0.000
504.056; 6514.875;  269.125;    0.000
504.190; 6599.875;  265.125;    0.000
504.324; 6487.875;  298.125;    0.000
504.458; 6553.875;  235.125;    0.000
504.592; 6513.875;  275.125;    0.000
504.726; 6284.875;  226.125;    0.000
504.860; 6472.875;  298.125;    0.000
504.994; 6160.875;  253.125;    0.000
505.128; 6161.875;  283.125;    0.000
505.262; 6093.875;  255.125;    0.000
505.396; 5911.875;  219.125;    0.000
505.530; 5797.875;  279.125;    0.000
505.664; 5681.875;  306.125;    0.000
505.798; 5761.875;  297.125;    0.000
505.932; 5723.875;  273.125;    0.000
506.066; 5716.875;  271.125;    0.000
506.199; 5579.875;  273.125;    0.000
506.333; 5489.875;  227.125;    0.000
506.467; 5445.875;  302.125;    0.000
506.601; 5458.875;  254.125;    0.000
506.735; 5359.875;  299.125;    0.000
506.869; 5328.875;  278.125;    0.000
507.002; 5359.875;  259.125;    0.000
507.136; 5331.875;  285.125;    0.000
507.270; 5270.875;  255.125;    0.000
507.404; 5286.875;  273.125;    0.000
507.537; 5231.875;  245.125;    0.000
507.671; 5294.875;  251.125;    0.000
507.805; 5204.875;  286.125;    0.000
507.939; 5112.875;  261.125;    0.000
508.072; 5160.875;  298.125;    0.000
508.206; 5096.875;  238.125;    0.000
508.340; 5146.875;  289.125;    0.000
508.473; 5081.875;  255.125;    0.000
508.607; 5049.875;  266.125;    0.000
508.740; 5015.875;  253.125;    0.000
508.874; 5035.875;  233.125;    0.000
509.008; 5092.875;  274.125;    0.000
509.141; 4923.875;  235.125;    0.000
509.275; 4915.875;  225.125;    0.000
509.408; 4984.875;  254.125;    0.000
509.542; 4884.875;  244.125;    0.000
509.675; 4979.875;  263.125;    0.000
509.809; 4912.875;  271.125;    0.000
509.942; 4964.875;  246.125;    0.000
510.076; 4869.875;  221.125;    0.000
510.209; 4855.875;  270.125;    0.000
510.343; 4888.875;  265.125;    0.000
510.476; 4929.875;  291.125;    0.000
510.610; 4757.875;  251.125;    0.000
510.743; 4871.875;  304.125;    0.000
510.877; 4818.875;  259.125;    0.000
511.010; 4747.875;  274.125;    0.000
511.143; 4829.875;  255.125;    0.000
511.277; 4835.875;  267.125;    0.000
511.410; 4760.875;  270.125;    0.000
511.543; 4712.875;  231.125;    0.000
511.677; 4660.875;  275.125;    0.000
511.810; 4815.875;  265.125;    0.000
511.943; 4800.875;  231.125;    0.000
512.077; 4825.875;  225.125;    0.000
512.210; 4649.875;  235.125;    0.000
512.343; 4813.875;  251.125;    0.000
512.476; 4802.875;  260.125;    0.000
512.610; 4689.875;  289.125;    0.000
512.743; 4801.875;  270.125;    0.000
512.876; 4801.875;  289.125;    0.000
513.009; 4767.875;  293.125;    0.000
513.142; 4818.875;  282.125;    0.000
513.276; 4761.875;  244.125;    0.000
513.409; 4741.875;  277.125;    0.000
513.542; 4727.875;  254.125;    0.000
513.675; 4742.875;  258.125;    0.000
513.808; 4674.875;  243.125;    0.000
513.941; 4695.875;  274.125;    0.000
514.074; 4727.875;  296.125;    0.000
514.207; 4700.875;  267.125;    0.000
514.340; 4738.875;  283.125;    0.000
514.474; 4768.875;  255.125;    0.000
514.607; 4718.875;  291.125;    0.000
514.740; 4710.875;  296.125;    0.000
514.873; 4821.875;  275.125;    0.000
515.006; 4812.875;  313.125;    0.000
515.139; 5051.875;  253.125;    0.000
515.272; 5060.875;  263.125;    0.000
515.404; 5106.875;  258.125;    0.000
515.537; 5109.875;  285.125;    0.000
515.670; 5045.875;  286.125;    0.000
515.803; 5026.875;  266.125;    0.000
515.936; 4991.875;  251.125;    0.000
516.069; 5090.875;  231.125;    0.000
516.202; 5181.875;  278.125;    0.000
516.335; 5107.875;  295.125;    0.000
516.468; 5376.875;  239.125;    0.000
516.600; 6378.875;  229.125;    0.000
516.733; 7598.875;  301.125;    0.000
516.866; 7561.875;  287.125;    0.000
516.999; 7004.875;  265.125;    0.000
517.132; 8311.875;  291.125;    0.000
517.264;11564.875;  262.125;    0.000
517.397;11526.875;  292.125;    0.000
517.530; 8847.875;  299.125;    0.000
517.663; 7433.875;  268.125;    0.000
517.795; 6884.875;  323.125;    0.000
517.928; 6747.875;  281.125;    0.000
518.061; 6788.875;  242.125;    0.000
518.193; 8692.875;  279.125;    0.000
518.326;13487.875;  288.125;    0.000
518.459;14463.875;  251.125;    0.000
518.591;11032.875;  314.125;    0.000
518.724; 8193.875;  279.125;    0.000
518.857; 7163.875;  245.125;    0.000
518.989; 6638.875;  290.125;    0.000
519.122; 6222.875;  319.125;    0.000
519.254; 5957.875;  295.125;    0.000
519.387; 5611.875;  271.125;    0.000
519.519; 5554.875;  312.125;    0.000
519.652; 5348.875;  289.125;    0.000
519.784; 5308.875;  311.125;    0.000
519.917; 5095.875;  283.125;    0.000
520.049; 5144.875;  281.125;    0.000
520.182; 5060.875;  242.125;    0.000
520.314; 4979.875;  310.125;    0.000
520.447; 4889.875;  215.125;    0.000
520.579; 4976.875;  277.125;    0.000
520.712; 4839.875;  224.125;    0.000
520.844; 4817.875;  293.125;    0.000
520.976; 4724.875;  281.125;    0.000
521.109; 4629.875;  279.125;    0.000
521.241; 4689.875;  318.125;    0.000
521.373; 4578.875;  242.125;    0.000
521.506; 4497.875;  246.125;    0.000
521.638; 4587.875;  312.125;    0.000
521.770; 4437.875;  257.125;    0.000
521.903; 4463.875;  295.125;    0.000
522.035; 4446.875;  283.125;    0.000
522.167; 4487.875;  281.125;    0.000
522.300; 4268.875;  262.125;    0.000
522.432; 4321.875;  272.125;    0.000
522.564; 4284.875;  277.125;    0.000
522.696; 4330.875;  295.125;    0.000
522.828; 4232.875;  284.125;    0.000
522.961; 4289.875;  295.125;    0.000
523.093; 4205.875;  282.125;    0.000
523.225; 4265.875;  270.125;    0.000
523.357; 4244.875;  285.125;    0.000
523.489; 4225.875;  292.125;    0.000
523.621; 4241.875;  285.125;    0.000
523.753; 4097.875;  273.125;    0.000
523.885; 4185.875;  271.125;    0.000
524.018; 4079.875;  276.125;    0.000
524.150; 4105.875;  320.125;    0.000
524.282; 4055.875;  304.125;    0.000
524.414; 4065.875;  302.125;    0.000
524.546; 4071.875;  305.125;    0.000
524.678; 4062.875;  264.125;    0.000
524.810; 3915.875;  258.125;    0.000
524.942; 4008.875;  252.125;    0.000
525.074; 4003.875;  275.125;    0.000
525.206; 3886.875;  286.125;    0.000
525.338; 3958.875;  280.125;    0.000
525.469; 3974.875;  267.125;    0.000
525.601; 3967.875;  266.125;    0.000
525.733; 3832.875;  283.125;    0.000
525.865; 3948.875;  273.125;    0.000
525.997; 4022.875;  286.125;    0.000
526.129; 3976.875;  249.125;    0.000
526.261; 3852.875;  233.125;    0.000
526.393; 3845.875;  257.125;    0.000
526.524; 3885.875;  184.125;    0.000
526.656; 3880.875;  259.125;    0.000
526.788; 3885.875;  268.125;    0.000
526.920; 3795.875;  262.125;    0.000
527.052; 3729.875;  250.125;    0.000
527.183; 3747.875;  264.125;    0.000
527.315; 3759.875;  301.125;    0.000
527.447; 3775.875;  262.125;    0.000
527.578; 3736.875;  267.125;    0.000
527.710; 3815.875;  299.125;    0.000
527.842; 3778.875;  266.125;    0.000
527.973; 3792.875;  240.125;    0.000
528.105; 3908.875;  275.125;    0.000
528.237; 3823.875;  239.125;    0.000
528.368; 3716.875;  275.125;    0.000
528.500; 3792.875;  271.125;    0.000
528.632; 3743.875;  252.125;    0.000
528.763; 3839.875;  253.125;    0.000
528.895; 3720.875;  259.125;    0.000
529.026; 3757.875;  209.125;    0.000
529.158; 3793.875;  291.125;    0.000
529.289; 3766.875;  280.125;    0.000
529.421; 3800.875;  274.125;    0.000
529.552; 3797.875;  253.125;    0.000
529.684; 3769.875;  310.125;    0.000
529.815; 3879.875;  305.125;    0.000
529.947; 3784.875;  234.125;    0.000
530.078; 3671.875;  259.125;    0.000
530.210; 3829.875;  264.125;    0.000
530.341; 3751.875;  267.125;    0.000
530.472; 3766.875;  232.125;    0.000
530.604; 3861.875;  293.125;    0.000
530.735; 3816.875;  275.125;    0.000
530.867; 3825.875;  280.125;    0.000
530.998; 3862.875;  295.125;    0.000
531.129; 3812.875;  274.125;    0.000
531.260; 3857.875;  272.125;    0.000
531.392; 3809.875;  275.125;    0.000
531.523; 3885.875;  244.125;    0.000
531.654; 4022.875;  289.125;    0.000
531.786; 3973.875;  259.125;    0.000
531.917; 3891.875;  286.125;    0.000
532.048; 3835.875;  293.125;    0.000
532.179; 3943.875;  288.125;    0.000
532.311; 3864.875;  296.125;    0.000
532.442; 3909.875;  277.125;    0.000
532.573; 3854.875;  273.125;    0.000
532.704; 3750.875;  308.125;    0.000
532.835; 3748.875;  308.125;    0.000
532.966; 3911.875;  274.125;    0.000
533.097; 3791.875;  310.125;    0.000
533.229; 3882.875;  294.125;    0.000
533.360; 3880.875;  324.125;    0.000
533.491; 3825.875;  278.125;    0.000
533.622; 3838.875;  319.125;    0.000
533.753; 3826.875;  303.125;    0.000
533.884; 3922.875;  269.125;    0.000
534.015; 3805.875;  266.125;    0.000
534.146; 3917.875;  283.125;    0.000
534.277; 3942.875;  299.125;    0.000
534.408; 3836.875;  265.125;    0.000
534.539; 3874.875;  310.125;    0.000
534.670; 3773.875;  319.125;    0.000
534.801; 3771.875;  281.125;    0.000
534.932; 3724.875;  239.125;    0.000
535.063; 3787.875;  276.125;    0.000
535.194; 3750.875;  361.125;    0.000
535.324; 3699.875;  283.125;    0.000
535.455; 3784.875;  282.125;    0.000
535.586; 3771.875;  331.125;    0.000
535.717; 3656.875;  262.125;    0.000
535.848; 3788.875;  308.125;    0.000
535.979; 3688.875;  273.125;    0.000
536.109; 3671.875;  277.125;    0.000
536.240; 3702.875;  293.125;    0.000
536.371; 3651.875;  295.125;    0.000
536.502; 3741.875;  330.125;    0.000
536.632; 3683.875;  280.125;    0.000
536.763; 3738.875;  332.125;    0.000
536.894; 3630.875;  334.125;    0.000
537.025; 3598.875;  295.125;    0.000
537.155; 3729.875;  321.125;    0.000
537.286; 3684.875;  292.125;    0.000
537.417; 3718.875;  314.125;    0.000
537.547; 3526.875;  287.125;    0.000
537.678; 3662.875;  287.125;    0.000
537.808; 3695.875;  278.125;    0.000
537.939; 3559.875;  304.125;    0.000
538.070; 3592.875;  303.125;    0.000
538.200; 3682.875;  279.125;    0.000
538.331; 3594.875;  321.125;    0.000
538.461; 3564.875;  313.125;    0.000
538.592; 3590.875;  290.125;    0.000
538.722; 3661.875;  285.125;    0.000
538.853; 3614.875;  261.125;    0.000
538.983; 3578.875;  280.125;    0.000
539.114; 3607.875;  310.125;    0.000
539.244; 3670.875;  281.125;    0.000
539.375; 3627.875;  292.125;    0.000
539.505; 3624.875;  286.125;    0.000
539.636; 3612.875;  276.125;    0.000
539.766; 3626.875;  287.125;    0.000
539.896; 3560.875;  292.125;    0.000
540.027; 3626.875;  262.125;    0.000
540.157; 3579.875;  269.125;    0.000
540.287; 3589.875;  282.125;    0.000
540.418; 3606.875;  269.125;    0.000
540.548; 3623.875;  328.125;    0.000
540.678; 3580.875;  271.125;    0.000
540.809; 3612.875;  272.125;    0.000
540.939; 3743.875;  299.125;    0.000
541.069; 3628.875;  266.125;    0.000
541.200; 3608.875;  242.125;    0.000
541.330; 3665.875;  257.125;    0.000
541.460; 3701.875;  270.125;    0.000
541.590; 3634.875;  287.125;    0.000
541.720; 3647.875;  255.125;    0.000
541.851; 3705.875;  273.125;    0.000
541.981; 3759.875;  244.125;    0.000
542.111; 3789.875;  263.125;    0.000
542.241; 3892.875;  271.125;    0.000
542.371; 3742.875;  263.125;    0.000
542.501; 3931.875;  274.125;    0.000
542.631; 3900.875;  288.125;    0.000
542.761; 3949.875;  261.125;    0.000
542.891; 3935.875;  253.125;    0.000
543.021; 3828.875;  249.125;    0.000
543.151; 3984.875;  261.125;    0.000
543.281; 3921.875;  256.125;    0.000
543.411; 3933.875;  290.125;    0.000
543.542; 3812.875;  278.125;    0.000
543.671; 3851.875;  238.125;    0.000
543.801; 3841.875;  256.125;    0.000
543.931; 3881.875;  254.125;    0.000
544.061; 3809.875;  237.125;    0.000
544.191; 3679.875;  245.125;    0.000
544.321; 3776.875;  267.125;    0.000
544.451; 3863.875;  262.125;    0.000
544.581; 4023.875;  221.125;    0.000
544.711; 3977.875;  252.125;    0.000
544.841; 3960.875;  264.125;    0.000
544.970; 4107.875;  315.125;    0.000
545.100; 4108.875;  245.125;    0.000
545.230; 4208.875;  276.125;    0.000
545.360; 4107.875;  278.125;    0.000
545.490; 3981.875;  268.125;    0.000
545.619; 4026.875;  237.125;    0.000
545.749; 3969.875;  228.125;    0.000
545.879; 3805.875;  234.125;    0.000
546.009; 3868.875;  287.125;    0.000
546.138; 3803.875;  222.125;    0.000
546.268; 3808.875;  228.125;    0.000
546.398; 3769.875;  244.125;    0.000
546.527; 3791.875;  233.125;    0.000
546.657; 3777.875;  189.125;    0.000
546.786; 3768.875;  247.125;    0.000
546.916; 3827.875;  244.125;    0.000
547.046; 3851.875;  214.125;    0.000
547.175; 3804.875;  242.125;    0.000
547.305; 3803.875;  252.125;    0.000
547.434; 3825.875;  191.125;    0.000
547.564; 3684.875;  208.125;    0.000
547.693; 3786.875;  213.125;    0.000
547.823; 3925.875;  209.125;    0.000
547.953; 3868.875;  250.125;    0.000
548.082; 3761.875;  231.125;    0.000
548.211; 3753.875;  226.125;    0.000
548.341; 3836.875;  254.125;    0.000
548.470; 3811.875;  266.125;    0.000
548.600; 3795.875;  229.125;    0.000
548.729; 3833.875;  225.125;    0.000
548.859; 3827.875;  185.125;    0.000
548.988; 3859.875;  225.125;    0.000
549.117; 3772.875;  241.125;    0.000
549.247; 3812.875;  236.125;    0.000
549.376; 3869.875;  220.125;    0.000
549.505; 3820.875;  254.125;    0.000
549.635; 3984.875;  268.125;    0.000
549.764; 3821.875;  194.125;    0.000
549.893; 3951.875;  232.125;    0.000
550.023; 3889.875;  222.125;    0.000
550.152; 3913.875;  223.125;    0.000
550.281; 3895.875;  210.125;    0.000
550.410; 3881.875;  197.125;    0.000
550.539; 4036.875;  222.125;    0.000
550.669; 3985.875;  245.125;    0.000
550.798; 3913.875;  265.125;    0.000
550.927; 4090.875;  249.125;    0.000
551.056; 3897.875;  184.125;    0.000
551.185; 3949.875;  247.125;    0.000
551.314; 3879.875;  258.125;    0.000
551.443; 3931.875;  224.125;    0.000
551.573; 3912.875;  204.125;    0.000
551.702; 3901.875;  220.125;    0.000
551.831; 4057.875;  287.125;    0.000
551.960; 3900.875;  259.125;    0.000
552.089; 3986.875;  222.125;    0.000
552.218; 3975.875;  254.125;    0.000
552.347; 4013.875;  260.125;    0.000
552.476; 4065.875;  251.125;    0.000
552.605; 4129.875;  229.125;    0.000
552.734; 4114.875;  261.125;    0.000
552.863; 4324.875;  225.125;    0.000
552.992; 4285.875;  202.125;    0.000
553.121; 4301.875;  193.125;    0.000
553.249; 4241.875;  224.125;    0.000
553.378; 4152.875;  274.125;    0.000
553.507; 4151.875;  248.125;    0.000
553.636; 4109.875;  203.125;    0.000
553.765; 4015.875;  224.125;    0.000
553.894; 4017.875;  246.125;    0.000
554.023; 4081.875;  229.125;    0.000
554.151; 4040.875;  216.125;    0.000
554.280; 4011.875;  223.125;    0.000
554.409; 4068.875;  240.125;    0.000
554.538; 4091.875;  277.125;    0.000
554.666; 4095.875;  244.125;    0.000
554.795; 3925.875;  240.125;    0.000
554.924; 3978.875;  257.125;    0.000
555.052; 3947.875;  266.125;    0.000
555.181; 3928.875;  244.125;    0.000
555.310; 3914.875;  262.125;    0.000
555.439; 3915.875;  260.125;    0.000
555.567; 3898.875;  234.125;    0.000
555.696; 3736.875;  237.125;    0.000
555.824; 3757.875;  232.125;    0.000
555.953; 3950.875;  279.125;    0.000
556.082; 3900.875;  234.125;    0.000
556.210; 3812.875;  235.125;    0.000
556.339; 3895.875;  198.125;    0.000
556.467; 3785.875;  216.125;    0.000
556.596; 3854.875;  273.125;    0.000
556.724; 3847.875;  245.125;    0.000
556.853; 3765.875;  241.125;    0.000
556.981; 3770.875;  219.125;    0.000
557.110; 3763.875;  242.125;    0.000
557.238; 3788.875;  202.125;    0.000
557.367; 3806.875;  254.125;    0.000
557.495; 3777.875;  260.125;    0.000
557.623; 3812.875;  207.125;    0.000
557.752; 3732.875;  219.125;    0.000
557.880; 3713.875;  209.125;    0.000
558.008; 3780.875;  243.125;    0.000
558.137; 3869.875;  244.125;    0.000
558.265; 3861.875;  221.125;    0.000
558.393; 3819.875;  297.125;    0.000
558.522; 3815.875;  232.125;    0.000
558.650; 3883.875;  299.125;    0.000
558.778; 3785.875;  210.125;    0.000
558.906; 3901.875;  240.125;    0.000
559.035; 3852.875;  252.125;    0.000
559.163; 3812.875;  246.125;    0.000
559.291; 3748.875;  213.125;    0.000
559.419; 3763.875;  221.125;    0.000
559.548; 3813.875;  208.125;    0.000
559.676; 3933.875;  254.125;    0.000
559.804; 3961.875;  213.125;    0.000
559.932; 3981.875;  208.125;    0.000
560.060; 3944.875;  276.125;    0.000
560.188; 4009.875;  278.125;    0.000
560.316; 3927.875;  217.125;    0.000
560.444; 3961.875;  254.125;    0.000
560.572; 3967.875;  226.125;    0.000
560.700; 4101.875;  282.125;    0.000
560.828; 3993.875;  211.125;    0.000
560.956; 4008.875;  264.125;    0.000
561.085; 4093.875;  295.125;    0.000
561.212; 3918.875;  229.125;    0.000
561.340; 4047.875;  259.125;    0.000
561.468; 4047.875;  253.125;    0.000
561.596; 4055.875;  240.125;    0.000
561.724; 3963.875;  259.125;    0.000
561.852; 4114.875;  224.125;    0.000
561.980; 3940.875;  251.125;    0.000
562.108; 4064.875;  214.125;    0.000
562.236; 4178.875;  258.125;    0.000
562.364; 4160.875;  237.125;    0.000
562.492; 4180.875;  228.125;    0.000
562.619; 4067.875;  223.125;    0.000
562.747; 4189.875;  263.125;    0.000
562.875; 4192.875;  257.125;    0.000
563.003; 4221.875;  216.125;    0.000
563.130; 4183.875;  190.125;    0.000
563.258; 4312.875;  225.125;    0.000
563.386; 4323.875;  259.125;    0.000
563.514; 4307.875;  264.125;    0.000
563.641; 4405.875;  230.125;    0.000
563.769; 4470.875;  257.125;    0.000
563.897; 4529.875;  210.125;    0.000
564.024; 4550.875;  221.125;    0.000
564.152; 4718.875;  256.125;    0.000
564.280; 4763.875;  225.125;    0.000
564.407; 4656.875;  262.125;    0.000
564.535; 4773.875;  235.125;    0.000
564.662; 4780.875;  238.125;    0.000
564.790; 4766.875;  248.125;    0.000
564.917; 4778.875;  214.125;    0.000
565.045; 4857.875;  253.125;    0.000
565.173; 4841.875;  225.125;    0.000
565.300; 4833.875;  261.125;    0.000
565.428; 5028.875;  218.125;    0.000
565.555; 5008.875;  245.125;    0.000
565.682; 5037.875;  242.125;    0.000
565.810; 5151.875;  228.125;    0.000
565.937; 5267.875;  230.125;    0.000
566.065; 5449.875;  251.125;    0.000
566.192; 5419.875;  196.125;    0.000
566.320; 5605.875;  217.125;    0.000
566.447; 5736.875;  224.125;    0.000
566.574; 5756.875;  221.125;    0.000
566.702; 5979.875;  221.125;    0.000
566.829; 5898.875;  252.125;    0.000
566.956; 5921.875;  214.125;    0.000
567.083; 6083.875;  204.125;    0.000
567.211; 6003.875;  216.125;    0.000
567.338; 6118.875;  228.125;    0.000
567.465; 6186.875;  208.125;    0.000
567.593; 6159.875;  205.125;    0.000
567.720; 6238.875;  194.125;    0.000
567.847; 6296.875;  268.125;    0.000
567.974; 6346.875;  198.125;    0.000
568.101; 6658.875;  224.125;    0.000
568.228; 7340.875;  236.125;    0.000
568.356; 7748.875;  207.125;    0.000
568.483; 7173.875;  220.125;    0.000
568.610; 7094.875;  181.125;    0.000
568.737; 8082.875;  216.125;    0.000
568.864; 9017.875;  258.125;    0.000
568.991; 8613.875;  203.125;    0.000
569.118; 7675.875;  232.125;    0.000
569.245; 6688.875;  192.125;    0.000
569.372; 6210.875;  226.125;    0.000
569.499; 6075.875;  211.125;    0.000
569.626; 5751.875;  247.125;    0.000
569.753; 5552.875;  248.125;    0.000
569.880; 5501.875;  226.125;    0.000
570.007; 5352.875;  215.125;    0.000
570.134; 5258.875;  205.125;    0.000
570.261; 5160.875;  187.125;    0.000
570.388; 5101.875;  258.125;    0.000
570.515; 5073.875;  241.125;    0.000
570.642; 5027.875;  211.125;    0.000
570.768; 4880.875;  228.125;    0.000
570.895; 4825.875;  229.125;    0.000
571.022; 4905.875;  203.125;    0.000
571.149; 4779.875;  206.125;    0.000
571.276; 4666.875;  191.125;    0.000
571.402; 4599.875;  218.125;    0.000
571.529; 4647.875;  192.125;    0.000
571.656; 4545.875;  209.125;    0.000
571.783; 4530.875;  181.125;    0.000
571.909; 4580.875;  251.125;    0.000
572.036; 4464.875;  225.125;    0.000
572.163; 4422.875;  214.125;    0.000
572.289; 4313.875;  252.125;    0.000
572.416; 4310.875;  220.125;    0.000
572.543; 4383.875;  225.125;    0.000
572.669; 4291.875;  226.125;    0.000
572.796; 4322.875;  231.125;    0.000
572.922; 4347.875;  258.125;    0.000
573.049; 4288.875;  202.125;    0.000
573.176; 4268.875;  254.125;    0.000
573.302; 4314.875;  215.125;    0.000
573.429; 4202.875;  251.125;    0.000
573.555; 4192.875;  221.125;    0.000
573.682; 4245.875;  227.125;    0.000
573.808; 4211.875;  259.125;    0.000
573.935; 4246.875;  233.125;    0.000
574.061; 4158.875;  241.125;    0.000
574.188; 4175.875;  238.125;    0.000
574.314; 4145.875;  221.125;    0.000
574.440; 4158.875;  221.125;    0.000
574.567; 4140.875;  216.125;    0.000
574.693; 4218.875;  224.125;    0.000
574.820; 4172.875;  199.125;    0.000
574.946; 4125.875;  248.125;    0.000
575.072; 4148.875;  220.125;    0.000
575.198; 4191.875;  262.125;    0.000
575.325; 4148.875;  232.125;    0.000
575.451; 4003.875;  225.125;    0.000
575.577; 4133.875;  216.125;    0.000
575.704; 3949.875;  248.125;    0.000
575.830; 4086.875;  227.125;    0.000
575.956; 4095.875;  206.125;    0.000
576.082; 4136.875;  222.125;    0.000
576.208; 4051.875;  206.125;    0.000
576.335; 4013.875;  256.125;    0.000
576.461; 4002.875;  247.125;    0.000
576.587; 4184.875;  219.125;    0.000
576.713; 4067.875;  215.125;    0.000
576.839; 4018.875;  225.125;    0.000
576.965; 4129.875;  230.125;    0.000
577.091; 4078.875;  235.125;    0.000
577.217; 4005.875;  235.125;    0.000
577.343; 4058.875;  233.125;    0.000
577.469; 4046.875;  242.125;    0.000
577.596; 4083.875;  241.125;    0.000
577.722; 4104.875;  255.125;    0.000
577.848; 4083.875;  235.125;    0.000
577.974; 4098.875;  210.125;    0.000
578.099; 4040.875;  239.125;    0.000
578.225; 4022.875;  258.125;    0.000
578.351; 4175.875;  209.125;    0.000
578.477; 4060.875;  255.125;    0.000
578.603; 4064.875;  213.125;    0.000
578.729; 4071.875;  221.125;    0.000
578.855; 4128.875;  209.125;    0.000
578.981; 4044.875;  206.125;    0.000
579.107; 4095.875;  221.125;    0.000
579.232; 4143.875;  206.125;    0.000
579.358; 4070.875;  226.125;    0.000
579.484; 4171.875;  244.125;    0.000
579.610; 4209.875;  261.125;    0.000
579.735; 4140.875;  270.125;    0.000
579.861; 4096.875;  255.125;    0.000
579.987; 4162.875;  249.125;    0.000
580.113; 4298.875;  260.125;    0.000
580.238; 4257.875;  206.125;    0.000
580.364; 4291.875;  249.125;    0.000
580.490; 4203.875;  225.125;    0.000
580.615; 4204.875;  266.125;    0.000
580.741; 4200.875;  224.125;    0.000
580.867; 4233.875;  251.125;    0.000
580.992; 4324.875;  270.125;    0.000
581.118; 4332.875;  248.125;    0.000
581.243; 4353.875;  251.125;    0.000
581.369; 4319.875;  192.125;    0.000
581.494; 4277.875;  259.125;    0.000
581.620; 4301.875;  245.125;    0.000
581.745; 4369.875;  232.125;    0.000
581.871; 4393.875;  243.125;    0.000
581.996; 4554.875;  216.125;    0.000
582.122; 4415.875;  263.125;    0.000
582.247; 4501.875;  254.125;    0.000
582.373; 4483.875;  232.125;    0.000
582.498; 4579.875;  275.125;    0.000
582.624; 4530.875;  260.125;    0.000
582.749; 4598.875;  251.125;    0.000
582.874; 4539.875;  245.125;    0.000
583.000; 4736.875;  278.125;    0.000
583.125; 4688.875;  211.125;    0.000
583.250; 4704.875;  246.125;    0.000
583.376; 4916.875;  259.125;    0.000
583.501; 4738.875;  254.125;    0.000
583.626; 4939.875;  209.125;    0.000
583.751; 4885.875;  239.125;    0.000
583.877; 4969.875;  255.125;    0.000
584.002; 4985.875;  263.125;    0.000
584.127; 5074.875;  205.125;    0.000
584.252; 5124.875;  196.125;    0.000
584.377; 5121.875;  249.125;    0.000
584.503; 5271.875;  219.125;    0.000
584.628; 5277.875;  243.125;    0.000
584.753; 5434.875;  250.125;    0.000
584.878; 5395.875;  208.125;    0.000
585.003; 5653.875;  234.125;    0.000
585.128; 5852.875;  207.125;    0.000
585.253; 5805.875;  219.125;    0.000
585.378; 5742.875;  205.125;    0.000
585.503; 5840.875;  256.125;    0.000
585.628; 6009.875;  217.125;    0.000
585.753; 6163.875;  213.125;    0.000
585.878; 6267.875;  147.125;    0.000
586.003; 6438.875;  256.125;    0.000
586.128; 6561.875;  214.125;    0.000
586.253; 6823.875;  254.125;    0.000
586.378; 6926.875;  252.125;    0.000
586.503; 7296.875;  219.125;    0.000
586.628; 7406.875;  226.125;    0.000
586.753; 7759.875;  237.125;    0.000
586.878; 8158.875;  185.125;    0.000
587.003; 8556.875;  248.125;    0.000
587.127; 8737.875;  237.125;    0.000
587.252; 9256.875;  221.125;    0.000
587.377; 9884.875;  244.125;    0.000
587.502;10430.875;  260.125;    0.000
587.627;11221.875;  232.125;    0.000
587.751;12193.875;  250.125;    0.000
587.876;13091.875;  234.125;    0.000
588.001;14099.875;  248.125;    0.000
588.125;15786.875;  236.125;    0.000
588.250;17625.875;  192.125;    0.000
588.375;20245.875;  265.125;    0.000
588.499;23284.875;  235.125;    0.000
588.624;28118.875;  212.125;    0.000
588.749;35126.875;  214.125;    0.000
588.873;42891.875;  236.125;    0.000
588.998;49465.875;  230.125;    0.000
589.122;51285.875;  231.125;    0.000
589.247;47004.875;  250.125;    0.000
589.372;42884.875;  247.125;    0.000
589.496;44528.875;  230.125;    0.000
589.621;47715.875;  237.125;    0.000
589.745;45055.875;  277.125;    0.000
589.870;37507.875;  283.125;    0.000
589.994;30055.875;  263.125;    0.000
590.118;25281.875;  239.125;    0.000
590.243;21610.875;  218.125;    0.000
590.367;19320.875;  226.125;    0.000
590.492;17072.875;  269.125;    0.000
590.616;15644.875;  205.125;    0.000
590.740;14287.875;  243.125;    0.000
590.865;13422.875;  281.125;    0.000
590.989;12227.875;  233.125;    0.000
591.114;11671.875;  222.125;    0.000
591.238;10839.875;  204.125;    0.000
591.362;10466.875;  283.125;    0.000
591.486; 9990.875;  236.125;    0.000
591.611; 9558.875;  228.125;    0.000
591.735; 9206.875;  249.125;    0.000
591.859; 8754.875;  202.125;    0.000
591.983; 8574.875;  257.125;    0.000
592.107; 8092.875;  230.125;    0.000
592.232; 7884.875;  266.125;    0.000
592.356; 7842.875;  232.125;    0.000
592.480; 7590.875;  245.125;    0.000
592.604; 7506.875;  254.125;    0.000
592.728; 7133.875;  233.125;    0.000
592.852; 7187.875;  213.125;    0.000
592.976; 7052.875;  234.125;    0.000
593.100; 6774.875;  246.125;    0.000
593.224; 6828.875;  305.125;    0.000
593.349; 6751.875;  240.125;    0.000
593.473; 6478.875;  206.125;    0.000
593.597; 6511.875;  243.125;    0.000
593.721; 6366.875;  247.125;    0.000
593.844; 6145.875;  230.125;    0.000
593.968; 6116.875;  226.125;    0.000
594.092; 5984.875;  193.125;    0.000
594.216; 6052.875;  237.125;    0.000
594.340; 5760.875;  235.125;    0.000
594.464; 5869.875;  225.125;    0.000
594.588; 5781.875;  269.125;    0.000
594.712; 5665.875;  242.125;    0.000
594.836; 5555.875;  240.125;    0.000
594.959; 5431.875;  255.125;    0.000
595.083; 5237.875;  258.125;    0.000
595.207; 5163.875;  264.125;    0.000
595.331; 5207.875;  215.125;    0.000
595.455; 5114.875;  234.125;    0.000
595.578; 5040.875;  215.125;    0.000
595.702; 5015.875;  259.125;    0.000
595.826; 4878.875;  232.125;    0.000
595.949; 4930.875;  251.125;    0.000
596.073; 4842.875;  197.125;    0.000
596.197; 4813.875;  239.125;    0.000
596.320; 4698.875;  229.125;    0.000
596.444; 4832.875;  264.125;    0.000
596.568; 4706.875;  207.125;    0.000
596.691; 4598.875;  234.125;    0.000
596.815; 4627.875;  241.125;    0.000
596.938; 4544.875;  244.125;    0.000
597.062; 4573.875;  210.125;    0.000
597.186; 4536.875;  247.125;    0.000
597.309; 4420.875;  215.125;    0.000
597.433; 4412.875;  266.125;    0.000
597.556; 4259.875;  234.125;    0.000
597.680; 4299.875;  261.125;    0.000
597.803; 4293.875;  239.125;    0.000
597.926; 4213.875;  251.125;    0.000
598.050; 4229.875;  227.125;    0.000
598.173; 4254.875;  247.125;    0.000
598.297; 4162.875;  244.125;    0.000
598.420; 4145.875;  243.125;    0.000
598.543; 4049.875;  237.125;    0.000
598.667; 4163.875;  239.125;    0.000
598.790; 4064.875;  217.125;    0.000
598.913; 4066.875;  244.125;    0.000
599.037; 4089.875;  249.125;    0.000
599.160; 3963.875;  222.125;    0.000
599.283; 4098.875;  235.125;    0.000
599.406; 3937.875;  228.125;    0.000
599.530; 4070.875;  234.125;    0.000
599.653; 3919.875;  228.125;    0.000
599.776; 4022.875;  263.125;    0.000
599.899; 3938.875;  197.125;    0.000
600.022; 3981.875;  224.125;    0.000
600.145; 3924.875;  211.125;    0.000
600.269; 4070.875;  246.125;    0.000
600.392; 3866.875;  233.125;    0.000
600.515; 3860.875;  266.125;    0.000
600.638; 3799.875;  246.125;    0.000
600.761; 3911.875;  213.125;    0.000
600.884; 3770.875;  279.125;    0.000
601.007; 3686.875;  268.125;    0.000
601.130; 3721.875;  203.125;    0.000
601.253; 3934.875;  241.125;    0.000
601.376; 3748.875;  248.125;    0.000
601.499; 3736.875;  241.125;    0.000
601.622; 3798.875;  266.125;    0.000
601.745; 3779.875;  237.125;    0.000
601.868; 3762.875;  256.125;    0.000
601.991; 3733.875;  260.125;    0.000
602.113; 3689.875;  246.125;    0.000
602.236; 3664.875;  243.125;    0.000
602.359; 3712.875;  220.125;    0.000
602.482; 3734.875;  236.125;    0.000
602.605; 3737.875;  216.125;    0.000
602.728; 3635.875;  247.125;    0.000
602.850; 3759.875;  255.125;    0.000
602.973; 3589.875;  224.125;    0.000
603.096; 3686.875;  258.125;    0.000
603.219; 3633.875;  222.125;    0.000
603.341; 3568.875;  235.125;    0.000
603.464; 3660.875;  223.125;    0.000
603.587; 3647.875;  250.125;    0.000
603.709; 3596.875;  229.125;    0.000
603.832; 3619.875;  285.125;    0.000
603.955; 3593.875;  225.125;    0.000
604.077; 3511.875;  235.125;    0.000
604.200; 3516.875;  209.125;    0.000
604.323; 3673.875;  240.125;    0.000
604.445; 3590.875;  198.125;    0.000
604.568; 3539.875;  230.125;    0.000
604.690; 3506.875;  225.125;    0.000
604.813; 3395.875;  248.125;    0.000
604.935; 3459.875;  204.125;    0.000
605.058; 3460.875;  191.125;    0.000
605.180; 3506.875;  237.125;    0.000
605.303; 3612.875;  224.125;    0.000
605.425; 3498.875;  244.125;    0.000
605.547; 3512.875;  268.125;    0.000
605.670; 3505.875;  211.125;    0.000
605.792; 3620.875;  266.125;    0.000
605.915; 3399.875;  202.125;    0.000
606.037; 3344.875;  236.125;    0.000
606.159; 3463.875;  234.125;    0.000
606.282; 3463.875;  223.125;    0.000
606.404; 3437.875;  217.125;    0.000
606.526; 3378.875;  221.125;    0.000
606.648; 3403.875;  204.125;    0.000
606.771; 3406.875;  265.125;    0.000
606.893; 3414.875;  211.125;    0.000
607.015; 3369.875;  206.125;    0.000
607.137; 3456.875;  222.125;    0.000
607.260; 3434.875;  228.125;    0.000
607.382; 3458.875;  202.125;    0.000
607.504; 3420.875;  257.125;    0.000
607.626; 3377.875;  249.125;    0.000
607.748; 3443.875;  233.125;    0.000
607.870; 3392.875;  222.125;    0.000
607.992; 3450.875;  227.125;    0.000
608.114; 3451.875;  228.125;    0.000
608.237; 3367.875;  254.125;    0.000
608.359; 3408.875;  216.125;    0.000
608.481; 3371.875;  197.125;    0.000
608.603; 3334.875;  209.125;    0.000
608.725; 3320.875;  220.125;    0.000
608.847; 3442.875;  259.125;    0.000
608.969; 3445.875;  242.125;    0.000
609.090; 3312.875;  218.125;    0.000
609.212; 3232.875;  200.125;    0.000
609.334; 3357.875;  212.125;    0.000
609.456; 3310.875;  231.125;    0.000
609.578; 3317.875;  249.125;    0.000
609.700; 3295.875;  185.125;    0.000
609.822; 3291.875;  200.125;    0.000
609.944; 3409.875;  236.125;    0.000
610.065; 3306.875;  255.125;    0.000
610.187; 3321.875;  208.125;    0.000
610.309; 3366.875;  202.125;    0.000
610.431; 3372.875;  232.125;    0.000
610.552; 3345.875;  232.125;    0.000
610.674; 3338.875;  217.125;    0.000
610.796; 3261.875;  186.125;    0.000
610.918; 3322.875;  211.125;    0.000
611.039; 3259.875;  244.125;    0.000
611.161; 3329.875;  202.125;    0.000
611.282; 3256.875;  212.125;    0.000
611.404; 3381.875;  235.125;    0.000
611.526; 3276.875;  213.125;    0.000
611.647; 3326.875;  248.125;    0.000
611.769; 3205.875;  205.125;    0.000
611.890; 3287.875;  224.125;    0.000
612.012; 3329.875;  189.125;    0.000
612.133; 3283.875;  186.125;    0.000
612.255; 3192.875;  246.125;    0.000
612.377; 3267.875;  230.125;    0.000
612.498; 3256.875;  196.125;    0.000
612.619; 3297.875;  234.125;    0.000
612.741; 3296.875;  221.125;    0.000
612.862; 3339.875;  227.125;    0.000
612.984; 3210.875;  189.125;    0.000
613.105; 3187.875;  232.125;    0.000
613.226; 3213.875;  199.125;    0.000
613.348; 3229.875;  260.125;    0.000
613.469; 3244.875;  217.125;    0.000
613.590; 3262.875;  236.125;    0.000
613.712; 3160.875;  226.125;    0.000
613.833; 3213.875;  231.125;    0.000
613.954; 3311.875;  236.125;    0.000
614.076; 3219.875;  236.125;    0.000
614.197; 3112.875;  228.125;    0.000
614.318; 3207.875;  207.125;    0.000
614.439; 3205.875;  237.125;    0.000
614.560; 3354.875;  202.125;    0.000
614.682; 3154.875;  230.125;    0.000
614.803; 3271.875;  236.125;    0.000
614.924; 3298.875;  257.125;    0.000
615.045; 3207.875;  228.125;    0.000
615.166; 3370.875;  221.125;    0.000
615.287; 3428.875;  199.125;    0.000
615.408; 3818.875;  228.125;    0.000
615.529; 4010.875;  200.125;    0.000
615.650; 3674.875;  224.125;    0.000
615.771; 3582.875;  202.125;    0.000
615.892; 3671.875;  215.125;    0.000
616.013; 4322.875;  246.125;    0.000
616.134; 4690.875;  210.125;    0.000
616.255; 4342.875;  232.125;    0.000
616.376; 3824.875;  241.125;    0.000
616.497; 3636.875;  213.125;    0.000
616.618; 3476.875;  171.125;    0.000
616.739; 3402.875;  221.125;    0.000
616.860; 3276.875;  244.125;    0.000
616.981; 3385.875;  240.125;    0.000
617.102; 3339.875;  234.125;    0.000
617.222; 3415.875;  265.125;    0.000
617.343; 3276.875;  206.125;    0.000
617.464; 3335.875;  246.125;    0.000
617.585; 3333.875;  256.125;    0.000
617.705; 3260.875;  249.125;    0.000
617.826; 3368.875;  218.125;    0.000
617.947; 3231.875;  225.125;    0.000
618.068; 3264.875;  199.125;    0.000
618.188; 3233.875;  202.125;    0.000
618.309; 3215.875;  220.125;    0.000
618.430; 3253.875;  229.125;    0.000
618.550; 3196.875;  252.125;    0.000
618.671; 3185.875;  233.125;    0.000
618.791; 3213.875;  227.125;    0.000
618.912; 3208.875;  236.125;    0.000
619.033; 3243.875;  220.125;    0.000
619.153; 3179.875;  228.125;    0.000
619.274; 3207.875;  208.125;    0.000
619.394; 3179.875;  255.125;    0.000
619.515; 3085.875;  206.125;    0.000
619.635; 3184.875;  204.125;    0.000
619.756; 3092.875;  252.125;    0.000
619.876; 3174.875;  238.125;    0.000
619.996; 3252.875;  249.125;    0.000
620.117; 3241.875;  223.125;    0.000
620.237; 3127.875;  210.125;    0.000
620.358; 3197.875;  264.125;    0.000
620.478; 3114.875;  263.125;    0.000
620.598; 3231.875;  238.125;    0.000
620.719; 3125.875;  225.125;    0.000
620.839; 3136.875;  259.125;    0.000
620.959; 3101.875;  218.125;    0.000
621.079; 3120.875;  253.125;    0.000
621.200; 3000.875;  245.125;    0.000
621.320; 3107.875;  254.125;    0.000
621.440; 3049.875;  233.125;    0.000
621.560; 3085.875;  235.125;    0.000
621.681; 3103.875;  234.125;    0.000
621.801; 3063.875;  240.125;    0.000
621.921; 3138.875;  239.125;    0.000
622.041; 3057.875;  288.125;    0.000
622.161; 2987.875;  229.125;    0.000
622.281; 3006.875;  223.125;    0.000
622.401; 3046.875;  240.125;    0.000
622.521; 3022.875;  267.125;    0.000
622.641; 2985.875;  226.125;    0.000
622.761; 3060.875;  252.125;    0.000
622.882; 3084.875;  207.125;    0.000
623.002; 3024.875;  226.125;    0.000
623.121; 3030.875;  207.125;    0.000
623.241; 3061.875;  215.125;    0.000
623.361; 3021.875;  222.125;    0.000
623.481; 2959.875;  187.125;    0.000
623.601; 3075.875;  283.125;    0.000
623.721; 2940.875;  283.125;    0.000
623.841; 3077.875;  233.125;    0.000
623.961; 3007.875;  215.125;    0.000
624.081; 2920.875;  219.125;    0.000
624.201; 2900.875;  221.125;    0.000
624.320; 2897.875;  215.125;    0.000
624.440; 3015.875;  222.125;    0.000
624.560; 2978.875;  231.125;    0.000
624.680; 2915.875;  225.125;    0.000
624.799; 2933.875;  230.125;    0.000
624.919; 2969.875;  243.125;    0.000
625.039; 2898.875;  203.125;    0.000
625.159; 3000.875;  257.125;    0.000
625.278; 2974.875;  230.125;    0.000
625.398; 2851.875;  195.125;    0.000
625.518; 3003.875;  211.125;    0.000
625.637; 2988.875;  267.125;    0.000
625.757; 2947.875;  228.125;    0.000
625.876; 2912.875;  231.125;    0.000
625.996; 3016.875;  219.125;    0.000
626.115; 2960.875;  235.125;    0.000
626.235; 2855.875;  199.125;    0.000
626.354; 2964.875;  226.125;    0.000
626.474; 2979.875;  225.125;    0.000
626.594; 2961.875;  223.125;    0.000
626.713; 2913.875;  231.125;    0.000
626.832; 2964.875;  287.125;    0.000
626.952; 2867.875;  251.125;    0.000
627.071; 2934.875;  254.125;    0.000
627.191; 2847.875;  193.125;    0.000
627.310; 2871.875;  213.125;    0.000
627.429; 2851.875;  259.125;    0.000
627.549; 2850.875;  243.125;    0.000
627.668; 2892.875;  181.125;    0.000
627.787; 2856.875;  232.125;    0.000
627.907; 2814.875;  222.125;    0.000
628.026; 3008.875;  219.125;    0.000
628.145; 2822.875;  201.125;    0.000
628.264; 2967.875;  198.125;    0.000
628.384; 2861.875;  208.125;    0.000
628.503; 2890.875;  251.125;    0.000
628.622; 2873.875;  195.125;    0.000
628.741; 2910.875;  180.125;    0.000
628.860; 2902.875;  235.125;    0.000
628.980; 2877.875;  222.125;    0.000
629.099; 2878.875;  237.125;    0.000
629.218; 2891.875;  175.125;    0.000
629.337; 2960.875;  194.125;    0.000
629.456; 2902.875;  225.125;    0.000
629.575; 2859.875;  239.125;    0.000
629.694; 2874.875;  230.125;    0.000
629.813; 2790.875;  197.125;    0.000
629.932; 2809.875;  225.125;    0.000
630.051; 2872.875;  238.125;    0.000
630.170; 2932.875;  233.125;    0.000
630.289; 2926.875;  231.125;    0.000
630.408; 2766.875;  204.125;    0.000
630.527; 2885.875;  262.125;    0.000
630.646; 2841.875;  181.125;    0.000
630.764; 2827.875;  218.125;    0.000
630.883; 2792.875;  215.125;    0.000
631.002; 2800.875;  224.125;    0.000
631.121; 2821.875;  209.125;    0.000
631.240; 2859.875;  230.125;    0.000
631.359; 2854.875;  235.125;    0.000
631.477; 2877.875;  223.125;    0.000
631.596; 2861.875;  218.125;    0.000
631.715; 2873.875;  234.125;    0.000
631.834; 2908.875;  215.125;    0.000
631.952; 2840.875;  243.125;    0.000
632.071; 2825.875;  219.125;    0.000
632.190; 2829.875;  235.125;    0.000
632.308; 2795.875;  239.125;    0.000
632.427; 2849.875;  211.125;    0.000
632.546; 2667.875;  233.125;    0.000
632.664; 2763.875;  219.125;    0.000
632.783; 2695.875;  203.125;    0.000
632.901; 2734.875;  221.125;    0.000
633.020; 2751.875;  197.125;    0.000
633.138; 2856.875;  244.125;    0.000
633.257; 2782.875;  205.125;    0.000
633.375; 2792.875;  245.125;    0.000
633.494; 2712.875;  218.125;    0.000
633.612; 2792.875;  222.125;    0.000
633.731; 2715.875;  212.125;    0.000
633.849; 2750.875;  218.125;    0.000
633.968; 2879.875;  236.125;    0.000
634.086; 2729.875;  233.125;    0.000
634.204; 2739.875;  215.125;    0.000
634.323; 2750.875;  230.125;    0.000
634.441; 2784.875;  235.125;    0.000
634.559; 2776.875;  202.125;    0.000
634.678; 2681.875;  218.125;    0.000
634.796; 2696.875;  203.125;    0.000
634.914; 2762.875;  227.125;    0.000
635.032; 2785.875;  279.125;    0.000
635.151; 2651.875;  221.125;    0.000
635.269; 2737.875;  207.125;    0.000
635.387; 2847.875;  195.125;    0.000
635.505; 2756.875;  243.125;    0.000
635.623; 2705.875;  269.125;    0.000
635.742; 2770.875;  232.125;    0.000
635.860; 2757.875;  243.125;    0.000
635.978; 2734.875;  215.125;    0.000
636.096; 2673.875;  225.125;    0.000
636.214; 2679.875;  244.125;    0.000
636.332; 2758.875;  226.125;    0.000
636.450; 2703.875;  227.125;    0.000
636.568; 2714.875;  225.125;    0.000
636.686; 2683.875;  194.125;    0.000
636.804; 2728.875;  234.125;    0.000
636.922; 2708.875;  177.125;    0.000
637.040; 2756.875;  225.125;    0.000
637.158; 2678.875;  194.125;    0.000
637.276; 2834.875;  219.125;    0.000
637.394; 2725.875;  219.125;    0.000
637.512; 2735.875;  210.125;    0.000
637.629; 2785.875;  242.125;    0.000
637.747; 2674.875;  193.125;    0.000
637.865; 2674.875;  219.125;    0.000
637.983; 2683.875;  251.125;    0.000
638.101; 2638.875;  221.125;    0.000
638.218; 2657.875;  193.125;    0.000
638.336; 2632.875;  224.125;    0.000
638.454; 2664.875;  227.125;    0.000
638.572; 2734.875;  245.125;    0.000
638.689; 2690.875;  222.125;    0.000
638.807; 2703.875;  244.125;    0.000
638.925; 2621.875;  238.125;    0.000
639.042; 2715.875;  213.125;    0.000
639.160; 2712.875;  186.125;    0.000
639.278; 2660.875;  203.125;    0.000
639.395; 2650.875;  270.125;    0.000
639.513; 2639.875;  227.125;    0.000
639.630; 2702.875;  200.125;    0.000
639.748; 2711.875;  199.125;    0.000
639.865; 2643.875;  233.125;    0.000
639.983; 2692.875;  181.125;    0.000
640.100; 2748.875;  219.125;    0.000
640.218; 2726.875;  234.125;    0.000
640.335; 2622.875;  233.125;    0.000
640.453; 2640.875;  202.125;    0.000
640.570; 2671.875;  214.125;    0.000
640.688; 2697.875;  215.125;    0.000
640.805; 2622.875;  229.125;    0.000
640.922; 2670.875;  244.125;    0.000
641.040; 2627.875;  233.125;    0.000
641.157; 2642.875;  199.125;    0.000
641.274; 2651.875;  205.125;    0.000
641.391; 2718.875;  244.125;    0.000
641.509; 2638.875;  184.125;    0.000
641.626; 2648.875;  244.125;    0.000
641.743; 2642.875;  221.125;    0.000
641.860; 2696.875;  206.125;    0.000
641.978; 2604.875;  272.125;    0.000
642.095; 2690.875;  218.125;    0.000
642.212; 2571.875;  208.125;    0.000
642.329; 2644.875;  218.125;    0.000
642.446; 2565.875;  197.125;    0.000
642.563; 2627.875;  214.125;    0.000
642.681; 2614.875;  203.125;    0.000
642.798; 2624.875;  236.125;    0.000
642.915; 2595.875;  191.125;    0.000
643.032; 2633.875;  226.125;    0.000
643.149; 2652.875;  231.125;    0.000
643.266; 2690.875;  213.125;    0.000
643.383; 2735.875;  240.125;    0.000
643.500; 2676.875;  185.125;    0.000
643.617; 2627.875;  229.125;    0.000
643.734; 2645.875;  205.125;    0.000
643.850; 2684.875;  222.125;    0.000
643.967; 2700.875;  202.125;    0.000
644.084; 2705.875;  264.125;    0.000
644.201; 2638.875;  214.125;    0.000
644.318; 2573.875;  206.125;    0.000
644.435; 2655.875;  225.125;    0.000
644.552; 2665.875;  203.125;    0.000
644.668; 2701.875;  252.125;    0.000
644.785; 2746.875;  213.125;    0.000
644.902; 2737.875;  233.125;    0.000
645.019; 2726.875;  220.125;    0.000
645.135; 2809.875;  225.125;    0.000
645.252; 2699.875;  218.125;    0.000
645.369; 2572.875;  214.125;    0.000
645.485; 2729.875;  210.125;    0.000
645.602; 2726.875;  198.125;    0.000
645.719; 2733.875;  228.125;    0.000
645.835; 2684.875;  209.125;    0.000
645.952; 2759.875;  213.125;    0.000
646.068; 2745.875;  241.125;    0.000
646.185; 2784.875;  219.125;    0.000
646.302; 2827.875;  246.125;    0.000
646.418; 2717.875;  228.125;    0.000
646.535; 2786.875;  256.125;    0.000
646.651; 2737.875;  222.125;    0.000
646.768; 2683.875;  203.125;    0.000
646.884; 2744.875;  199.125;    0.000
647.000; 2819.875;  194.125;    0.000
647.117; 2770.875;  214.125;    0.000
647.233; 2753.875;  209.125;    0.000
647.350; 2824.875;  235.125;    0.000
647.466; 2925.875;  237.125;    0.000
647.582; 2834.875;  231.125;    0.000
647.699; 2850.875;  219.125;    0.000
647.815; 2867.875;  200.125;    0.000
647.931; 2951.875;  173.125;    0.000
648.047; 2773.875;  184.125;    0.000
648.164; 2896.875;  199.125;    0.000
648.280; 2872.875;  209.125;    0.000
648.396; 2936.875;  220.125;    0.000
648.512; 2952.875;  212.125;    0.000
648.629; 2941.875;  214.125;    0.000
648.745; 2909.875;  197.125;    0.000
648.861; 2905.875;  228.125;    0.000
648.977; 2961.875;  238.125;    0.000
649.093; 2895.875;  208.125;    0.000
649.209; 2939.875;  179.125;    0.000
649.325; 2971.875;  256.125;    0.000
649.441; 3015.875;  224.125;    0.000
649.557; 2919.875;  247.125;    0.000
649.673; 2908.875;  214.125;    0.000
649.789; 2980.875;  213.125;    0.000
649.905; 2918.875;  170.125;    0.000
650.021; 3042.875;  236.125;    0.000
650.137; 2958.875;  229.125;    0.000
650.253; 2963.875;  207.125;    0.000
650.369; 3003.875;  198.125;    0.000
650.485; 2976.875;  225.125;    0.000
650.601; 2978.875;  260.125;    0.000
650.717; 2974.875;  196.125;    0.000
650.833; 3014.875;  219.125;    0.000
650.948; 3020.875;  203.125;    0.000
651.064; 2985.875;  232.125;    0.000
651.180; 2972.875;  252.125;    0.000
651.296; 3064.875;  190.125;    0.000
651.411; 3052.875;  235.125;    0.000
651.527; 3041.875;  227.125;    0.000
651.643; 3139.875;  238.125;    0.000
651.759; 3115.875;  260.125;    0.000
651.874; 3139.875;  217.125;    0.000
651.990; 3117.875;  239.125;    0.000
652.105; 3081.875;  215.125;    0.000
652.221; 3206.875;  237.125;    0.000
652.337; 3230.875;  238.125;    0.000
652.452; 3240.875;  230.125;    0.000
652.568; 3259.875;  201.125;    0.000
652.683; 3191.875;  243.125;    0.000
652.799; 3256.875;  218.125;    0.000
652.914; 3184.875;  189.125;    0.000
653.030; 3215.875;  191.125;    0.000
653.145; 3324.875;  240.125;    0.000
653.261; 3348.875;  225.125;    0.000
653.376; 3379.875;  241.125;    0.000
653.492; 3391.875;  188.125;    0.000
653.607; 3514.875;  219.125;    0.000
653.722; 3599.875;  268.125;    0.000
653.838; 3661.875;  262.125;    0.000
653.953; 3604.875;  188.125;    0.000
654.068; 3704.875;  244.125;    0.000
654.184; 3782.875;  247.125;    0.000
654.299; 3930.875;  228.125;    0.000
654.414; 3807.875;  181.125;    0.000
654.530; 4027.875;  210.125;    0.000
654.645; 3915.875;  240.125;    0.000
654.760; 4032.875;  219.125;    0.000
654.875; 4202.875;  178.125;    0.000
654.990; 4340.875;  222.125;    0.000
655.106; 4376.875;  227.125;    0.000
655.221; 4528.875;  270.125;    0.000
655.336; 4517.875;  199.125;    0.000
655.451; 4710.875;  235.125;    0.000
655.566; 4897.875;  251.125;    0.000
655.681; 5057.875;  253.125;    0.000
655.796; 5289.875;  207.125;    0.000
655.911; 5521.875;  213.125;    0.000
656.026; 5822.875;  247.125;    0.000
656.141; 5903.875;  209.125;    0.000
656.256; 6201.875;  226.125;    0.000
656.371; 6215.875;  201.125;    0.000
656.486; 6163.875;  196.125;    0.000
656.601; 5966.875;  239.125;    0.000
656.716; 5918.875;  234.125;    0.000
656.831; 5775.875;  223.125;    0.000
656.946; 5574.875;  246.125;    0.000
657.060; 5444.875;  230.125;    0.000
657.175; 5240.875;  207.125;    0.000
657.290; 5190.875;  213.125;    0.000
657.405; 5128.875;  319.125;    0.000
657.520; 4826.875;  241.125;    0.000
657.634; 4737.875;  235.125;    0.000
657.749; 4575.875;  275.125;    0.000
657.864; 4564.875;  210.125;    0.000
657.979; 4411.875;  227.125;    0.000
658.093; 4408.875;  206.125;    0.000
658.208; 4321.875;  217.125;    0.000
658.323; 4154.875;  227.125;    0.000
658.437; 4205.875;  217.125;    0.000
658.552; 4154.875;  237.125;    0.000
658.666; 4123.875;  233.125;    0.000
658.781; 4041.875;  248.125;    0.000
658.895; 3896.875;  233.125;    0.000
659.010; 3845.875;  238.125;    0.000
659.125; 3766.875;  206.125;    0.000
659.239; 3732.875;  220.125;    0.000
659.353; 3733.875;  236.125;    0.000
659.468; 3673.875;  238.125;    0.000
659.582; 3751.875;  275.125;    0.000
659.697; 3622.875;  239.125;    0.000
659.811; 3525.875;  232.125;    0.000
659.926; 3557.875;  230.125;    0.000
660.040; 3499.875;  257.125;    0.000
660.154; 3486.875;  221.125;    0.000
660.269; 3474.875;  219.125;    0.000
660.383; 3371.875;  228.125;    0.000
660.497; 3331.875;  243.125;    0.000
660.612; 3306.875;  238.125;    0.000
660.726; 3332.875;  260.125;    0.000
660.840; 3244.875;  239.125;    0.000
660.954; 3188.875;  236.125;    0.000
661.068; 3282.875;  239.125;    0.000
661.183; 3192.875;  245.125;    0.000
661.297; 3149.875;  198.125;    0.000
661.411; 3147.875;  203.125;    0.000
661.525; 3179.875;  244.125;    0.000
661.639; 3054.875;  229.125;    0.000
661.753; 3105.875;  238.125;    0.000
661.867; 3121.875;  237.125;    0.000
661.981; 2934.875;  219.125;    0.000
662.095; 2958.875;  232.125;    0.000
662.209; 2906.875;  236.125;    0.000
662.323; 2937.875;  209.125;    0.000
662.437; 2887.875;  206.125;    0.000
662.551; 2840.875;  217.125;    0.000
662.665; 2850.875;  262.125;    0.000
662.779; 2818.875;  234.125;    0.000
662.893; 2885.875;  222.125;    0.000
663.007; 2728.875;  189.125;    0.000
663.121; 2737.875;  258.125;    0.000
663.235; 2774.875;  191.125;    0.000
663.349; 2702.875;  259.125;    0.000
663.462; 2735.875;  209.125;    0.000
663.576; 2643.875;  244.125;    0.000
663.690; 2725.875;  237.125;    0.000
663.804; 2652.875;  205.125;    0.000
663.917; 2612.875;  207.125;    0.000
664.031; 2674.875;  234.125;    0.000
664.145; 2610.875;  216.125;    0.000
664.258; 2607.875;  202.125;    0.000
664.372; 2547.875;  198.125;    0.000
664.486; 2521.875;  181.125;    0.000
664.599; 2578.875;  229.125;    0.000
664.713; 2590.875;  266.125;    0.000
664.827; 2534.875;  185.125;    0.000
664.940; 2520.875;  225.125;    0.000
665.054; 2571.875;  198.125;    0.000
665.167; 2554.875;  208.125;    0.000
665.281; 2596.875;  231.125;    0.000
665.394; 2480.875;  228.125;    0.000
665.508; 2411.875;  204.125;    0.000
665.621; 2518.875;  263.125;    0.000
665.735; 2514.875;  222.125;    0.000
665.848; 2451.875;  237.125;    0.000
665.961; 2407.875;  180.125;    0.000
666.075; 2484.875;  212.125;    0.000
666.188; 2450.875;  229.125;    0.000
666.301; 2434.875;  247.125;    0.000
666.415; 2338.875;  212.125;    0.000
666.528; 2438.875;  268.125;    0.000
666.641; 2407.875;  210.125;    0.000
666.755; 2398.875;  178.125;    0.000
666.868; 2336.875;  227.125;    0.000
666.981; 2358.875;  250.125;    0.000
667.094; 2436.875;  228.125;    0.000
667.207; 2388.875;  235.125;    0.000
667.321; 2374.875;  171.125;    0.000
667.434; 2387.875;  191.125;    0.000
667.547; 2416.875;  279.125;    0.000
667.660; 2321.875;  210.125;    0.000
667.773; 2357.875;  217.125;    0.000
667.886; 2362.875;  209.125;    0.000
667.999; 2324.875;  239.125;    0.000
668.112; 2299.875;  227.125;    0.000
668.225; 2375.875;  185.125;    0.000
668.338; 2229.875;  222.125;    0.000
668.451; 2268.875;  200.125;    0.000
668.564; 2311.875;  237.125;    0.000
668.677; 2264.875;  207.125;    0.000
668.790; 2196.875;  208.125;    0.000
668.903; 2207.875;  243.125;    0.000
669.016; 2185.875;  190.125;    0.000
669.129; 2260.875;  234.125;    0.000
669.242; 2157.875;  185.125;    0.000
669.354; 2207.875;  224.125;    0.000
669.467; 2292.875;  219.125;    0.000
669.580; 2307.875;  249.125;    0.000
669.693; 2153.875;  187.125;    0.000
669.806; 2209.875;  206.125;    0.000
669.918; 2154.875;  192.125;    0.000
670.031; 2241.875;  235.125;    0.000
670.144; 2230.875;  238.125;    0.000
670.256; 2187.875;  237.125;    0.000
670.369; 2219.875;  237.125;    0.000
670.482; 2148.875;  250.125;    0.000
670.594; 2195.875;  273.125;    0.000
670.707; 2188.875;  223.125;    0.000
670.820; 2196.875;  238.125;    0.000
670.932; 2114.875;  224.125;    0.000
671.045; 2205.875;  219.125;    0.000
671.157; 2212.875;  242.125;    0.000
671.270; 2141.875;  235.125;    0.000
671.382; 2077.875;  213.125;    0.000
671.495; 2076.875;  254.125;    0.000
671.607; 2205.875;  253.125;    0.000
671.720; 2111.875;  169.125;    0.000
671.832; 2103.875;  201.125;    0.000
671.944; 2101.875;  250.125;    0.000
672.057; 2107.875;  187.125;    0.000
672.169; 2147.875;  224.125;    0.000
672.281; 2224.875;  238.125;    0.000
672.394; 2104.875;  250.125;    0.000
672.506; 2081.875;  227.125;    0.000
672.618; 2074.875;  223.125;    0.000
672.731; 2108.875;  210.125;    0.000
672.843; 2147.875;  245.125;    0.000
672.955; 2075.875;  263.125;    0.000
673.067; 2165.875;  239.125;    0.000
673.180; 2134.875;  253.125;    0.000
673.292; 2101.875;  243.125;    0.000
673.404; 2104.875;  226.125;    0.000
673.516; 2084.875;  223.125;    0.000
673.628; 2013.875;  223.125;    0.000
673.740; 2146.875;  216.125;    0.000
673.852; 2105.875;  277.125;    0.000
673.964; 2149.875;  211.125;    0.000
674.076; 2121.875;  241.125;    0.000
674.188; 1999.875;  251.125;    0.000
674.300; 2090.875;  268.125;    0.000
674.412; 2105.875;  260.125;    0.000
674.524; 2105.875;  257.125;    0.000
674.636; 2133.875;  222.125;    0.000
674.748; 2064.875;  227.125;    0.000
674.860; 2122.875;  250.125;    0.000
674.972; 2035.875;  240.125;    0.000
675.084; 2087.875;  262.125;    0.000
675.196; 2009.875;  287.125;    0.000
675.307; 2031.875;  257.125;    0.000
675.419; 1976.875;  231.125;    0.000
675.531; 2044.875;  274.125;    0.000
675.643; 2036.875;  235.125;    0.000
675.755; 2131.875;  275.125;    0.000
675.866; 2040.875;  238.125;    0.000
675.978; 2019.875;  209.125;    0.000
676.090; 2049.875;  239.125;    0.000
676.201; 2067.875;  249.125;    0.000
676.313; 1904.875;  237.125;    0.000
676.425; 2017.875;  263.125;    0.000
676.536; 1986.875;  178.125;    0.000
676.648; 1959.875;  245.125;    0.000
676.759; 1982.875;  244.125;    0.000
676.871; 2033.875;  242.125;    0.000
676.983; 2019.875;  245.125;    0.000
677.094; 1918.875;  209.125;    0.000
677.206; 1944.875;  248.125;    0.000
677.317; 1954.875;  260.125;    0.000
677.429; 1863.875;  237.125;    0.000
677.540; 1958.875;  226.125;    0.000
677.651; 1950.875;  226.125;    0.000
677.763; 1929.875;  194.125;    0.000
677.874; 1938.875;  230.125;    0.000
677.986; 2048.875;  202.125;    0.000
678.097; 1970.875;  229.125;    0.000
678.208; 1970.875;  263.125;    0.000
678.320; 1953.875;  243.125;    0.000
678.431; 1906.875;  229.125;    0.000
678.542; 1891.875;  231.125;    0.000
678.653; 1882.875;  224.125;    0.000
678.765; 1870.875;  255.125;    0.000
678.876; 1897.875;  175.125;    0.000
678.987; 1876.875;  204.125;    0.000
679.098; 1790.875;  227.125;    0.000
679.209; 1950.875;  228.125;    0.000
679.320; 1946.875;  223.125;    0.000
679.432; 1989.875;  219.125;    0.000
679.543; 1881.875;  210.125;    0.000
679.654; 1884.875;  249.125;    0.000
679.765; 1892.875;  222.125;    0.000
679.876; 1872.875;  219.125;    0.000
679.987; 1911.875;  213.125;    0.000
680.098; 1929.875;  237.125;    0.000
680.209; 1923.875;  188.125;    0.000
680.320; 1937.875;  243.125;    0.000
680.431; 1883.875;  227.125;    0.000
680.542; 1914.875;  212.125;    0.000
680.653; 1929.875;  266.125;    0.000
680.763; 1772.875;  198.125;    0.000
680.874; 1885.875;  211.125;    0.000
680.985; 1860.875;  207.125;    0.000
681.096; 1922.875;  244.125;    0.000
681.207; 1845.875;  209.125;    0.000
681.318; 1903.875;  215.125;    0.000
681.428; 1847.875;  199.125;    0.000
681.539; 1909.875;  175.125;    0.000
681.650; 1858.875;  224.125;    0.000
681.760; 1955.875;  216.125;    0.000
681.871; 1850.875;  187.125;    0.000
681.982; 1814.875;  237.125;    0.000
682.093; 1863.875;  213.125;    0.000
682.203; 1768.875;  190.125;    0.000
682.314; 1816.875;  230.125;    0.000
682.424; 1898.875;  223.125;    0.000
682.535; 1856.875;  172.125;    0.000
682.646; 1978.875;  268.125;    0.000
682.756; 1927.875;  249.125;    0.000
682.867; 1839.875;  225.125;    0.000
682.977; 1864.875;  211.125;    0.000
683.088; 1921.875;  238.125;    0.000
683.198; 1874.875;  202.125;    0.000
683.308; 1822.875;  196.125;    0.000
683.419; 1912.875;  230.125;    0.000
683.529; 1863.875;  213.125;    0.000
683.640; 1857.875;  225.125;    0.000
683.750; 1862.875;  203.125;    0.000
683.860; 1864.875;  200.125;    0.000
683.971; 1813.875;  269.125;    0.000
684.081; 1768.875;  204.125;    0.000
684.191; 1913.875;  228.125;    0.000
684.301; 1814.875;  219.125;    0.000
684.412; 1797.875;  222.125;    0.000
684.522; 1841.875;  242.125;    0.000
684.632; 1811.875;  234.125;    0.000
684.742; 1875.875;  240.125;    0.000
684.852; 1852.875;  229.125;    0.000
684.963; 1801.875;  237.125;    0.000
685.073; 1799.875;  205.125;    0.000
685.183; 1900.875;  241.125;    0.000
685.293; 1902.875;  202.125;    0.000
685.403; 1839.875;  232.125;    0.000
685.513; 1899.875;  244.125;    0.000
685.623; 1832.875;  224.125;    0.000
685.733; 1823.875;  236.125;    0.000
685.843; 1796.875;  235.125;    0.000
685.953; 1808.875;  216.125;    0.000
686.063; 1830.875;  214.125;    0.000
686.173; 1839.875;  198.125;    0.000
686.283; 1822.875;  250.125;    0.000
686.393; 1801.875;  227.125;    0.000
686.503; 1827.875;  244.125;    0.000
686.612; 1808.875;  247.125;    0.000
686.722; 1858.875;  265.125;    0.000
686.832; 1856.875;  213.125;    0.000
686.942; 1885.875;  241.125;    0.000
687.052; 1856.875;  238.125;    0.000
687.161; 1903.875;  233.125;    0.000
687.271; 1860.875;  232.125;    0.000
687.381; 1755.875;  220.125;    0.000
687.491; 1809.875;  206.125;    0.000
687.600; 1893.875;  283.125;    0.000
687.710; 1842.875;  212.125;    0.000
687.820; 1825.875;  226.125;    0.000
687.929; 1838.875;  202.125;    0.000
688.039; 1823.875;  225.125;    0.000
688.148; 1793.875;  235.125;    0.000
688.258; 1702.875;  224.125;    0.000
688.367; 1869.875;  239.125;    0.000
688.477; 1712.875;  193.125;    0.000
688.586; 1802.875;  226.125;    0.000
688.696; 1871.875;  185.125;    0.000
688.805; 1834.875;  190.125;    0.000
688.915; 1805.875;  209.125;    0.000
689.024; 1823.875;  214.125;    0.000
689.134; 1758.875;  205.125;    0.000
689.243; 1806.875;  190.125;    0.000
689.352; 1728.875;  233.125;    0.000
689.462; 1739.875;  196.125;    0.000
689.571; 1766.875;  227.125;    0.000
689.680; 1876.875;  206.125;    0.000
689.790; 1746.875;  193.125;    0.000
689.899; 1743.875;  204.125;    0.000
690.008; 1756.875;  228.125;    0.000
690.117; 1776.875;  207.125;    0.000
690.227; 1873.875;  231.125;    0.000
690.336; 1810.875;  222.125;    0.000
690.445; 1752.875;  198.125;    0.000
690.554; 1817.875;  202.125;    0.000
690.663; 1725.875;  217.125;    0.000
690.772; 1823.875;  213.125;    0.000
690.881; 1804.875;  225.125;    0.000
690.990; 1757.875;  217.125;    0.000
691.099; 1711.875;  205.125;    0.000
691.209; 1783.875;  220.125;    0.000
691.318; 1754.875;  216.125;    0.000
691.427; 1773.875;  188.125;    0.000
691.536; 1777.875;  224.125;    0.000
691.644; 1726.875;  212.125;    0.000
691.753; 1734.875;  216.125;    0.000
691.862; 1772.875;  250.125;    0.000
691.971; 1789.875;  210.125;    0.000
692.080; 1725.875;  232.125;    0.000
692.189; 1744.875;  218.125;    0.000
692.298; 1728.875;  220.125;    0.000
692.406; 1821.875;  261.125;    0.000
692.515; 1759.875;  253.125;    0.000
692.624; 1747.875;  224.125;    0.000
692.733; 1735.875;  209.125;    0.000
692.842; 1781.875;  214.125;    0.000
692.950; 1865.875;  206.125;    0.000
693.059; 1750.875;  180.125;    0.000
693.168; 1710.875;  220.125;    0.000
693.276; 1772.875;  196.125;    0.000
693.385; 1817.875;  203.125;    0.000
693.494; 1769.875;  263.125;    0.000
693.602; 1774.875;  222.125;    0.000
693.711; 1778.875;  178.125;    0.000
693.819; 1735.875;  230.125;    0.000
693.928; 1743.875;  187.125;    0.000
694.036; 1753.875;  219.125;    0.000
694.145; 1822.875;  223.125;    0.000
694.253; 1784.875;  241.125;    0.000
694.362; 1718.875;  229.125;    0.000
694.470; 1774.875;  223.125;    0.000
694.579; 1753.875;  195.125;    0.000
694.687; 1808.875;  257.125;    0.000
694.795; 1749.875;  230.125;    0.000
694.904; 1726.875;  196.125;    0.000
695.012; 1798.875;  247.125;    0.000
695.120; 1787.875;  215.125;    0.000
695.229; 1819.875;  244.125;    0.000
695.337; 1847.875;  197.125;    0.000
695.445; 1820.875;  270.125;    0.000
695.553; 1750.875;  241.125;    0.000
695.662; 1764.875;  249.125;    0.000
695.770; 1766.875;  244.125;    0.000
695.878; 1778.875;  236.125;    0.000
695.986; 1775.875;  253.125;    0.000
696.094; 1738.875;  242.125;    0.000
696.202; 1675.875;  174.125;    0.000
696.310; 1752.875;  230.125;    0.000
696.419; 1818.875;  218.125;    0.000
696.527; 1692.875;  226.125;    0.000
696.635; 1770.875;  217.125;    0.000
696.743; 1778.875;  221.125;    0.000
696.851; 1745.875;  259.125;    0.000
696.959; 1800.875;  245.125;    0.000
697.067; 1703.875;  235.125;    0.000
697.174; 1714.875;  238.125;    0.000
697.282; 1754.875;  208.125;    0.000
697.390; 1767.875;  265.125;    0.000
697.498; 1719.875;  202.125;    0.000
697.606; 1720.875;  219.125;    0.000
697.714; 1728.875;  245.125;    0.000
697.822; 1826.875;  222.125;    0.000
697.929; 1772.875;  194.125;    0.000
698.037; 1778.875;  223.125;    0.000
698.145; 1743.875;  213.125;    0.000
698.253; 1729.875;  234.125;    0.000
698.360; 1822.875;  211.125;    0.000
698.468; 1713.875;  241.125;    0.000
698.576; 1716.875;  249.125;    0.000
698.683; 1814.875;  268.125;    0.000
698.791; 1777.875;  223.125;    0.000
698.899; 1790.875;  251.125;    0.000
699.006; 1735.875;  216.125;    0.000
699.114; 1741.875;  256.125;    0.000
699.221; 1688.875;  226.125;    0.000
699.329; 1767.875;  255.125;    0.000
699.436; 1764.875;  213.125;    0.000
699.544; 1730.875;  258.125;    0.000
699.651; 1751.875;  214.125;    0.000
699.759; 1725.875;  229.125;    0.000
699.866; 1780.875;  239.125;    0.000
699.974; 1703.875;  224.125;    0.000
700.081; 1670.875;  227.125;    0.000
700.188; 1704.875;  267.125;    0.000
700.296; 1717.875;  222.125;    0.000
700.403; 1715.875;  225.125;    0.000
700.510; 1720.875;  248.125;    0.000
700.618; 1772.875;  223.125;    0.000
700.725; 1645.875;  243.125;    0.000
700.832; 1683.875;  239.125;    0.000
700.940; 1676.875;  284.125;    0.000
701.047; 1693.875;  216.125;    0.000
701.154; 1713.875;  249.125;    0.000
701.261; 1703.875;  229.125;    0.000
701.368; 1692.875;  247.125;    0.000
701.475; 1773.875;  208.125;    0.000
701.582; 1699.875;  262.125;    0.000
701.690; 1669.875;  224.125;    0.000
701.797; 1804.875;  294.125;    0.000
701.904; 1839.875;  303.125;    0.000
702.011; 1761.875;  278.125;    0.000
702.118; 1724.875;  279.125;    0.000
702.225; 1775.875;  342.125;    0.000
702.332; 1733.875;  281.125;    0.000
702.439; 1762.875;  313.125;    0.000
702.546; 1789.875;  295.125;    0.000
702.652; 1775.875;  293.125;    0.000
702.759; 1776.875;  333.125;    0.000
702.866; 1789.875;  272.125;    0.000
702.973; 1760.875;  310.125;    0.000
703.080; 1767.875;  313.125;    0.000
703.187; 1710.875;  316.125;    0.000
703.294; 1761.875;  328.125;    0.000
703.400; 1581.875;  312.125;    0.000
703.507;  483.875;  349.125;    0.000
703.614;  310.875;  298.125;    0.000
703.720;  328.875;  300.125;    0.000
703.827;  325.875;  346.125;    0.000
703.934;  329.875;  308.125;    0.000
704.040;  288.875;  300.125;    0.000
704.147;  316.875;  317.125;    0.000
704.254;  337.875;  350.125;    0.000
704.360;  321.875;  285.125;    0.000
704.467;  345.875;  334.125;    0.000
704.573;  305.875;  330.125;    0.000
704.680;  305.875;  312.125;    0.000
704.786;  311.875;  305.125;    0.000
704.893;  311.875;  330.125;    0.000
704.999;  311.875;  315.125;    0.000
705.106;  327.875;  327.125;    0.000

