
Integration time [ms]:   1.000
Averaging Nr. [scans]: 1
Smoothing Nr. [pixels]: 0
Data measured with spectrometer [name]: UV2
Wave   ;Sample   ;Dark     ;Reference
[nm]   ;[counts] ;[counts] ;[counts] 

353.533;  229.825;  216.475;    0.000
353.597;  199.825;  244.475;    0.000
353.660;  218.825;  181.475;    0.000
353.723;  185.825;  203.475;    0.000
353.786;  199.825;  180.475;    0.000
353.850;  227.825;  213.475;    0.000
353.913;  174.825;  191.475;    0.000
353.976;  196.825;  195.475;    0.000
354.039;  193.825;  158.475;    0.000
354.102;  180.825;  199.475;    0.000
354.166;  204.825;  185.475;    0.000
354.229;  200.825;  188.475;    0.000
354.292;  217.825;  188.475;    0.000
354.355;  189.825;  226.475;    0.000
354.418;  175.825;  158.475;    0.000
354.481;  171.825;  185.475;    0.000
354.545;  507.825;  191.475;    0.000
354.608;  645.825;  247.475;    0.000
354.671;  555.825;  176.475;    0.000
354.734;  614.825;  198.475;    0.000
354.797;  596.825;  195.475;    0.000
354.860;  640.825;  212.475;    0.000
354.923;  623.825;  184.475;    0.000
354.986;  634.825;  169.475;    0.000
355.050;  650.825;  206.475;    0.000
355.113;  629.825;  210.475;    0.000
355.176;  633.825;  217.475;    0.000
355.239;  700.825;  201.475;    0.000
355.302;  654.825;  193.475;    0.000
355.365;  710.825;  234.475;    0.000
355.428;  699.825;  182.475;    0.000
355.491;  715.825;  233.475;    0.000
355.554;  725.825;  167.475;    0.000
355.617;  716.825;  195.475;    0.000
355.680;  664.825;  198.475;    0.000
355.743;  740.825;  186.475;    0.000
355.806;  742.825;  171.475;    0.000
355.869;  763.825;  244.475;    0.000
355.932;  727.825;  164.475;    0.000
355.995;  763.825;  220.475;    0.000
356.058;  829.825;  172.475;    0.000
356.121;  824.825;  228.475;    0.000
356.184;  812.825;  225.475;    0.000
356.247;  778.825;  161.475;    0.000
356.310;  804.825;  195.475;    0.000
356.373;  783.825;  191.475;    0.000
356.436;  755.825;  147.475;    0.000
356.498;  803.825;  183.475;    0.000
356.561;  770.825;  137.475;    0.000
356.624;  807.825;  186.475;    0.000
356.687;  806.825;  158.475;    0.000
356.750;  802.825;  194.475;    0.000
356.813;  802.825;  186.475;    0.000
356.876;  788.825;  161.475;    0.000
356.939;  802.825;  188.475;    0.000
357.001;  806.825;  200.475;    0.000
357.064;  806.825;  182.475;    0.000
357.127;  736.825;  168.475;    0.000
357.190;  803.825;  157.475;    0.000
357.253;  830.825;  199.475;    0.000
357.316;  858.825;  187.475;    0.000
357.378;  824.825;  174.475;    0.000
357.441;  787.825;  165.475;    0.000
357.504;  778.825;  189.475;    0.000
357.567;  810.825;  116.475;    0.000
357.629;  794.825;  176.475;    0.000
357.692;  841.825;  134.475;    0.000
357.755;  830.825;  175.475;    0.000
357.818;  792.825;  159.475;    0.000
357.880;  834.825;  185.475;    0.000
357.943;  780.825;  159.475;    0.000
358.006;  821.825;  176.475;    0.000
358.069;  808.825;  156.475;    0.000
358.131;  833.825;  170.475;    0.000
358.194;  848.825;  125.475;    0.000
358.257;  867.825;  186.475;    0.000
358.319;  901.825;  139.475;    0.000
358.382;  897.825;  175.475;    0.000
358.445;  915.825;  170.475;    0.000
358.507;  851.825;  129.475;    0.000
358.570;  808.825;  168.475;    0.000
358.633;  837.825;  152.475;    0.000
358.695;  811.825;  194.475;    0.000
358.758;  866.825;  154.475;    0.000
358.821;  868.825;  147.475;    0.000
358.883;  813.825;  163.475;    0.000
358.946;  855.825;  155.475;    0.000
359.008;  860.825;  208.475;    0.000
359.071;  854.825;  182.475;    0.000
359.134;  801.825;  126.475;    0.000
359.196;  827.825;  142.475;    0.000
359.259;  858.825;  138.475;    0.000
359.321;  871.825;  153.475;    0.000
359.384;  864.825;  186.475;    0.000
359.446;  843.825;  152.475;    0.000
359.509;  812.825;  144.475;    0.000
359.571;  856.825;  164.475;    0.000
359.634;  822.825;  171.475;    0.000
359.696;  925.825;  144.475;    0.000
359.759;  912.825;  171.475;    0.000
359.821;  873.825;  161.475;    0.000
359.884;  875.825;  159.475;    0.000
359.946;  920.825;  186.475;    0.000
360.009;  863.825;  171.475;    0.000
360.071;  969.825;  166.475;    0.000
360.134;  899.825;  215.475;    0.000
360.196;  864.825;  138.475;    0.000
360.259;  855.825;  196.475;    0.000
360.321;  876.825;  148.475;    0.000
360.384;  889.825;  150.475;    0.000
360.446;  886.825;  148.475;    0.000
360.508;  887.825;  172.475;    0.000
360.571;  902.825;  155.475;    0.000
360.633;  929.825;  153.475;    0.000
360.696;  851.825;  142.475;    0.000
360.758;  894.825;  165.475;    0.000
360.820;  876.825;  155.475;    0.000
360.883;  934.825;  156.475;    0.000
360.945;  925.825;  171.475;    0.000
361.007;  912.825;  138.475;    0.000
361.070;  944.825;  129.475;    0.000
361.132; 1065.825;  166.475;    0.000
361.194;  918.825;  143.475;    0.000
361.257;  903.825;  154.475;    0.000
361.319;  933.825;  176.475;    0.000
361.381;  959.825;  143.475;    0.000
361.443;  927.825;  136.475;    0.000
361.506;  978.825;  160.475;    0.000
361.568;  982.825;  140.475;    0.000
361.630;  915.825;  159.475;    0.000
361.693;  990.825;  162.475;    0.000
361.755;  972.825;  185.475;    0.000
361.817;  928.825;  209.475;    0.000
361.879; 1046.825;  161.475;    0.000
361.941;  938.825;  152.475;    0.000
362.004;  934.825;  132.475;    0.000
362.066;  865.825;  159.475;    0.000
362.128;  917.825;  143.475;    0.000
362.190;  960.825;  131.475;    0.000
362.252;  900.825;  131.475;    0.000
362.315;  978.825;  175.475;    0.000
362.377;  913.825;  140.475;    0.000
362.439;  995.825;  140.475;    0.000
362.501;  925.825;  140.475;    0.000
362.563; 1015.825;  152.475;    0.000
362.625;  958.825;  174.475;    0.000
362.688;  997.825;  195.475;    0.000
362.750; 1048.825;  221.475;    0.000
362.812; 1017.825;  171.475;    0.000
362.874;  938.825;  117.475;    0.000
362.936; 1028.825;  162.475;    0.000
362.998;  937.825;  142.475;    0.000
363.060;  993.825;  143.475;    0.000
363.122;  963.825;  148.475;    0.000
363.184;  990.825;  179.475;    0.000
363.246; 1029.825;  186.475;    0.000
363.308;  967.825;  180.475;    0.000
363.370;  983.825;  200.475;    0.000
363.432;  962.825;  139.475;    0.000
363.494;  986.825;  138.475;    0.000
363.556;  947.825;  114.475;    0.000
363.618; 1016.825;  153.475;    0.000
363.680;  990.825;  153.475;    0.000
363.742;  988.825;  178.475;    0.000
363.804;  990.825;  214.475;    0.000
363.866; 1082.825;  170.475;    0.000
363.928;  983.825;  145.475;    0.000
363.990; 1036.825;  215.475;    0.000
364.052; 1057.825;  166.475;    0.000
364.114;  950.825;  168.475;    0.000
364.176; 1074.825;  176.475;    0.000
364.238; 1022.825;  203.475;    0.000
364.300; 1053.825;  158.475;    0.000
364.362; 1021.825;  152.475;    0.000
364.424;  986.825;  119.475;    0.000
364.486; 1054.825;  187.475;    0.000
364.548;  994.825;  180.475;    0.000
364.609;  985.825;  212.475;    0.000
364.671;  973.825;  165.475;    0.000
364.733;  988.825;  190.475;    0.000
364.795; 1006.825;  148.475;    0.000
364.857;  980.825;  159.475;    0.000
364.919;  981.825;  159.475;    0.000
364.981;  991.825;  191.475;    0.000
365.042; 1033.825;  170.475;    0.000
365.104; 1038.825;  145.475;    0.000
365.166;  963.825;  134.475;    0.000
365.228; 1073.825;  150.475;    0.000
365.290; 1010.825;  158.475;    0.000
365.351; 1059.825;  168.475;    0.000
365.413; 1082.825;  173.475;    0.000
365.475; 1020.825;  172.475;    0.000
365.537; 1051.825;  126.475;    0.000
365.598; 1110.825;  160.475;    0.000
365.660; 1006.825;  127.475;    0.000
365.722; 1014.825;  189.475;    0.000
365.784; 1041.825;  161.475;    0.000
365.845;  966.825;  152.475;    0.000
365.907; 1026.825;  117.475;    0.000
365.969; 1054.825;  146.475;    0.000
366.030; 1066.825;  171.475;    0.000
366.092; 1023.825;  155.475;    0.000
366.154; 1022.825;  137.475;    0.000
366.215; 1056.825;  147.475;    0.000
366.277; 1016.825;  148.475;    0.000
366.339; 1016.825;  158.475;    0.000
366.400; 1032.825;  140.475;    0.000
366.462;  982.825;  159.475;    0.000
366.524; 1077.825;  160.475;    0.000
366.585; 1029.825;  157.475;    0.000
366.647; 1037.825;  170.475;    0.000
366.708; 1041.825;  123.475;    0.000
366.770; 1122.825;  194.475;    0.000
366.832; 1083.825;  191.475;    0.000
366.893;  997.825;  155.475;    0.000
366.955; 1065.825;  132.475;    0.000
367.016; 1023.825;  126.475;    0.000
367.078; 1076.825;  202.475;    0.000
367.139;  990.825;  116.475;    0.000
367.201; 1081.825;  134.475;    0.000
367.262; 1041.825;  157.475;    0.000
367.324; 1046.825;  202.475;    0.000
367.385; 1065.825;  118.475;    0.000
367.447; 1112.825;  155.475;    0.000
367.508; 1009.825;  134.475;    0.000
367.570; 1115.825;  165.475;    0.000
367.631; 1006.825;  118.475;    0.000
367.693; 1095.825;  170.475;    0.000
367.754; 1017.825;  154.475;    0.000
367.816; 1007.825;  146.475;    0.000
367.877; 1116.825;  175.475;    0.000
367.939; 1040.825;  200.475;    0.000
368.000; 1054.825;  168.475;    0.000
368.062; 1077.825;  138.475;    0.000
368.123; 1126.825;  170.475;    0.000
368.184; 1031.825;  188.475;    0.000
368.246; 1093.825;  145.475;    0.000
368.307; 1058.825;  163.475;    0.000
368.369; 1121.825;  144.475;    0.000
368.430; 1048.825;  140.475;    0.000
368.491; 1094.825;  133.475;    0.000
368.553; 1119.825;  145.475;    0.000
368.614; 1076.825;  158.475;    0.000
368.675; 1033.825;  147.475;    0.000
368.737; 1021.825;  157.475;    0.000
368.798; 1092.825;  163.475;    0.000
368.859; 1102.825;  173.475;    0.000
368.921; 1063.825;  122.475;    0.000
368.982; 1107.825;  184.475;    0.000
369.043; 1059.825;  169.475;    0.000
369.104; 1103.825;  142.475;    0.000
369.166; 1052.825;  169.475;    0.000
369.227; 1062.825;  156.475;    0.000
369.288; 1104.825;  151.475;    0.000
369.349; 1040.825;  191.475;    0.000
369.411; 1128.825;  168.475;    0.000
369.472; 1119.825;  155.475;    0.000
369.533; 1052.825;  149.475;    0.000
369.594; 1141.825;  174.475;    0.000
369.656; 1085.825;  188.475;    0.000
369.717; 1091.825;  113.475;    0.000
369.778; 1044.825;  184.475;    0.000
369.839; 1145.825;  151.475;    0.000
369.900; 1147.825;  180.475;    0.000
369.961; 1121.825;  171.475;    0.000
370.023; 1186.825;  143.475;    0.000
370.084; 1159.825;  137.475;    0.000
370.145; 1073.825;  152.475;    0.000
370.206; 1074.825;  151.475;    0.000
370.267; 1119.825;  134.475;    0.000
370.328; 1094.825;  178.475;    0.000
370.389; 1116.825;  181.475;    0.000
370.451; 1193.825;  169.475;    0.000
370.512; 1110.825;  172.475;    0.000
370.573; 1204.825;  148.475;    0.000
370.634; 1102.825;  156.475;    0.000
370.695; 1081.825;  151.475;    0.000
370.756; 1119.825;  185.475;    0.000
370.817; 1090.825;  185.475;    0.000
370.878; 1161.825;  191.475;    0.000
370.939; 1088.825;  147.475;    0.000
371.000; 1139.825;  162.475;    0.000
371.061; 1130.825;  145.475;    0.000
371.122; 1144.825;  179.475;    0.000
371.183; 1053.825;  114.475;    0.000
371.244; 1113.825;  180.475;    0.000
371.305; 1156.825;  138.475;    0.000
371.366; 1118.825;  157.475;    0.000
371.427; 1121.825;  148.475;    0.000
371.488; 1141.825;  138.475;    0.000
371.549; 1141.825;  193.475;    0.000
371.610; 1137.825;  158.475;    0.000
371.671; 1186.825;  119.475;    0.000
371.732; 1127.825;  159.475;    0.000
371.793; 1179.825;  178.475;    0.000
371.853; 1177.825;  155.475;    0.000
371.914; 1129.825;  148.475;    0.000
371.975; 1174.825;  124.475;    0.000
372.036; 1138.825;  158.475;    0.000
372.097; 1150.825;  136.475;    0.000
372.158; 1109.825;  116.475;    0.000
372.219; 1213.825;  157.475;    0.000
372.280; 1138.825;  151.475;    0.000
372.340; 1172.825;  190.475;    0.000
372.401; 1114.825;  151.475;    0.000
372.462; 1177.825;  129.475;    0.000
372.523; 1119.825;  121.475;    0.000
372.584; 1234.825;  152.475;    0.000
372.645; 1169.825;  132.475;    0.000
372.705; 1218.825;  190.475;    0.000
372.766; 1181.825;  153.475;    0.000
372.827; 1184.825;  133.475;    0.000
372.888; 1150.825;  161.475;    0.000
372.948; 1121.825;  159.475;    0.000
373.009; 1234.825;  164.475;    0.000
373.070; 1111.825;  139.475;    0.000
373.131; 1195.825;  137.475;    0.000
373.191; 1206.825;  181.475;    0.000
373.252; 1111.825;  154.475;    0.000
373.313; 1216.825;  179.475;    0.000
373.373; 1174.825;  136.475;    0.000
373.434; 1258.825;  169.475;    0.000
373.495; 1162.825;   97.475;    0.000
373.555; 1182.825;  142.475;    0.000
373.616; 1161.825;  178.475;    0.000
373.677; 1140.825;  167.475;    0.000
373.737; 1226.825;  139.475;    0.000
373.798; 1142.825;  155.475;    0.000
373.859; 1210.825;  162.475;    0.000
373.919; 1177.825;  174.475;    0.000
373.980; 1145.825;  172.475;    0.000
374.041; 1216.825;  166.475;    0.000
374.101; 1210.825;  172.475;    0.000
374.162; 1220.825;  188.475;    0.000
374.222; 1233.825;  186.475;    0.000
374.283; 1261.825;  195.475;    0.000
374.343; 1195.825;  204.475;    0.000
374.404; 1240.825;  187.475;    0.000
374.465; 1255.825;  183.475;    0.000
374.525; 1153.825;  136.475;    0.000
374.586; 1257.825;  140.475;    0.000
374.646; 1274.825;  191.475;    0.000
374.707; 1253.825;  208.475;    0.000
374.767; 1264.825;  178.475;    0.000
374.828; 1243.825;  159.475;    0.000
374.888; 1213.825;  143.475;    0.000
374.949; 1282.825;  202.475;    0.000
375.009; 1255.825;  151.475;    0.000
375.070; 1277.825;  160.475;    0.000
375.130; 1278.825;  160.475;    0.000
375.190; 1243.825;  164.475;    0.000
375.251; 1286.825;  196.475;    0.000
375.311; 1198.825;  154.475;    0.000
375.372; 1291.825;  197.475;    0.000
375.432; 1322.825;  159.475;    0.000
375.493; 1280.825;  197.475;    0.000
375.553; 1288.825;  165.475;    0.000
375.613; 1302.825;  174.475;    0.000
375.674; 1286.825;  165.475;    0.000
375.734; 1228.825;  128.475;    0.000
375.794; 1191.825;  169.475;    0.000
375.855; 1211.825;  193.475;    0.000
375.915; 1312.825;  162.475;    0.000
375.975; 1272.825;  181.475;    0.000
376.036; 1229.825;  161.475;    0.000
376.096; 1268.825;  131.475;    0.000
376.156; 1248.825;  165.475;    0.000
376.217; 1289.825;  182.475;    0.000
376.277; 1207.825;  185.475;    0.000
376.337; 1233.825;  177.475;    0.000
376.398; 1273.825;  162.475;    0.000
376.458; 1305.825;  179.475;    0.000
376.518; 1225.825;  150.475;    0.000
376.578; 1222.825;  165.475;    0.000
376.639; 1289.825;  159.475;    0.000
376.699; 1249.825;  180.475;    0.000
376.759; 1309.825;  206.475;    0.000
376.819; 1271.825;  146.475;    0.000
376.880; 1278.825;  177.475;    0.000
376.940; 1245.825;  160.475;    0.000
377.000; 1287.825;  149.475;    0.000
377.060; 1297.825;  180.475;    0.000
377.120; 1320.825;  146.475;    0.000
377.180; 1240.825;  137.475;    0.000
377.241; 1233.825;  163.475;    0.000
377.301; 1310.825;  169.475;    0.000
377.361; 1259.825;  137.475;    0.000
377.421; 1301.825;  184.475;    0.000
377.481; 1313.825;  185.475;    0.000
377.541; 1293.825;  146.475;    0.000
377.601; 1326.825;  179.475;    0.000
377.661; 1292.825;  181.475;    0.000
377.722; 1365.825;  185.475;    0.000
377.782; 1283.825;  147.475;    0.000
377.842; 1341.825;  190.475;    0.000
377.902; 1358.825;  166.475;    0.000
377.962; 1293.825;  153.475;    0.000
378.022; 1289.825;  163.475;    0.000
378.082; 1334.825;  146.475;    0.000
378.142; 1391.825;  152.475;    0.000
378.202; 1278.825;  164.475;    0.000
378.262; 1361.825;  195.475;    0.000
378.322; 1385.825;  190.475;    0.000
378.382; 1390.825;  152.475;    0.000
378.442; 1392.825;  175.475;    0.000
378.502; 1342.825;  153.475;    0.000
378.562; 1369.825;  142.475;    0.000
378.622; 1403.825;  166.475;    0.000
378.682; 1438.825;  173.475;    0.000
378.742; 1377.825;  182.475;    0.000
378.802; 1366.825;  145.475;    0.000
378.862; 1459.825;  210.475;    0.000
378.921; 1430.825;  182.475;    0.000
378.981; 1424.825;  185.475;    0.000
379.041; 1461.825;  130.475;    0.000
379.101; 1440.825;  177.475;    0.000
379.161; 1368.825;  166.475;    0.000
379.221; 1402.825;  162.475;    0.000
379.281; 1395.825;  167.475;    0.000
379.341; 1417.825;  136.475;    0.000
379.401; 1381.825;  145.475;    0.000
379.460; 1439.825;  176.475;    0.000
379.520; 1438.825;  162.475;    0.000
379.580; 1482.825;  144.475;    0.000
379.640; 1447.825;  163.475;    0.000
379.700; 1489.825;  157.475;    0.000
379.759; 1524.825;  165.475;    0.000
379.819; 1442.825;  190.475;    0.000
379.879; 1466.825;  143.475;    0.000
379.939; 1534.825;  188.475;    0.000
379.999; 1473.825;  141.475;    0.000
380.058; 1513.825;  169.475;    0.000
380.118; 1520.825;  158.475;    0.000
380.178; 1560.825;  114.475;    0.000
380.237; 1574.825;  157.475;    0.000
380.297; 1515.825;  177.475;    0.000
380.357; 1507.825;  189.475;    0.000
380.417; 1575.825;  182.475;    0.000
380.476; 1553.825;  178.475;    0.000
380.536; 1518.825;  189.475;    0.000
380.596; 1566.825;  183.475;    0.000
380.655; 1584.825;  195.475;    0.000
380.715; 1522.825;  170.475;    0.000
380.775; 1557.825;  170.475;    0.000
380.834; 1578.825;  179.475;    0.000
380.894; 1566.825;  188.475;    0.000
380.954; 1569.825;  142.475;    0.000
381.013; 1598.825;  178.475;    0.000
381.073; 1603.825;  164.475;    0.000
381.132; 1580.825;  192.475;    0.000
381.192; 1590.825;  187.475;    0.000
381.252; 1595.825;  176.475;    0.000
381.311; 1642.825;  206.475;    0.000
381.371; 1634.825;  167.475;    0.000
381.430; 1599.825;  131.475;    0.000
381.490; 1652.825;  150.475;    0.000
381.549; 1614.825;  129.475;    0.000
381.609; 1678.825;  178.475;    0.000
381.668; 1678.825;  194.475;    0.000
381.728; 1740.825;  210.475;    0.000
381.787; 1699.825;  190.475;    0.000
381.847; 1696.825;  181.475;    0.000
381.906; 1696.825;  156.475;    0.000
381.966; 1724.825;  176.475;    0.000
382.025; 1745.825;  186.475;    0.000
382.085; 1770.825;  192.475;    0.000
382.144; 1859.825;  173.475;    0.000
382.204; 1897.825;  207.475;    0.000
382.263; 1893.825;  193.475;    0.000
382.323; 1901.825;  164.475;    0.000
382.382; 1928.825;  161.475;    0.000
382.441; 1952.825;  199.475;    0.000
382.501; 1977.825;  208.475;    0.000
382.560; 2069.825;  173.475;    0.000
382.619; 2075.825;  179.475;    0.000
382.679; 2169.825;  177.475;    0.000
382.738; 2265.825;  190.475;    0.000
382.798; 2431.825;  213.475;    0.000
382.857; 2633.825;  195.475;    0.000
382.916; 3052.825;  184.475;    0.000
382.976; 3043.825;  169.475;    0.000
383.035; 2779.825;  194.475;    0.000
383.094; 2888.825;  185.475;    0.000
383.154; 3323.825;  198.475;    0.000
383.213; 4013.825;  147.475;    0.000
383.272; 3770.825;  175.475;    0.000
383.331; 3036.825;  122.475;    0.000
383.391; 2763.825;  185.475;    0.000
383.450; 2630.825;  160.475;    0.000
383.509; 2677.825;  168.475;    0.000
383.568; 2754.825;  196.475;    0.000
383.628; 2855.825;  156.475;    0.000
383.687; 3212.825;  171.475;    0.000
383.746; 3728.825;  155.475;    0.000
383.805; 4441.825;  201.475;    0.000
383.864; 4340.825;  125.475;    0.000
383.924; 3414.825;  213.475;    0.000
383.983; 2689.825;  188.475;    0.000
384.042; 2505.825;  162.475;    0.000
384.101; 2353.825;  183.475;    0.000
384.160; 2217.825;  155.475;    0.000
384.219; 2092.825;  155.475;    0.000
384.279; 2057.825;  189.475;    0.000
384.338; 2011.825;  156.475;    0.000
384.397; 1885.825;  148.475;    0.000
384.456; 1901.825;  154.475;    0.000
384.515; 1823.825;  160.475;    0.000
384.574; 1975.825;  223.475;    0.000
384.633; 1934.825;  133.475;    0.000
384.692; 1839.825;  163.475;    0.000
384.751; 1821.825;  186.475;    0.000
384.810; 1788.825;  187.475;    0.000
384.869; 1828.825;  172.475;    0.000
384.929; 1840.825;  153.475;    0.000
384.988; 1848.825;  174.475;    0.000
385.047; 1763.825;  154.475;    0.000
385.106; 1799.825;  164.475;    0.000
385.165; 1749.825;  151.475;    0.000
385.224; 1787.825;  147.475;    0.000
385.283; 1729.825;  176.475;    0.000
385.342; 1728.825;  142.475;    0.000
385.401; 1758.825;  175.475;    0.000
385.459; 1825.825;  150.475;    0.000
385.518; 1740.825;  124.475;    0.000
385.577; 1793.825;  115.475;    0.000
385.636; 1799.825;  174.475;    0.000
385.695; 1688.825;  158.475;    0.000
385.754; 1705.825;  150.475;    0.000
385.813; 1713.825;  129.475;    0.000
385.872; 1819.825;  146.475;    0.000
385.931; 1802.825;  194.475;    0.000
385.990; 1717.825;  174.475;    0.000
386.049; 1803.825;  176.475;    0.000
386.107; 1803.825;  151.475;    0.000
386.166; 1758.825;  178.475;    0.000
386.225; 1796.825;  162.475;    0.000
386.284; 1709.825;  180.475;    0.000
386.343; 1806.825;  171.475;    0.000
386.402; 1778.825;  176.475;    0.000
386.460; 1740.825;  144.475;    0.000
386.519; 1693.825;  140.475;    0.000
386.578; 1751.825;  145.475;    0.000
386.637; 1684.825;  164.475;    0.000
386.696; 1804.825;  189.475;    0.000
386.754; 1677.825;  135.475;    0.000
386.813; 1721.825;  139.475;    0.000
386.872; 1746.825;  121.475;    0.000
386.931; 1735.825;  153.475;    0.000
386.989; 1765.825;  211.475;    0.000
387.048; 1777.825;  156.475;    0.000
387.107; 1735.825;  210.475;    0.000
387.165; 1674.825;  129.475;    0.000
387.224; 1694.825;  205.475;    0.000
387.283; 1761.825;  130.475;    0.000
387.342; 1781.825;  171.475;    0.000
387.400; 1676.825;  156.475;    0.000
387.459; 1758.825;  141.475;    0.000
387.517; 1706.825;  219.475;    0.000
387.576; 1667.825;  166.475;    0.000
387.635; 1681.825;  136.475;    0.000
387.693; 1763.825;  191.475;    0.000
387.752; 1752.825;  165.475;    0.000
387.811; 1698.825;  158.475;    0.000
387.869; 1676.825;  204.475;    0.000
387.928; 1697.825;  149.475;    0.000
387.986; 1744.825;  156.475;    0.000
388.045; 1731.825;  123.475;    0.000
388.103; 1660.825;  150.475;    0.000
388.162; 1703.825;  173.475;    0.000
388.221; 1687.825;  143.475;    0.000
388.279; 1645.825;  129.475;    0.000
388.338; 1682.825;  212.475;    0.000
388.396; 1669.825;  150.475;    0.000
388.455; 1726.825;  167.475;    0.000
388.513; 1650.825;  116.475;    0.000
388.572; 1663.825;  181.475;    0.000
388.630; 1706.825;  187.475;    0.000
388.689; 1635.825;  180.475;    0.000
388.747; 1686.825;  154.475;    0.000
388.806; 1614.825;  161.475;    0.000
388.864; 1690.825;  167.475;    0.000
388.922; 1694.825;  184.475;    0.000
388.981; 1728.825;  169.475;    0.000
389.039; 1622.825;  102.475;    0.000
389.098; 1682.825;  183.475;    0.000
389.156; 1758.825;  182.475;    0.000
389.214; 1708.825;  173.475;    0.000
389.273; 1703.825;  167.475;    0.000
389.331; 1698.825;  170.475;    0.000
389.390; 1732.825;  150.475;    0.000
389.448; 1710.825;  156.475;    0.000
389.506; 1753.825;  149.475;    0.000
389.565; 1720.825;  162.475;    0.000
389.623; 1660.825;  188.475;    0.000
389.681; 1667.825;  204.475;    0.000
389.740; 1698.825;  187.475;    0.000
389.798; 1645.825;  153.475;    0.000
389.856; 1731.825;  214.475;    0.000
389.914; 1729.825;  177.475;    0.000
389.973; 1656.825;  189.475;    0.000
390.031; 1668.825;  178.475;    0.000
390.089; 1741.825;  163.475;    0.000
390.147; 1640.825;  170.475;    0.000
390.206; 1693.825;  183.475;    0.000
390.264; 1671.825;  161.475;    0.000
390.322; 1717.825;  148.475;    0.000
390.380; 1625.825;  138.475;    0.000
390.439; 1755.825;  194.475;    0.000
390.497; 1715.825;  170.475;    0.000
390.555; 1628.825;  165.475;    0.000
390.613; 1633.825;  177.475;    0.000
390.671; 1721.825;  170.475;    0.000
390.729; 1620.825;  158.475;    0.000
390.788; 1630.825;  162.475;    0.000
390.846; 1741.825;  161.475;    0.000
390.904; 1699.825;  197.475;    0.000
390.962; 1715.825;  212.475;    0.000
391.020; 1719.825;  224.475;    0.000
391.078; 1680.825;  184.475;    0.000
391.136; 1613.825;  191.475;    0.000
391.194; 1726.825;  187.475;    0.000
391.253; 1640.825;  197.475;    0.000
391.311; 1630.825;  185.475;    0.000
391.369; 1669.825;  207.475;    0.000
391.427; 1637.825;  222.475;    0.000
391.485; 1632.825;  184.475;    0.000
391.543; 1663.825;  203.475;    0.000
391.601; 1684.825;  151.475;    0.000
391.659; 1745.825;  176.475;    0.000
391.717; 1677.825;  190.475;    0.000
391.775; 1671.825;  159.475;    0.000
391.833; 1704.825;  186.475;    0.000
391.891; 1719.825;  154.475;    0.000
391.949; 1715.825;  181.475;    0.000
392.007; 1733.825;  190.475;    0.000
392.065; 1718.825;  182.475;    0.000
392.123; 1757.825;  158.475;    0.000
392.180; 1714.825;  198.475;    0.000
392.238; 1716.825;  191.475;    0.000
392.296; 1675.825;  164.475;    0.000
392.354; 1666.825;  172.475;    0.000
392.412; 1679.825;  194.475;    0.000
392.470; 1744.825;  154.475;    0.000
392.528; 1729.825;  172.475;    0.000
392.586; 1770.825;  179.475;    0.000
392.644; 1698.825;  173.475;    0.000
392.701; 1692.825;  202.475;    0.000
392.759; 1715.825;  180.475;    0.000
392.817; 1767.825;  181.475;    0.000
392.875; 1732.825;  168.475;    0.000
392.933; 1748.825;  161.475;    0.000
392.991; 1699.825;  216.475;    0.000
393.048; 1746.825;  197.475;    0.000
393.106; 1724.825;  199.475;    0.000
393.164; 1767.825;  173.475;    0.000
393.222; 1705.825;  179.475;    0.000
393.279; 1748.825;  209.475;    0.000
393.337; 1836.825;  185.475;    0.000
393.395; 1723.825;  174.475;    0.000
393.453; 1758.825;  181.475;    0.000
393.510; 1731.825;  188.475;    0.000
393.568; 1787.825;  191.475;    0.000
393.626; 1745.825;  151.475;    0.000
393.684; 1814.825;  208.475;    0.000
393.741; 1750.825;  179.475;    0.000
393.799; 1770.825;  149.475;    0.000
393.857; 1716.825;  136.475;    0.000
393.914; 1783.825;  190.475;    0.000
393.972; 1752.825;  155.475;    0.000
394.030; 1784.825;  170.475;    0.000
394.087; 1768.825;  213.475;    0.000
394.145; 1817.825;  191.475;    0.000
394.202; 1750.825;  188.475;    0.000
394.260; 1841.825;  168.475;    0.000
394.318; 1747.825;  176.475;    0.000
394.375; 1749.825;  159.475;    0.000
394.433; 1841.825;  168.475;    0.000
394.490; 1754.825;  163.475;    0.000
394.548; 1773.825;  163.475;    0.000
394.605; 1774.825;  181.475;    0.000
394.663; 1767.825;  180.475;    0.000
394.720; 1803.825;  193.475;    0.000
394.778; 1814.825;  168.475;    0.000
394.836; 1765.825;  128.475;    0.000
394.893; 1802.825;  151.475;    0.000
394.951; 1796.825;  173.475;    0.000
395.008; 1772.825;  201.475;    0.000
395.065; 1778.825;  139.475;    0.000
395.123; 1787.825;  173.475;    0.000
395.180; 1764.825;  144.475;    0.000
395.238; 1807.825;  135.475;    0.000
395.295; 1877.825;  167.475;    0.000
395.353; 1786.825;  150.475;    0.000
395.410; 1800.825;  165.475;    0.000
395.468; 1883.825;  223.475;    0.000
395.525; 1824.825;  156.475;    0.000
395.582; 1803.825;  178.475;    0.000
395.640; 1942.825;  178.475;    0.000
395.697; 1837.825;  173.475;    0.000
395.754; 1764.825;  154.475;    0.000
395.812; 1897.825;  169.475;    0.000
395.869; 1854.825;  196.475;    0.000
395.927; 1828.825;  190.475;    0.000
395.984; 1943.825;  195.475;    0.000
396.041; 1877.825;  160.475;    0.000
396.098; 1819.825;  161.475;    0.000
396.156; 1824.825;  187.475;    0.000
396.213; 1795.825;  200.475;    0.000
396.270; 1904.825;  160.475;    0.000
396.328; 1837.825;  113.475;    0.000
396.385; 1882.825;  165.475;    0.000
396.442; 1857.825;  168.475;    0.000
396.499; 1796.825;  117.475;    0.000
396.557; 1903.825;  203.475;    0.000
396.614; 1955.825;  155.475;    0.000
396.671; 1914.825;  187.475;    0.000
396.728; 1895.825;  169.475;    0.000
396.785; 1815.825;  167.475;    0.000
396.843; 1918.825;  154.475;    0.000
396.900; 1948.825;  172.475;    0.000
396.957; 1892.825;  176.475;    0.000
397.014; 1934.825;  193.475;    0.000
397.071; 1902.825;  170.475;    0.000
397.128; 1946.825;  172.475;    0.000
397.186; 1933.825;  205.475;    0.000
397.243; 1915.825;  163.475;    0.000
397.300; 1886.825;  193.475;    0.000
397.357; 1890.825;  166.475;    0.000
397.414; 1938.825;  149.475;    0.000
397.471; 1891.825;  157.475;    0.000
397.528; 1938.825;  180.475;    0.000
397.585; 1972.825;  203.475;    0.000
397.642; 1928.825;  156.475;    0.000
397.699; 1960.825;  229.475;    0.000
397.756; 1972.825;  185.475;    0.000
397.814; 1960.825;  191.475;    0.000
397.871; 1919.825;  170.475;    0.000
397.928; 1983.825;  191.475;    0.000
397.985; 1909.825;  183.475;    0.000
398.042; 2009.825;  161.475;    0.000
398.099; 1937.825;  192.475;    0.000
398.156; 1954.825;  176.475;    0.000
398.212; 2010.825;  170.475;    0.000
398.269; 1965.825;  158.475;    0.000
398.326; 1947.825;  175.475;    0.000
398.383; 2011.825;  177.475;    0.000
398.440; 2066.825;  169.475;    0.000
398.497; 2076.825;  184.475;    0.000
398.554; 2041.825;  196.475;    0.000
398.611; 2006.825;  198.475;    0.000
398.668; 2016.825;  135.475;    0.000
398.725; 1972.825;  181.475;    0.000
398.782; 2053.825;  195.475;    0.000
398.839; 2039.825;  179.475;    0.000
398.895; 2034.825;  188.475;    0.000
398.952; 2063.825;  176.475;    0.000
399.009; 2089.825;  183.475;    0.000
399.066; 2109.825;  190.475;    0.000
399.123; 2134.825;  174.475;    0.000
399.180; 2142.825;  191.475;    0.000
399.236; 2212.825;  217.475;    0.000
399.293; 2195.825;  154.475;    0.000
399.350; 2167.825;  210.475;    0.000
399.407; 2186.825;  202.475;    0.000
399.463; 2258.825;  162.475;    0.000
399.520; 2197.825;  207.475;    0.000
399.577; 2240.825;  174.475;    0.000
399.634; 2336.825;  170.475;    0.000
399.690; 2262.825;  186.475;    0.000
399.747; 2330.825;  218.475;    0.000
399.804; 2203.825;  200.475;    0.000
399.861; 2249.825;  190.475;    0.000
399.917; 2285.825;  218.475;    0.000
399.974; 2308.825;  200.475;    0.000
400.031; 2278.825;  200.475;    0.000
400.087; 2162.825;  153.475;    0.000
400.144; 2239.825;  188.475;    0.000
400.201; 2207.825;  198.475;    0.000
400.257; 2279.825;  205.475;    0.000
400.314; 2202.825;  183.475;    0.000
400.370; 2204.825;  227.475;    0.000
400.427; 2242.825;  177.475;    0.000
400.484; 2192.825;  202.475;    0.000
400.540; 2140.825;  173.475;    0.000
400.597; 2168.825;  212.475;    0.000
400.653; 2191.825;  182.475;    0.000
400.710; 2172.825;  201.475;    0.000
400.766; 2119.825;  188.475;    0.000
400.823; 2155.825;  205.475;    0.000
400.879; 2211.825;  165.475;    0.000
400.936; 2118.825;  180.475;    0.000
400.993; 2091.825;  181.475;    0.000
401.049; 2198.825;  147.475;    0.000
401.105; 2242.825;  205.475;    0.000
401.162; 2102.825;  197.475;    0.000
401.218; 2166.825;  177.475;    0.000
401.275; 2146.825;  183.475;    0.000
401.331; 2178.825;  198.475;    0.000
401.388; 2166.825;  209.475;    0.000
401.444; 2136.825;  211.475;    0.000
401.501; 2116.825;  185.475;    0.000
401.557; 2096.825;  190.475;    0.000
401.614; 2138.825;  172.475;    0.000
401.670; 2140.825;  185.475;    0.000
401.726; 2175.825;  196.475;    0.000
401.783; 2137.825;  187.475;    0.000
401.839; 2235.825;  192.475;    0.000
401.895; 2134.825;  173.475;    0.000
401.952; 2129.825;  145.475;    0.000
402.008; 2134.825;  197.475;    0.000
402.064; 2189.825;  146.475;    0.000
402.121; 2202.825;  197.475;    0.000
402.177; 2116.825;  173.475;    0.000
402.233; 2213.825;  185.475;    0.000
402.290; 2124.825;  175.475;    0.000
402.346; 2141.825;  164.475;    0.000
402.402; 2144.825;  173.475;    0.000
402.458; 2209.825;  183.475;    0.000
402.515; 2193.825;  147.475;    0.000
402.571; 2105.825;  210.475;    0.000
402.627; 2249.825;  181.475;    0.000
402.683; 2303.825;  177.475;    0.000
402.740; 2183.825;  162.475;    0.000
402.796; 2115.825;  178.475;    0.000
402.852; 2259.825;  138.475;    0.000
402.908; 2197.825;  181.475;    0.000
402.964; 2162.825;  151.475;    0.000
403.021; 2186.825;  170.475;    0.000
403.077; 2226.825;  204.475;    0.000
403.133; 2128.825;  144.475;    0.000
403.189; 2245.825;  207.475;    0.000
403.245; 2300.825;  184.475;    0.000
403.301; 2246.825;  170.475;    0.000
403.357; 2218.825;  201.475;    0.000
403.414; 2147.825;  205.475;    0.000
403.470; 2233.825;  170.475;    0.000
403.526; 2267.825;  135.475;    0.000
403.582; 2292.825;  180.475;    0.000
403.638; 2252.825;  185.475;    0.000
403.694; 2308.825;  169.475;    0.000
403.750; 2321.825;  210.475;    0.000
403.806; 2292.825;  210.475;    0.000
403.862; 2213.825;  219.475;    0.000
403.918; 2335.825;  191.475;    0.000
403.974; 2275.825;  193.475;    0.000
404.030; 2235.825;  154.475;    0.000
404.086; 2281.825;  170.475;    0.000
404.142; 2351.825;  194.475;    0.000
404.198; 2224.825;  224.475;    0.000
404.254; 2304.825;  177.475;    0.000
404.310; 2306.825;  204.475;    0.000
404.366; 2295.825;  170.475;    0.000
404.422; 2282.825;  172.475;    0.000
404.478; 2319.825;  153.475;    0.000
404.534; 2331.825;  159.475;    0.000
404.590; 2282.825;  203.475;    0.000
404.646; 2306.825;  164.475;    0.000
404.701; 2274.825;  141.475;    0.000
404.757; 2312.825;  195.475;    0.000
404.813; 2318.825;  152.475;    0.000
404.869; 2320.825;  174.475;    0.000
404.925; 2314.825;  167.475;    0.000
404.981; 2296.825;  175.475;    0.000
405.037; 2249.825;  170.475;    0.000
405.092; 2324.825;  155.475;    0.000
405.148; 2315.825;  160.475;    0.000
405.204; 2270.825;  158.475;    0.000
405.260; 2271.825;  128.475;    0.000
405.316; 2271.825;  168.475;    0.000
405.371; 2329.825;  162.475;    0.000
405.427; 2314.825;  187.475;    0.000
405.483; 2316.825;  214.475;    0.000
405.539; 2300.825;  163.475;    0.000
405.594; 2306.825;  191.475;    0.000
405.650; 2275.825;  124.475;    0.000
405.706; 2304.825;  188.475;    0.000
405.761; 2345.825;  204.475;    0.000
405.817; 2381.825;  150.475;    0.000
405.873; 2332.825;  152.475;    0.000
405.928; 2352.825;  135.475;    0.000
405.984; 2375.825;  209.475;    0.000
406.040; 2369.825;  165.475;    0.000
406.095; 2303.825;  146.475;    0.000
406.151; 2399.825;  169.475;    0.000
406.207; 2415.825;  174.475;    0.000
406.262; 2396.825;  189.475;    0.000
406.318; 2387.825;  141.475;    0.000
406.374; 2402.825;  178.475;    0.000
406.429; 2386.825;  197.475;    0.000
406.485; 2370.825;  194.475;    0.000
406.540; 2449.825;  149.475;    0.000
406.596; 2386.825;  173.475;    0.000
406.651; 2592.825;  154.475;    0.000
406.707; 2438.825;  183.475;    0.000
406.763; 2428.825;  156.475;    0.000
406.818; 2361.825;  181.475;    0.000
406.874; 2526.825;  135.475;    0.000
406.929; 2553.825;  194.475;    0.000
406.985; 2442.825;  166.475;    0.000
407.040; 2459.825;  207.475;    0.000
407.095; 2513.825;  213.475;    0.000
407.151; 2548.825;  198.475;    0.000
407.206; 2451.825;  186.475;    0.000
407.262; 2728.825;  148.475;    0.000
407.317; 2650.825;  212.475;    0.000
407.373; 2581.825;  209.475;    0.000
407.428; 2671.825;  218.475;    0.000
407.484; 2570.825;  158.475;    0.000
407.539; 2553.825;  165.475;    0.000
407.594; 2576.825;  197.475;    0.000
407.650; 2623.825;  177.475;    0.000
407.705; 2616.825;  154.475;    0.000
407.760; 2654.825;  198.475;    0.000
407.816; 2669.825;  181.475;    0.000
407.871; 2571.825;  185.475;    0.000
407.926; 2626.825;  167.475;    0.000
407.982; 2603.825;  172.475;    0.000
408.037; 2660.825;  202.475;    0.000
408.092; 2661.825;  201.475;    0.000
408.148; 2500.825;  199.475;    0.000
408.203; 2550.825;  174.475;    0.000
408.258; 2616.825;  157.475;    0.000
408.314; 2673.825;  194.475;    0.000
408.369; 2631.825;  189.475;    0.000
408.424; 2581.825;  204.475;    0.000
408.479; 2440.825;  192.475;    0.000
408.534; 2591.825;  215.475;    0.000
408.590; 2595.825;  190.475;    0.000
408.645; 2482.825;  159.475;    0.000
408.700; 2585.825;  191.475;    0.000
408.755; 2497.825;  217.475;    0.000
408.810; 2586.825;  158.475;    0.000
408.866; 2568.825;  166.475;    0.000
408.921; 2676.825;  214.475;    0.000
408.976; 2463.825;  158.475;    0.000
409.031; 2603.825;  185.475;    0.000
409.086; 2494.825;  158.475;    0.000
409.141; 2613.825;  180.475;    0.000
409.196; 2523.825;  188.475;    0.000
409.252; 2554.825;  186.475;    0.000
409.307; 2434.825;  135.475;    0.000
409.362; 2546.825;  162.475;    0.000
409.417; 2439.825;  149.475;    0.000
409.472; 2608.825;  205.475;    0.000
409.527; 2548.825;  184.475;    0.000
409.582; 2628.825;  174.475;    0.000
409.637; 2572.825;  188.475;    0.000
409.692; 2636.825;  211.475;    0.000
409.747; 2617.825;  159.475;    0.000
409.802; 2611.825;  199.475;    0.000
409.857; 2523.825;  118.475;    0.000
409.912; 2535.825;  177.475;    0.000
409.967; 2447.825;  182.475;    0.000
410.022; 2609.825;  188.475;    0.000
410.077; 2556.825;  204.475;    0.000
410.132; 2532.825;  174.475;    0.000
410.187; 2496.825;  169.475;    0.000
410.242; 2546.825;  178.475;    0.000
410.297; 2559.825;  185.475;    0.000
410.351; 2511.825;  203.475;    0.000
410.406; 2529.825;  180.475;    0.000
410.461; 2649.825;  213.475;    0.000
410.516; 2614.825;  198.475;    0.000
410.571; 2536.825;  171.475;    0.000
410.626; 2640.825;  186.475;    0.000
410.681; 2611.825;  187.475;    0.000
410.736; 2571.825;  147.475;    0.000
410.790; 2550.825;  186.475;    0.000
410.845; 2521.825;  152.475;    0.000
410.900; 2533.825;  202.475;    0.000
410.955; 2500.825;  196.475;    0.000
411.010; 2478.825;  150.475;    0.000
411.064; 2570.825;  200.475;    0.000
411.119; 2711.825;  203.475;    0.000
411.174; 2653.825;  176.475;    0.000
411.229; 2543.825;  203.475;    0.000
411.283; 2650.825;  176.475;    0.000
411.338; 2574.825;  153.475;    0.000
411.393; 2464.825;  168.475;    0.000
411.447; 2515.825;  223.475;    0.000
411.502; 2594.825;  238.475;    0.000
411.557; 2594.825;  179.475;    0.000
411.612; 2554.825;  159.475;    0.000
411.666; 2639.825;  189.475;    0.000
411.721; 2604.825;  212.475;    0.000
411.776; 2552.825;  242.475;    0.000
411.830; 2588.825;  194.475;    0.000
411.885; 2604.825;  188.475;    0.000
411.939; 2574.825;  245.475;    0.000
411.994; 2551.825;  177.475;    0.000
412.049; 2591.825;  170.475;    0.000
412.103; 2563.825;  196.475;    0.000
412.158; 2647.825;  215.475;    0.000
412.212; 2514.825;  199.475;    0.000
412.267; 2582.825;  191.475;    0.000
412.322; 2662.825;  238.475;    0.000
412.376; 2638.825;  243.475;    0.000
412.431; 2560.825;  214.475;    0.000
412.485; 2604.825;  210.475;    0.000
412.540; 2594.825;  200.475;    0.000
412.594; 2566.825;  174.475;    0.000
412.649; 2592.825;  246.475;    0.000
412.703; 2609.825;  182.475;    0.000
412.758; 2619.825;  222.475;    0.000
412.812; 2552.825;  201.475;    0.000
412.866; 2556.825;  162.475;    0.000
412.921; 2615.825;  202.475;    0.000
412.975; 2531.825;  212.475;    0.000
413.030; 2542.825;  238.475;    0.000
413.084; 2549.825;  201.475;    0.000
413.139; 2623.825;  210.475;    0.000
413.193; 2538.825;  218.475;    0.000
413.247; 2514.825;  203.475;    0.000
413.302; 2464.825;  176.475;    0.000
413.356; 2565.825;  215.475;    0.000
413.410; 2564.825;  204.475;    0.000
413.465; 2556.825;  186.475;    0.000
413.519; 2544.825;  196.475;    0.000
413.573; 2573.825;  181.475;    0.000
413.628; 2551.825;  200.475;    0.000
413.682; 2535.825;  157.475;    0.000
413.736; 2533.825;  194.475;    0.000
413.791; 2511.825;  193.475;    0.000
413.845; 2561.825;  225.475;    0.000
413.899; 2506.825;  195.475;    0.000
413.953; 2588.825;  173.475;    0.000
414.008; 2445.825;  186.475;    0.000
414.062; 2572.825;  217.475;    0.000
414.116; 2501.825;  169.475;    0.000
414.170; 2562.825;  228.475;    0.000
414.225; 2487.825;  177.475;    0.000
414.279; 2547.825;  210.475;    0.000
414.333; 2621.825;  207.475;    0.000
414.387; 2585.825;  217.475;    0.000
414.441; 2582.825;  187.475;    0.000
414.496; 2502.825;  215.475;    0.000
414.550; 2598.825;  204.475;    0.000
414.604; 2575.825;  206.475;    0.000
414.658; 2533.825;  139.475;    0.000
414.712; 2432.825;  198.475;    0.000
414.766; 2616.825;  208.475;    0.000
414.820; 2502.825;  199.475;    0.000
414.874; 2590.825;  216.475;    0.000
414.928; 2641.825;  186.475;    0.000
414.982; 2521.825;  176.475;    0.000
415.037; 2575.825;  181.475;    0.000
415.091; 2594.825;  208.475;    0.000
415.145; 2598.825;  209.475;    0.000
415.199; 2565.825;  186.475;    0.000
415.253; 2567.825;  203.475;    0.000
415.307; 2520.825;  197.475;    0.000
415.361; 2594.825;  223.475;    0.000
415.415; 2586.825;  213.475;    0.000
415.469; 2587.825;  226.475;    0.000
415.523; 2582.825;  222.475;    0.000
415.577; 2527.825;  205.475;    0.000
415.631; 2644.825;  224.475;    0.000
415.684; 2546.825;  193.475;    0.000
415.738; 2450.825;  224.475;    0.000
415.792; 2508.825;  204.475;    0.000
415.846; 2542.825;  189.475;    0.000
415.900; 2623.825;  223.475;    0.000
415.954; 2630.825;  187.475;    0.000
416.008; 2666.825;  237.475;    0.000
416.062; 2551.825;  195.475;    0.000
416.116; 2480.825;  223.475;    0.000
416.169; 2546.825;  210.475;    0.000
416.223; 2532.825;  232.475;    0.000
416.277; 2502.825;  227.475;    0.000
416.331; 2474.825;  216.475;    0.000
416.385; 2555.825;  186.475;    0.000
416.439; 2588.825;  226.475;    0.000
416.492; 2607.825;  229.475;    0.000
416.546; 2590.825;  216.475;    0.000
416.600; 2452.825;  211.475;    0.000
416.654; 2522.825;  226.475;    0.000
416.707; 2581.825;  248.475;    0.000
416.761; 2592.825;  217.475;    0.000
416.815; 2578.825;  207.475;    0.000
416.869; 2617.825;  226.475;    0.000
416.922; 2488.825;  192.475;    0.000
416.976; 2525.825;  205.475;    0.000
417.030; 2565.825;  233.475;    0.000
417.083; 2592.825;  226.475;    0.000
417.137; 2539.825;  222.475;    0.000
417.191; 2529.825;  217.475;    0.000
417.244; 2561.825;  221.475;    0.000
417.298; 2559.825;  201.475;    0.000
417.352; 2473.825;  170.475;    0.000
417.405; 2530.825;  234.475;    0.000
417.459; 2507.825;  241.475;    0.000
417.512; 2533.825;  247.475;    0.000
417.566; 2514.825;  219.475;    0.000
417.620; 2555.825;  228.475;    0.000
417.673; 2496.825;  192.475;    0.000
417.727; 2588.825;  203.475;    0.000
417.780; 2501.825;  204.475;    0.000
417.834; 2464.825;  234.475;    0.000
417.887; 2546.825;  245.475;    0.000
417.941; 2581.825;  211.475;    0.000
417.994; 2593.825;  244.475;    0.000
418.048; 2497.825;  203.475;    0.000
418.101; 2553.825;  212.475;    0.000
418.155; 2494.825;  251.475;    0.000
418.208; 2581.825;  286.475;    0.000
418.262; 2549.825;  243.475;    0.000
418.315; 2515.825;  214.475;    0.000
418.369; 2609.825;  269.475;    0.000
418.422; 2532.825;  222.475;    0.000
418.476; 2621.825;  226.475;    0.000
418.529; 2549.825;  238.475;    0.000
418.582; 2506.825;  210.475;    0.000
418.636; 2525.825;  221.475;    0.000
418.689; 2553.825;  224.475;    0.000
418.743; 2553.825;  228.475;    0.000
418.796; 2521.825;  192.475;    0.000
418.849; 2540.825;  230.475;    0.000
418.903; 2543.825;  257.475;    0.000
418.956; 2591.825;  241.475;    0.000
419.009; 2629.825;  247.475;    0.000
419.063; 2499.825;  235.475;    0.000
419.116; 2533.825;  218.475;    0.000
419.169; 2504.825;  219.475;    0.000
419.222; 2530.825;  215.475;    0.000
419.276; 2637.825;  202.475;    0.000
419.329; 2610.825;  210.475;    0.000
419.382; 2549.825;  188.475;    0.000
419.435; 2477.825;  222.475;    0.000
419.489; 2588.825;  232.475;    0.000
419.542; 2533.825;  250.475;    0.000
419.595; 2552.825;  240.475;    0.000
419.648; 2479.825;  261.475;    0.000
419.701; 2509.825;  222.475;    0.000
419.755; 2443.825;  233.475;    0.000
419.808; 2577.825;  178.475;    0.000
419.861; 2473.825;  207.475;    0.000
419.914; 2562.825;  223.475;    0.000
419.967; 2521.825;  216.475;    0.000
420.020; 2504.825;  211.475;    0.000
420.073; 2539.825;  200.475;    0.000
420.127; 2455.825;  248.475;    0.000
420.180; 2440.825;  220.475;    0.000
420.233; 2469.825;  215.475;    0.000
420.286; 2451.825;  222.475;    0.000
420.339; 2544.825;  229.475;    0.000
420.392; 2436.825;  245.475;    0.000
420.445; 2401.825;  221.475;    0.000
420.498; 2427.825;  224.475;    0.000
420.551; 2430.825;  170.475;    0.000
420.604; 2449.825;  237.475;    0.000
420.657; 2411.825;  235.475;    0.000
420.710; 2461.825;  223.475;    0.000
420.763; 2440.825;  219.475;    0.000
420.816; 2514.825;  200.475;    0.000
420.869; 2473.825;  197.475;    0.000
420.922; 2490.825;  212.475;    0.000
420.975; 2459.825;  274.475;    0.000
421.028; 2521.825;  228.475;    0.000
421.081; 2404.825;  243.475;    0.000
421.134; 2485.825;  227.475;    0.000
421.187; 2304.825;  245.475;    0.000
421.239; 2388.825;  210.475;    0.000
421.292; 2439.825;  193.475;    0.000
421.345; 2389.825;  226.475;    0.000
421.398; 2455.825;  226.475;    0.000
421.451; 2485.825;  259.475;    0.000
421.504; 2429.825;  204.475;    0.000
421.557; 2336.825;  215.475;    0.000
421.609; 2359.825;  194.475;    0.000
421.662; 2398.825;  216.475;    0.000
421.715; 2431.825;  226.475;    0.000
421.768; 2397.825;  177.475;    0.000
421.821; 2401.825;  210.475;    0.000
421.873; 2346.825;  208.475;    0.000
421.926; 2404.825;  223.475;    0.000
421.979; 2412.825;  230.475;    0.000
422.032; 2385.825;  227.475;    0.000
422.084; 2347.825;  234.475;    0.000
422.137; 2352.825;  207.475;    0.000
422.190; 2325.825;  228.475;    0.000
422.243; 2299.825;  206.475;    0.000
422.295; 2383.825;  236.475;    0.000
422.348; 2360.825;  232.475;    0.000
422.401; 2409.825;  228.475;    0.000
422.453; 2403.825;  239.475;    0.000
422.506; 2412.825;  226.475;    0.000
422.559; 2402.825;  205.475;    0.000
422.611; 2467.825;  235.475;    0.000
422.664; 2393.825;  231.475;    0.000
422.716; 2362.825;  228.475;    0.000
422.769; 2371.825;  204.475;    0.000
422.822; 2354.825;  205.475;    0.000
422.874; 2394.825;  228.475;    0.000
422.927; 2379.825;  266.475;    0.000
422.979; 2378.825;  223.475;    0.000
423.032; 2364.825;  207.475;    0.000
423.084; 2388.825;  211.475;    0.000
423.137; 2284.825;  205.475;    0.000
423.189; 2294.825;  254.475;    0.000
423.242; 2354.825;  208.475;    0.000
423.294; 2357.825;  240.475;    0.000
423.347; 2373.825;  218.475;    0.000
423.399; 2405.825;  237.475;    0.000
423.452; 2382.825;  242.475;    0.000
423.504; 2336.825;  225.475;    0.000
423.557; 2319.825;  195.475;    0.000
423.609; 2333.825;  206.475;    0.000
423.662; 2381.825;  211.475;    0.000
423.714; 2318.825;  252.475;    0.000
423.766; 2345.825;  181.475;    0.000
423.819; 2320.825;  216.475;    0.000
423.871; 2381.825;  216.475;    0.000
423.923; 2361.825;  222.475;    0.000
423.976; 2414.825;  223.475;    0.000
424.028; 2281.825;  229.475;    0.000
424.081; 2385.825;  267.475;    0.000
424.133; 2369.825;  251.475;    0.000
424.185; 2307.825;  238.475;    0.000
424.238; 2290.825;  220.475;    0.000
424.290; 2387.825;  259.475;    0.000
424.342; 2307.825;  248.475;    0.000
424.394; 2299.825;  234.475;    0.000
424.447; 2380.825;  248.475;    0.000
424.499; 2354.825;  233.475;    0.000
424.551; 2306.825;  236.475;    0.000
424.603; 2270.825;  207.475;    0.000
424.656; 2340.825;  210.475;    0.000
424.708; 2335.825;  251.475;    0.000
424.760; 2354.825;  221.475;    0.000
424.812; 2324.825;  275.475;    0.000
424.864; 2208.825;  206.475;    0.000
424.917; 2325.825;  198.475;    0.000
424.969; 2296.825;  246.475;    0.000
425.021; 2306.825;  209.475;    0.000
425.073; 2361.825;  242.475;    0.000
425.125; 2331.825;  254.475;    0.000
425.177; 2297.825;  224.475;    0.000
425.229; 2313.825;  256.475;    0.000
425.282; 2298.825;  265.475;    0.000
425.334; 2295.825;  266.475;    0.000
425.386; 2346.825;  242.475;    0.000
425.438; 2207.825;  205.475;    0.000
425.490; 2289.825;  227.475;    0.000
425.542; 2276.825;  235.475;    0.000
425.594; 2378.825;  210.475;    0.000
425.646; 2296.825;  232.475;    0.000
425.698; 2312.825;  243.475;    0.000
425.750; 2331.825;  230.475;    0.000
425.802; 2239.825;  218.475;    0.000
425.854; 2324.825;  222.475;    0.000
425.906; 2325.825;  235.475;    0.000
425.958; 2269.825;  220.475;    0.000
426.010; 2246.825;  236.475;    0.000
426.062; 2298.825;  230.475;    0.000
426.114; 2285.825;  216.475;    0.000
426.166; 2347.825;  230.475;    0.000
426.218; 2193.825;  237.475;    0.000
426.270; 2278.825;  217.475;    0.000
426.321; 2230.825;  224.475;    0.000
426.373; 2265.825;  207.475;    0.000
426.425; 2272.825;  278.475;    0.000
426.477; 2235.825;  243.475;    0.000
426.529; 2298.825;  247.475;    0.000
426.581; 2268.825;  229.475;    0.000
426.633; 2247.825;  212.475;    0.000
426.684; 2211.825;  244.475;    0.000
426.736; 2212.825;  250.475;    0.000
426.788; 2260.825;  210.475;    0.000
426.840; 2269.825;  201.475;    0.000
426.892; 2272.825;  225.475;    0.000
426.943; 2254.825;  215.475;    0.000
426.995; 2237.825;  216.475;    0.000
427.047; 2255.825;  216.475;    0.000
427.099; 2243.825;  203.475;    0.000
427.150; 2255.825;  195.475;    0.000
427.202; 2194.825;  212.475;    0.000
427.254; 2181.825;  233.475;    0.000
427.306; 2244.825;  211.475;    0.000
427.357; 2246.825;  210.475;    0.000
427.409; 2242.825;  244.475;    0.000
427.461; 2096.825;  187.475;    0.000
427.512; 2153.825;  227.475;    0.000
427.564; 2195.825;  210.475;    0.000
427.616; 2208.825;  202.475;    0.000
427.667; 2130.825;  185.475;    0.000
427.719; 2125.825;  222.475;    0.000
427.770; 2149.825;  230.475;    0.000
427.822; 2172.825;  254.475;    0.000
427.874; 2157.825;  222.475;    0.000
427.925; 2178.825;  199.475;    0.000
427.977; 2135.825;  228.475;    0.000
428.028; 2137.825;  226.475;    0.000
428.080; 2215.825;  236.475;    0.000
428.131; 2153.825;  220.475;    0.000
428.183; 2146.825;  256.475;    0.000
428.234; 2148.825;  217.475;    0.000
428.286; 2147.825;  234.475;    0.000
428.337; 2136.825;  209.475;    0.000
428.389; 2143.825;  219.475;    0.000
428.440; 2094.825;  249.475;    0.000
428.492; 2213.825;  255.475;    0.000
428.543; 2126.825;  224.475;    0.000
428.595; 2101.825;  225.475;    0.000
428.646; 2242.825;  240.475;    0.000
428.697; 2088.825;  211.475;    0.000
428.749; 2201.825;  200.475;    0.000
428.800; 2238.825;  235.475;    0.000
428.852; 2163.825;  265.475;    0.000
428.903; 2164.825;  201.475;    0.000
428.954; 2223.825;  242.475;    0.000
429.006; 2177.825;  245.475;    0.000
429.057; 2202.825;  252.475;    0.000
429.108; 2130.825;  211.475;    0.000
429.160; 2105.825;  217.475;    0.000
429.211; 2172.825;  234.475;    0.000
429.262; 2043.825;  205.475;    0.000
429.314; 2178.825;  211.475;    0.000
429.365; 2038.825;  240.475;    0.000
429.416; 2187.825;  263.475;    0.000
429.467; 2123.825;  244.475;    0.000
429.519; 2110.825;  223.475;    0.000
429.570; 2088.825;  214.475;    0.000
429.621; 2148.825;  235.475;    0.000
429.672; 2052.825;  202.475;    0.000
429.724; 2018.825;  189.475;    0.000
429.775; 2046.825;  214.475;    0.000
429.826; 2107.825;  178.475;    0.000
429.877; 2093.825;  224.475;    0.000
429.928; 2049.825;  230.475;    0.000
429.980; 2046.825;  199.475;    0.000
430.031; 2124.825;  208.475;    0.000
430.082; 2116.825;  224.475;    0.000
430.133; 2019.825;  193.475;    0.000
430.184; 2079.825;  220.475;    0.000
430.235; 2060.825;  184.475;    0.000
430.286; 2113.825;  197.475;    0.000
430.337; 2067.825;  199.475;    0.000
430.388; 2088.825;  207.475;    0.000
430.439; 2138.825;  227.475;    0.000
430.490; 2123.825;  215.475;    0.000
430.542; 2041.825;  211.475;    0.000
430.593; 2012.825;  230.475;    0.000
430.644; 2045.825;  186.475;    0.000
430.695; 2022.825;  232.475;    0.000
430.746; 2054.825;  214.475;    0.000
430.797; 2091.825;  260.475;    0.000
430.848; 2083.825;  214.475;    0.000
430.898; 2075.825;  204.475;    0.000
430.949; 2050.825;  189.475;    0.000
431.000; 2038.825;  240.475;    0.000
431.051; 2110.825;  201.475;    0.000
431.102; 2084.825;  188.475;    0.000
431.153; 2036.825;  209.475;    0.000
431.204; 2068.825;  187.475;    0.000
431.255; 2084.825;  171.475;    0.000
431.306; 2126.825;  181.475;    0.000
431.357; 2081.825;  221.475;    0.000
431.408; 2135.825;  217.475;    0.000
431.458; 2077.825;  206.475;    0.000
431.509; 2037.825;  194.475;    0.000
431.560; 2146.825;  235.475;    0.000
431.611; 2113.825;  213.475;    0.000
431.662; 2088.825;  237.475;    0.000
431.713; 2099.825;  220.475;    0.000
431.763; 2103.825;  212.475;    0.000
431.814; 2130.825;  238.475;    0.000
431.865; 2155.825;  213.475;    0.000
431.916; 2087.825;  191.475;    0.000
431.966; 2040.825;  171.475;    0.000
432.017; 2064.825;  263.475;    0.000
432.068; 2128.825;  240.475;    0.000
432.118; 2116.825;  235.475;    0.000
432.169; 2072.825;  212.475;    0.000
432.220; 2111.825;  188.475;    0.000
432.271; 2123.825;  216.475;    0.000
432.321; 2019.825;  223.475;    0.000
432.372; 2105.825;  254.475;    0.000
432.423; 2071.825;  193.475;    0.000
432.473; 2112.825;  219.475;    0.000
432.524; 2074.825;  215.475;    0.000
432.574; 2078.825;  234.475;    0.000
432.625; 2017.825;  226.475;    0.000
432.676; 2064.825;  219.475;    0.000
432.726; 2149.825;  254.475;    0.000
432.777; 1976.825;  210.475;    0.000
432.827; 2108.825;  234.475;    0.000
432.878; 2035.825;  212.475;    0.000
432.928; 2083.825;  238.475;    0.000
432.979; 2133.825;  252.475;    0.000
433.029; 2001.825;  222.475;    0.000
433.080; 1999.825;  188.475;    0.000
433.130; 2070.825;  223.475;    0.000
433.181; 2010.825;  254.475;    0.000
433.231; 2057.825;  237.475;    0.000
433.282; 2005.825;  242.475;    0.000
433.332; 2038.825;  261.475;    0.000
433.383; 2014.825;  266.475;    0.000
433.433; 2142.825;  286.475;    0.000
433.484; 2083.825;  231.475;    0.000
433.534; 2085.825;  256.475;    0.000
433.585; 1994.825;  253.475;    0.000
433.635; 2098.825;  228.475;    0.000
433.685; 2124.825;  226.475;    0.000
433.736; 2104.825;  276.475;    0.000
433.786; 2023.825;  253.475;    0.000
433.836; 2138.825;  289.475;    0.000
433.887; 2080.825;  241.475;    0.000
433.937; 2089.825;  252.475;    0.000
433.987; 2095.825;  223.475;    0.000
434.038; 2074.825;  241.475;    0.000
434.088; 2108.825;  231.475;    0.000
434.138; 2095.825;  259.475;    0.000
434.189; 2153.825;  263.475;    0.000
434.239; 2126.825;  194.475;    0.000
434.289; 2062.825;  273.475;    0.000
434.339; 2159.825;  212.475;    0.000
434.389; 2126.825;  248.475;    0.000
434.440; 2057.825;  250.475;    0.000
434.490; 2150.825;  278.475;    0.000
434.540; 2062.825;  241.475;    0.000
434.590; 2108.825;  251.475;    0.000
434.640; 2122.825;  207.475;    0.000
434.691; 2089.825;  242.475;    0.000
434.741; 2140.825;  218.475;    0.000
434.791; 2200.825;  267.475;    0.000
434.841; 2083.825;  272.475;    0.000
434.891; 2188.825;  260.475;    0.000
434.941; 2195.825;  258.475;    0.000
434.991; 2161.825;  264.475;    0.000
435.042; 2075.825;  264.475;    0.000
435.092; 2060.825;  271.475;    0.000
435.142; 2103.825;  229.475;    0.000
435.192; 2108.825;  226.475;    0.000
435.242; 2109.825;  253.475;    0.000
435.292; 2018.825;  215.475;    0.000
435.342; 2115.825;  240.475;    0.000
435.392; 2052.825;  235.475;    0.000
435.442; 2115.825;  230.475;    0.000
435.492; 2065.825;  235.475;    0.000
435.542; 2026.825;  230.475;    0.000
435.592; 2072.825;  239.475;    0.000
435.642; 2085.825;  244.475;    0.000
435.692; 2064.825;  236.475;    0.000
435.742; 2061.825;  236.475;    0.000
435.792; 2078.825;  230.475;    0.000
435.842; 2065.825;  248.475;    0.000
435.891; 1987.825;  233.475;    0.000
435.941; 2067.825;  243.475;    0.000
435.991; 2037.825;  279.475;    0.000
436.041; 2018.825;  204.475;    0.000
436.091; 2003.825;  217.475;    0.000
436.141; 1962.825;  205.475;    0.000
436.191; 2006.825;  220.475;    0.000
436.241; 1963.825;  248.475;    0.000
436.290; 2042.825;  255.475;    0.000
436.340; 2000.825;  235.475;    0.000
436.390; 2008.825;  207.475;    0.000
436.440; 1990.825;  207.475;    0.000
436.490; 1976.825;  251.475;    0.000
436.539; 2068.825;  240.475;    0.000
436.589; 1979.825;  198.475;    0.000
436.639; 1939.825;  240.475;    0.000
436.689; 2038.825;  216.475;    0.000
436.738; 2061.825;  246.475;    0.000
436.788; 1999.825;  203.475;    0.000
436.838; 2024.825;  230.475;    0.000
436.887; 1966.825;  235.475;    0.000
436.937; 1972.825;  249.475;    0.000
436.987; 1879.825;  208.475;    0.000
437.036; 1960.825;  232.475;    0.000
437.086; 1949.825;  238.475;    0.000
437.136; 2020.825;  228.475;    0.000
437.185; 2005.825;  219.475;    0.000
437.235; 2014.825;  227.475;    0.000
437.285; 1977.825;  241.475;    0.000
437.334; 1985.825;  216.475;    0.000
437.384; 1965.825;  243.475;    0.000
437.433; 1955.825;  214.475;    0.000
437.483; 2002.825;  246.475;    0.000
437.532; 1981.825;  261.475;    0.000
437.582; 1941.825;  205.475;    0.000
437.631; 1997.825;  218.475;    0.000
437.681; 1944.825;  240.475;    0.000
437.730; 1954.825;  258.475;    0.000
437.780; 1907.825;  237.475;    0.000
437.829; 1923.825;  209.475;    0.000
437.879; 1921.825;  214.475;    0.000
437.928; 1927.825;  223.475;    0.000
437.978; 1910.825;  220.475;    0.000
438.027; 2006.825;  239.475;    0.000
438.077; 1902.825;  231.475;    0.000
438.126; 1971.825;  266.475;    0.000
438.176; 1964.825;  234.475;    0.000
438.225; 1838.825;  237.475;    0.000
438.274; 1976.825;  234.475;    0.000
438.324; 1978.825;  244.475;    0.000
438.373; 1896.825;  232.475;    0.000
438.422; 1917.825;  218.475;    0.000
438.472; 1890.825;  221.475;    0.000
438.521; 1931.825;  190.475;    0.000
438.570; 1934.825;  243.475;    0.000
438.620; 1969.825;  255.475;    0.000
438.669; 1839.825;  210.475;    0.000
438.718; 1934.825;  237.475;    0.000
438.768; 1880.825;  220.475;    0.000
438.817; 1862.825;  218.475;    0.000
438.866; 1935.825;  198.475;    0.000
438.915; 1954.825;  256.475;    0.000
438.965; 1898.825;  221.475;    0.000
439.014; 1953.825;  255.475;    0.000
439.063; 1968.825;  276.475;    0.000
439.112; 1906.825;  220.475;    0.000
439.162; 1984.825;  253.475;    0.000
439.211; 1972.825;  247.475;    0.000
439.260; 1971.825;  220.475;    0.000
439.309; 1937.825;  235.475;    0.000
439.358; 1926.825;  205.475;    0.000
439.407; 2015.825;  207.475;    0.000
439.456; 1927.825;  216.475;    0.000
439.506; 1980.825;  245.475;    0.000
439.555; 2021.825;  264.475;    0.000
439.604; 2014.825;  227.475;    0.000
439.653; 1982.825;  220.475;    0.000
439.702; 1914.825;  223.475;    0.000
439.751; 1953.825;  197.475;    0.000
439.800; 1853.825;  207.475;    0.000
439.849; 1956.825;  238.475;    0.000
439.898; 1824.825;  209.475;    0.000
439.947; 1856.825;  170.475;    0.000
439.996; 1947.825;  233.475;    0.000
440.045; 1933.825;  222.475;    0.000
440.094; 1943.825;  240.475;    0.000
440.143; 1983.825;  249.475;    0.000
440.192; 1985.825;  252.475;    0.000
440.241; 1996.825;  239.475;    0.000
440.290; 1897.825;  234.475;    0.000
440.339; 1920.825;  241.475;    0.000
440.388; 1884.825;  239.475;    0.000
440.437; 1939.825;  231.475;    0.000
440.486; 1929.825;  254.475;    0.000
440.535; 1971.825;  266.475;    0.000
440.583; 1951.825;  205.475;    0.000
440.632; 1979.825;  234.475;    0.000
440.681; 1956.825;  218.475;    0.000
440.730; 1975.825;  248.475;    0.000
440.779; 1986.825;  246.475;    0.000
440.828; 1942.825;  235.475;    0.000
440.876; 1914.825;  218.475;    0.000
440.925; 2039.825;  228.475;    0.000
440.974; 1992.825;  249.475;    0.000
441.023; 1980.825;  192.475;    0.000
441.072; 1942.825;  226.475;    0.000
441.120; 2040.825;  238.475;    0.000
441.169; 2042.825;  255.475;    0.000
441.218; 2001.825;  233.475;    0.000
441.267; 1985.825;  231.475;    0.000
441.315; 2030.825;  214.475;    0.000
441.364; 2059.825;  250.475;    0.000
441.413; 1980.825;  228.475;    0.000
441.461; 2009.825;  209.475;    0.000
441.510; 1999.825;  260.475;    0.000
441.559; 1944.825;  230.475;    0.000
441.607; 2054.825;  220.475;    0.000
441.656; 2061.825;  251.475;    0.000
441.705; 2007.825;  237.475;    0.000
441.753; 2070.825;  257.475;    0.000
441.802; 2069.825;  256.475;    0.000
441.850; 2020.825;  253.475;    0.000
441.899; 2059.825;  212.475;    0.000
441.948; 2040.825;  251.475;    0.000
441.996; 1916.825;  239.475;    0.000
442.045; 2059.825;  223.475;    0.000
442.093; 2103.825;  211.475;    0.000
442.142; 1992.825;  235.475;    0.000
442.190; 2013.825;  254.475;    0.000
442.239; 2015.825;  226.475;    0.000
442.287; 2010.825;  242.475;    0.000
442.336; 2028.825;  256.475;    0.000
442.384; 2101.825;  252.475;    0.000
442.433; 2019.825;  262.475;    0.000
442.481; 2072.825;  246.475;    0.000
442.529; 2042.825;  290.475;    0.000
442.578; 2061.825;  247.475;    0.000
442.626; 2013.825;  247.475;    0.000
442.675; 2054.825;  272.475;    0.000
442.723; 1955.825;  230.475;    0.000
442.771; 2066.825;  234.475;    0.000
442.820; 2069.825;  224.475;    0.000
442.868; 2081.825;  246.475;    0.000
442.917; 1998.825;  249.475;    0.000
442.965; 2076.825;  260.475;    0.000
443.013; 2080.825;  258.475;    0.000
443.062; 2121.825;  259.475;    0.000
443.110; 2017.825;  226.475;    0.000
443.158; 1998.825;  213.475;    0.000
443.206; 2053.825;  201.475;    0.000
443.255; 2095.825;  280.475;    0.000
443.303; 2109.825;  292.475;    0.000
443.351; 2067.825;  256.475;    0.000
443.399; 2040.825;  215.475;    0.000
443.448; 2027.825;  243.475;    0.000
443.496; 2056.825;  249.475;    0.000
443.544; 2065.825;  231.475;    0.000
443.592; 2042.825;  243.475;    0.000
443.640; 2111.825;  252.475;    0.000
443.689; 2024.825;  220.475;    0.000
443.737; 2141.825;  231.475;    0.000
443.785; 2083.825;  256.475;    0.000
443.833; 2170.825;  268.475;    0.000
443.881; 2114.825;  181.475;    0.000
443.929; 2079.825;  245.475;    0.000
443.977; 2193.825;  278.475;    0.000
444.025; 2148.825;  245.475;    0.000
444.074; 2128.825;  233.475;    0.000
444.122; 2146.825;  267.475;    0.000
444.170; 2152.825;  247.475;    0.000
444.218; 2187.825;  246.475;    0.000
444.266; 2125.825;  275.475;    0.000
444.314; 2167.825;  263.475;    0.000
444.362; 2250.825;  240.475;    0.000
444.410; 2167.825;  220.475;    0.000
444.458; 2234.825;  258.475;    0.000
444.506; 2155.825;  258.475;    0.000
444.554; 2082.825;  224.475;    0.000
444.602; 2192.825;  245.475;    0.000
444.650; 2224.825;  261.475;    0.000
444.698; 2186.825;  232.475;    0.000
444.746; 2160.825;  206.475;    0.000
444.793; 2134.825;  249.475;    0.000
444.841; 2145.825;  261.475;    0.000
444.889; 2207.825;  221.475;    0.000
444.937; 2170.825;  215.475;    0.000
444.985; 2245.825;  244.475;    0.000
445.033; 2234.825;  211.475;    0.000
445.081; 2215.825;  225.475;    0.000
445.129; 2090.825;  217.475;    0.000
445.176; 2158.825;  196.475;    0.000
445.224; 2117.825;  211.475;    0.000
445.272; 2158.825;  242.475;    0.000
445.320; 2174.825;  225.475;    0.000
445.368; 2230.825;  249.475;    0.000
445.415; 2116.825;  243.475;    0.000
445.463; 2159.825;  242.475;    0.000
445.511; 2148.825;  248.475;    0.000
445.559; 2156.825;  219.475;    0.000
445.606; 2184.825;  221.475;    0.000
445.654; 2195.825;  202.475;    0.000
445.702; 2210.825;  210.475;    0.000
445.749; 2177.825;  249.475;    0.000
445.797; 2289.825;  206.475;    0.000
445.845; 2143.825;  213.475;    0.000
445.892; 2234.825;  224.475;    0.000
445.940; 2218.825;  214.475;    0.000
445.988; 2185.825;  247.475;    0.000
446.035; 2241.825;  204.475;    0.000
446.083; 2204.825;  235.475;    0.000
446.130; 2128.825;  195.475;    0.000
446.178; 2194.825;  236.475;    0.000
446.226; 2201.825;  218.475;    0.000
446.273; 2263.825;  215.475;    0.000
446.321; 2209.825;  222.475;    0.000
446.368; 2265.825;  228.475;    0.000
446.416; 2162.825;  223.475;    0.000
446.463; 2203.825;  220.475;    0.000
446.511; 2252.825;  198.475;    0.000
446.558; 2243.825;  208.475;    0.000
446.606; 2293.825;  253.475;    0.000
446.653; 2182.825;  198.475;    0.000
446.701; 2246.825;  231.475;    0.000
446.748; 2343.825;  224.475;    0.000
446.796; 2252.825;  201.475;    0.000
446.843; 2375.825;  257.475;    0.000
446.891; 2336.825;  218.475;    0.000
446.938; 2334.825;  232.475;    0.000
446.985; 2422.825;  229.475;    0.000
447.033; 2451.825;  251.475;    0.000
447.080; 2422.825;  257.475;    0.000
447.128; 2447.825;  232.475;    0.000
447.175; 2364.825;  269.475;    0.000
447.222; 2402.825;  185.475;    0.000
447.270; 2492.825;  264.475;    0.000
447.317; 2406.825;  225.475;    0.000
447.364; 2418.825;  243.475;    0.000
447.411; 2489.825;  263.475;    0.000
447.459; 2532.825;  257.475;    0.000
447.506; 2467.825;  175.475;    0.000
447.553; 2560.825;  203.475;    0.000
447.601; 2612.825;  238.475;    0.000
447.648; 2631.825;  244.475;    0.000
447.695; 2591.825;  249.475;    0.000
447.742; 2628.825;  234.475;    0.000
447.789; 2731.825;  228.475;    0.000
447.837; 2755.825;  258.475;    0.000
447.884; 2756.825;  243.475;    0.000
447.931; 2778.825;  235.475;    0.000
447.978; 2851.825;  224.475;    0.000
448.025; 2892.825;  245.475;    0.000
448.072; 2950.825;  212.475;    0.000
448.120; 2889.825;  256.475;    0.000
448.167; 2892.825;  240.475;    0.000
448.214; 2866.825;  247.475;    0.000
448.261; 2809.825;  245.475;    0.000
448.308; 2810.825;  273.475;    0.000
448.355; 2711.825;  257.475;    0.000
448.402; 2677.825;  259.475;    0.000
448.449; 2556.825;  238.475;    0.000
448.496; 2591.825;  245.475;    0.000
448.543; 2544.825;  217.475;    0.000
448.590; 2576.825;  269.475;    0.000
448.637; 2517.825;  250.475;    0.000
448.684; 2461.825;  250.475;    0.000
448.731; 2558.825;  235.475;    0.000
448.778; 2473.825;  265.475;    0.000
448.825; 2493.825;  257.475;    0.000
448.872; 2309.825;  234.475;    0.000
448.919; 2421.825;  216.475;    0.000
448.966; 2432.825;  274.475;    0.000
449.013; 2401.825;  263.475;    0.000
449.060; 2381.825;  247.475;    0.000
449.107; 2297.825;  218.475;    0.000
449.154; 2275.825;  225.475;    0.000
449.200; 2325.825;  212.475;    0.000
449.247; 2297.825;  242.475;    0.000
449.294; 2273.825;  228.475;    0.000
449.341; 2295.825;  232.475;    0.000
449.388; 2212.825;  247.475;    0.000
449.435; 2205.825;  227.475;    0.000
449.481; 2219.825;  270.475;    0.000
449.528; 2169.825;  265.475;    0.000
449.575; 2196.825;  255.475;    0.000
449.622; 2101.825;  210.475;    0.000
449.668; 2187.825;  234.475;    0.000
449.715; 2132.825;  262.475;    0.000
449.762; 2191.825;  247.475;    0.000
449.809; 2181.825;  286.475;    0.000
449.855; 2125.825;  246.475;    0.000
449.902; 2202.825;  224.475;    0.000
449.949; 2165.825;  244.475;    0.000
449.995; 2212.825;  274.475;    0.000
450.042; 2181.825;  272.475;    0.000
450.089; 2169.825;  274.475;    0.000
450.135; 2176.825;  285.475;    0.000
450.182; 2087.825;  251.475;    0.000
450.229; 2101.825;  242.475;    0.000
450.275; 2137.825;  277.475;    0.000
450.322; 2075.825;  260.475;    0.000
450.368; 2007.825;  257.475;    0.000
450.415; 2016.825;  276.475;    0.000
450.462; 2085.825;  298.475;    0.000
450.508; 2105.825;  255.475;    0.000
450.555; 2140.825;  271.475;    0.000
450.601; 2048.825;  281.475;    0.000
450.648; 2023.825;  249.475;    0.000
450.694; 2119.825;  270.475;    0.000
450.741; 2081.825;  256.475;    0.000
450.787; 2067.825;  292.475;    0.000
450.834; 2043.825;  221.475;    0.000
450.880; 2028.825;  265.475;    0.000
450.927; 2068.825;  242.475;    0.000
450.973; 2005.825;  259.475;    0.000
451.019; 2060.825;  221.475;    0.000
451.066; 1922.825;  257.475;    0.000
451.112; 2061.825;  251.475;    0.000
451.159; 1909.825;  278.475;    0.000
451.205; 2011.825;  274.475;    0.000
451.251; 2013.825;  281.475;    0.000
451.298; 2016.825;  273.475;    0.000
451.344; 2077.825;  246.475;    0.000
451.390; 2111.825;  286.475;    0.000
451.437; 2016.825;  268.475;    0.000
451.483; 1991.825;  315.475;    0.000
451.529; 1975.825;  251.475;    0.000
451.576; 2013.825;  306.475;    0.000
451.622; 1996.825;  234.475;    0.000
451.668; 2027.825;  243.475;    0.000
451.714; 2026.825;  256.475;    0.000
451.761; 2012.825;  264.475;    0.000
451.807; 2033.825;  284.475;    0.000
451.853; 1985.825;  282.475;    0.000
451.899; 1940.825;  240.475;    0.000
451.945; 2002.825;  263.475;    0.000
451.992; 1939.825;  255.475;    0.000
452.038; 1881.825;  273.475;    0.000
452.084; 1959.825;  274.475;    0.000
452.130; 1945.825;  261.475;    0.000
452.176; 1936.825;  246.475;    0.000
452.222; 1956.825;  238.475;    0.000
452.268; 1941.825;  267.475;    0.000
452.315; 1996.825;  274.475;    0.000
452.361; 1883.825;  241.475;    0.000
452.407; 1947.825;  274.475;    0.000
452.453; 1929.825;  260.475;    0.000
452.499; 1963.825;  232.475;    0.000
452.545; 1973.825;  252.475;    0.000
452.591; 1916.825;  263.475;    0.000
452.637; 1982.825;  208.475;    0.000
452.683; 1865.825;  237.475;    0.000
452.729; 1910.825;  263.475;    0.000
452.775; 1965.825;  291.475;    0.000
452.821; 1915.825;  238.475;    0.000
452.867; 1866.825;  223.475;    0.000
452.913; 1929.825;  257.475;    0.000
452.959; 1938.825;  238.475;    0.000
453.005; 1907.825;  252.475;    0.000
453.051; 1932.825;  260.475;    0.000
453.097; 1956.825;  268.475;    0.000
453.142; 1911.825;  231.475;    0.000
453.188; 1944.825;  266.475;    0.000
453.234; 1854.825;  233.475;    0.000
453.280; 1889.825;  219.475;    0.000
453.326; 1861.825;  265.475;    0.000
453.372; 1862.825;  238.475;    0.000
453.418; 1903.825;  240.475;    0.000
453.463; 1848.825;  219.475;    0.000
453.509; 1785.825;  264.475;    0.000
453.555; 1899.825;  247.475;    0.000
453.601; 1860.825;  230.475;    0.000
453.647; 1908.825;  285.475;    0.000
453.692; 1909.825;  240.475;    0.000
453.738; 1883.825;  233.475;    0.000
453.784; 1898.825;  230.475;    0.000
453.829; 1927.825;  246.475;    0.000
453.875; 1837.825;  261.475;    0.000
453.921; 1893.825;  203.475;    0.000
453.967; 1900.825;  241.475;    0.000
454.012; 1832.825;  250.475;    0.000
454.058; 1900.825;  252.475;    0.000
454.104; 1871.825;  239.475;    0.000
454.149; 1869.825;  250.475;    0.000
454.195; 1933.825;  243.475;    0.000
454.240; 1835.825;  252.475;    0.000
454.286; 1859.825;  245.475;    0.000
454.332; 1872.825;  286.475;    0.000
454.377; 1865.825;  254.475;    0.000
454.423; 1879.825;  246.475;    0.000
454.468; 1832.825;  235.475;    0.000
454.514; 1878.825;  231.475;    0.000
454.559; 1901.825;  246.475;    0.000
454.605; 1841.825;  204.475;    0.000
454.650; 1884.825;  272.475;    0.000
454.696; 1855.825;  222.475;    0.000
454.741; 1882.825;  290.475;    0.000
454.787; 1863.825;  262.475;    0.000
454.832; 1871.825;  227.475;    0.000
454.878; 1803.825;  241.475;    0.000
454.923; 1918.825;  272.475;    0.000
454.969; 1834.825;  290.475;    0.000
455.014; 1900.825;  278.475;    0.000
455.060; 1868.825;  246.475;    0.000
455.105; 1794.825;  231.475;    0.000
455.150; 1848.825;  265.475;    0.000
455.196; 1852.825;  266.475;    0.000
455.241; 1873.825;  258.475;    0.000
455.286; 1855.825;  266.475;    0.000
455.332; 1864.825;  252.475;    0.000
455.377; 1871.825;  219.475;    0.000
455.422; 1829.825;  262.475;    0.000
455.468; 1929.825;  260.475;    0.000
455.513; 1838.825;  212.475;    0.000
455.558; 1783.825;  197.475;    0.000
455.604; 1840.825;  262.475;    0.000
455.649; 1895.825;  238.475;    0.000
455.694; 1871.825;  221.475;    0.000
455.739; 1838.825;  251.475;    0.000
455.785; 1834.825;  287.475;    0.000
455.830; 1841.825;  284.475;    0.000
455.875; 1780.825;  234.475;    0.000
455.920; 1784.825;  215.475;    0.000
455.965; 1804.825;  256.475;    0.000
456.010; 1850.825;  266.475;    0.000
456.056; 1839.825;  263.475;    0.000
456.101; 1877.825;  240.475;    0.000
456.146; 1821.825;  258.475;    0.000
456.191; 1865.825;  241.475;    0.000
456.236; 1798.825;  252.475;    0.000
456.281; 1738.825;  218.475;    0.000
456.326; 1809.825;  251.475;    0.000
456.371; 1783.825;  256.475;    0.000
456.416; 1783.825;  301.475;    0.000
456.461; 1888.825;  233.475;    0.000
456.507; 1824.825;  218.475;    0.000
456.552; 1859.825;  278.475;    0.000
456.597; 1848.825;  223.475;    0.000
456.642; 1808.825;  203.475;    0.000
456.687; 1833.825;  245.475;    0.000
456.732; 1915.825;  256.475;    0.000
456.776; 1856.825;  244.475;    0.000
456.821; 1835.825;  276.475;    0.000
456.866; 1871.825;  232.475;    0.000
456.911; 1847.825;  225.475;    0.000
456.956; 1844.825;  237.475;    0.000
457.001; 1887.825;  261.475;    0.000
457.046; 1846.825;  205.475;    0.000
457.091; 1848.825;  241.475;    0.000
457.136; 1930.825;  217.475;    0.000
457.181; 1899.825;  251.475;    0.000
457.225; 1878.825;  241.475;    0.000
457.270; 1898.825;  237.475;    0.000
457.315; 1857.825;  279.475;    0.000
457.360; 1788.825;  245.475;    0.000
457.405; 1820.825;  202.475;    0.000
457.450; 1840.825;  247.475;    0.000
457.494; 1818.825;  243.475;    0.000
457.539; 1785.825;  222.475;    0.000
457.584; 1909.825;  239.475;    0.000
457.629; 1829.825;  236.475;    0.000
457.673; 1891.825;  234.475;    0.000
457.718; 1822.825;  202.475;    0.000
457.763; 1933.825;  274.475;    0.000
457.807; 1847.825;  236.475;    0.000
457.852; 1833.825;  265.475;    0.000
457.897; 1834.825;  252.475;    0.000
457.941; 1922.825;  264.475;    0.000
457.986; 1829.825;  280.475;    0.000
458.031; 1876.825;  217.475;    0.000
458.075; 1877.825;  249.475;    0.000
458.120; 1904.825;  257.475;    0.000
458.165; 1892.825;  183.475;    0.000
458.209; 1875.825;  245.475;    0.000
458.254; 1829.825;  245.475;    0.000
458.298; 1891.825;  265.475;    0.000
458.343; 1839.825;  241.475;    0.000
458.387; 1967.825;  262.475;    0.000
458.432; 1916.825;  245.475;    0.000
458.476; 1875.825;  255.475;    0.000
458.521; 1936.825;  269.475;    0.000
458.565; 1928.825;  265.475;    0.000
458.610; 1922.825;  222.475;    0.000
458.654; 1919.825;  257.475;    0.000
458.699; 1918.825;  296.475;    0.000
458.743; 1893.825;  203.475;    0.000
458.788; 1965.825;  267.475;    0.000
458.832; 2046.825;  274.475;    0.000
458.877; 1906.825;  251.475;    0.000
458.921; 1880.825;  237.475;    0.000
458.965; 2053.825;  264.475;    0.000
459.010; 1951.825;  256.475;    0.000
459.054; 2014.825;  280.475;    0.000
459.099; 1984.825;  240.475;    0.000
459.143; 1969.825;  287.475;    0.000
459.187; 2055.825;  257.475;    0.000
459.231; 1940.825;  273.475;    0.000
459.276; 1922.825;  231.475;    0.000
459.320; 1973.825;  261.475;    0.000
459.364; 2031.825;  278.475;    0.000
459.409; 1966.825;  249.475;    0.000
459.453; 2049.825;  235.475;    0.000
459.497; 2022.825;  262.475;    0.000
459.541; 1965.825;  269.475;    0.000
459.586; 2024.825;  240.475;    0.000
459.630; 2026.825;  261.475;    0.000
459.674; 2039.825;  276.475;    0.000
459.718; 1986.825;  236.475;    0.000
459.762; 2043.825;  263.475;    0.000
459.807; 2073.825;  263.475;    0.000
459.851; 2026.825;  225.475;    0.000
459.895; 2040.825;  247.475;    0.000
459.939; 2090.825;  231.475;    0.000
459.983; 1916.825;  242.475;    0.000
460.027; 1967.825;  248.475;    0.000
460.071; 2080.825;  273.475;    0.000
460.115; 1991.825;  282.475;    0.000
460.159; 2020.825;  264.475;    0.000
460.204; 2081.825;  288.475;    0.000
460.248; 1998.825;  293.475;    0.000
460.292; 2015.825;  277.475;    0.000
460.336; 2046.825;  250.475;    0.000
460.380; 2077.825;  275.475;    0.000
460.424; 1993.825;  243.475;    0.000
460.468; 2092.825;  277.475;    0.000
460.512; 2102.825;  261.475;    0.000
460.556; 2048.825;  266.475;    0.000
460.599; 2049.825;  246.475;    0.000
460.643; 2019.825;  256.475;    0.000
460.687; 2071.825;  257.475;    0.000
460.731; 2096.825;  235.475;    0.000
460.775; 2055.825;  278.475;    0.000
460.819; 2053.825;  268.475;    0.000
460.863; 2118.825;  257.475;    0.000
460.907; 2006.825;  213.475;    0.000
460.951; 2043.825;  274.475;    0.000
460.995; 2174.825;  258.475;    0.000
461.038; 2091.825;  219.475;    0.000
461.082; 2110.825;  253.475;    0.000
461.126; 2038.825;  281.475;    0.000
461.170; 2112.825;  244.475;    0.000
461.214; 2132.825;  262.475;    0.000
461.257; 2058.825;  284.475;    0.000
461.301; 2118.825;  275.475;    0.000
461.345; 2098.825;  267.475;    0.000
461.389; 2079.825;  255.475;    0.000
461.432; 2079.825;  282.475;    0.000
461.476; 2078.825;  263.475;    0.000
461.520; 2144.825;  260.475;    0.000
461.563; 2120.825;  278.475;    0.000
461.607; 2088.825;  236.475;    0.000
461.651; 2098.825;  262.475;    0.000
461.694; 2072.825;  236.475;    0.000
461.738; 2081.825;  295.475;    0.000
461.782; 2055.825;  252.475;    0.000
461.825; 2103.825;  271.475;    0.000
461.869; 2104.825;  278.475;    0.000
461.913; 2119.825;  255.475;    0.000
461.956; 2153.825;  254.475;    0.000
462.000; 2132.825;  299.475;    0.000
462.043; 2204.825;  282.475;    0.000
462.087; 2133.825;  274.475;    0.000
462.130; 2162.825;  270.475;    0.000
462.174; 2147.825;  274.475;    0.000
462.217; 2173.825;  272.475;    0.000
462.261; 2155.825;  286.475;    0.000
462.304; 2115.825;  236.475;    0.000
462.348; 2172.825;  262.475;    0.000
462.391; 2152.825;  244.475;    0.000
462.435; 2201.825;  321.475;    0.000
462.478; 2166.825;  230.475;    0.000
462.522; 2166.825;  245.475;    0.000
462.565; 2195.825;  278.475;    0.000
462.608; 2259.825;  303.475;    0.000
462.652; 2285.825;  275.475;    0.000
462.695; 2284.825;  314.475;    0.000
462.739; 2244.825;  307.475;    0.000
462.782; 2214.825;  286.475;    0.000
462.825; 2292.825;  312.475;    0.000
462.869; 2305.825;  338.475;    0.000
462.912; 2315.825;  304.475;    0.000
462.955; 2245.825;  288.475;    0.000
462.998; 2242.825;  292.475;    0.000
463.042; 2289.825;  309.475;    0.000
463.085; 2299.825;  292.475;    0.000
463.128; 2286.825;  317.475;    0.000
463.172; 2181.825;  287.475;    0.000
463.215;  360.825;  313.475;    0.000
463.258;  317.825;  295.475;    0.000
463.301;  304.825;  275.475;    0.000
463.344;  330.825;  311.475;    0.000
463.388;  307.825;  296.475;    0.000
463.431;  267.825;  277.475;    0.000
463.474;  327.825;  364.475;    0.000
463.517;  331.825;  306.475;    0.000
463.560;  356.825;  308.475;    0.000
463.603;  322.825;  343.475;    0.000
463.646;  334.825;  309.475;    0.000
463.690;  314.825;  309.475;    0.000
463.733;  334.825;  320.475;    0.000
463.776;  297.825;  299.475;    0.000
463.819;  320.825;  320.475;    0.000
463.862;  272.825;  283.475;    0.000

