
Integration time [ms]:   1.000
Averaging Nr. [scans]: 1
Smoothing Nr. [pixels]: 0
Data measured with spectrometer [name]: UV1
Wave   ;Sample   ;Dark     ;Reference
[nm]   ;[counts] ;[counts] ;[counts] 

236.381;  159.825;  175.825;    0.000
236.451;  194.825;  220.825;    0.000
236.520;  169.825;  178.825;    0.000
236.590;  210.825;  182.825;    0.000
236.660;  142.825;  180.825;    0.000
236.730;  190.825;  201.825;    0.000
236.799;  162.825;  168.825;    0.000
236.869;  179.825;  205.825;    0.000
236.939;  166.825;  175.825;    0.000
237.009;  180.825;  186.825;    0.000
237.078;  184.825;  200.825;    0.000
237.148;  156.825;  156.825;    0.000
237.218;  208.825;  190.825;    0.000
237.287;  190.825;  167.825;    0.000
237.357;  175.825;  213.825;    0.000
237.427;  171.825;  164.825;    0.000
237.496;  707.825;  210.825;    0.000
237.566;  645.825;  193.825;    0.000
237.636;  700.825;  179.825;    0.000
237.705;  718.825;  218.825;    0.000
237.775;  654.825;  160.825;    0.000
237.845;  660.825;  207.825;    0.000
237.914;  679.825;  180.825;    0.000
237.984;  733.825;  207.825;    0.000
238.054;  650.825;  149.825;    0.000
238.123;  692.825;  190.825;    0.000
238.193;  637.825;  167.825;    0.000
238.263;  646.825;  172.825;    0.000
238.332;  653.825;  173.825;    0.000
238.402;  688.825;  214.825;    0.000
238.471;  693.825;  181.825;    0.000
238.541;  675.825;  177.825;    0.000
238.611;  650.825;  138.825;    0.000
238.680;  679.825;  168.825;    0.000
238.750;  633.825;  171.825;    0.000
238.819;  687.825;  156.825;    0.000
238.889;  638.825;  194.825;    0.000
238.958;  686.825;  185.825;    0.000
239.028;  688.825;  170.825;    0.000
239.097;  635.825;  159.825;    0.000
239.167;  730.825;  208.825;    0.000
239.237;  648.825;  167.825;    0.000
239.306;  670.825;  154.825;    0.000
239.376;  689.825;  183.825;    0.000
239.445;  704.825;  221.825;    0.000
239.515;  682.825;  208.825;    0.000
239.584;  691.825;  177.825;    0.000
239.654;  678.825;  133.825;    0.000
239.723;  625.825;  167.825;    0.000
239.793;  661.825;  190.825;    0.000
239.862;  708.825;  192.825;    0.000
239.932;  660.825;  174.825;    0.000
240.001;  686.825;  166.825;    0.000
240.070;  651.825;  179.825;    0.000
240.140;  659.825;  191.825;    0.000
240.209;  619.825;  134.825;    0.000
240.279;  671.825;  185.825;    0.000
240.348;  680.825;  193.825;    0.000
240.418;  660.825;  149.825;    0.000
240.487;  702.825;  197.825;    0.000
240.556;  686.825;  193.825;    0.000
240.626;  644.825;  178.825;    0.000
240.695;  673.825;  194.825;    0.000
240.765;  641.825;  178.825;    0.000
240.834;  664.825;  190.825;    0.000
240.903;  678.825;  212.825;    0.000
240.973;  621.825;  153.825;    0.000
241.042;  633.825;  177.825;    0.000
241.112;  683.825;  193.825;    0.000
241.181;  691.825;  171.825;    0.000
241.250;  630.825;  152.825;    0.000
241.320;  671.825;  176.825;    0.000
241.389;  663.825;  186.825;    0.000
241.458;  712.825;  182.825;    0.000
241.528;  698.825;  175.825;    0.000
241.597;  666.825;  180.825;    0.000
241.666;  678.825;  162.825;    0.000
241.736;  680.825;  187.825;    0.000
241.805;  673.825;  173.825;    0.000
241.874;  618.825;  177.825;    0.000
241.943;  666.825;  208.825;    0.000
242.013;  692.825;  183.825;    0.000
242.082;  603.825;  171.825;    0.000
242.151;  633.825;  208.825;    0.000
242.221;  674.825;  160.825;    0.000
242.290;  626.825;  200.825;    0.000
242.359;  625.825;  167.825;    0.000
242.428;  658.825;  213.825;    0.000
242.498;  605.825;  156.825;    0.000
242.567;  656.825;  200.825;    0.000
242.636;  644.825;  178.825;    0.000
242.705;  651.825;  185.825;    0.000
242.774;  650.825;  190.825;    0.000
242.844;  693.825;  194.825;    0.000
242.913;  641.825;  162.825;    0.000
242.982;  635.825;  189.825;    0.000
243.051;  688.825;  176.825;    0.000
243.120;  584.825;  213.825;    0.000
243.190;  671.825;  155.825;    0.000
243.259;  687.825;  183.825;    0.000
243.328;  586.825;  170.825;    0.000
243.397;  621.825;  224.825;    0.000
243.466;  627.825;  172.825;    0.000
243.535;  580.825;  145.825;    0.000
243.605;  580.825;  157.825;    0.000
243.674;  662.825;  199.825;    0.000
243.743;  687.825;  196.825;    0.000
243.812;  608.825;  152.825;    0.000
243.881;  617.825;  188.825;    0.000
243.950;  589.825;  154.825;    0.000
244.019;  614.825;  195.825;    0.000
244.088;  588.825;  164.825;    0.000
244.158;  671.825;  220.825;    0.000
244.227;  615.825;  150.825;    0.000
244.296;  631.825;  153.825;    0.000
244.365;  624.825;  195.825;    0.000
244.434;  615.825;  136.825;    0.000
244.503;  644.825;  172.825;    0.000
244.572;  584.825;  129.825;    0.000
244.641;  612.825;  132.825;    0.000
244.710;  633.825;  185.825;    0.000
244.779;  606.825;  164.825;    0.000
244.848;  635.825;  132.825;    0.000
244.917;  619.825;  196.825;    0.000
244.986;  629.825;  148.825;    0.000
245.055;  603.825;  192.825;    0.000
245.124;  616.825;  170.825;    0.000
245.193;  588.825;  172.825;    0.000
245.262;  598.825;  146.825;    0.000
245.331;  569.825;  178.825;    0.000
245.400;  622.825;  108.825;    0.000
245.469;  547.825;  173.825;    0.000
245.538;  599.825;  180.825;    0.000
245.607;  604.825;  171.825;    0.000
245.676;  599.825;  149.825;    0.000
245.745;  572.825;  194.825;    0.000
245.814;  554.825;  186.825;    0.000
245.883;  602.825;  192.825;    0.000
245.952;  593.825;  169.825;    0.000
246.021;  590.825;  190.825;    0.000
246.090;  601.825;  181.825;    0.000
246.159;  602.825;  179.825;    0.000
246.227;  588.825;  182.825;    0.000
246.296;  599.825;  182.825;    0.000
246.365;  562.825;  171.825;    0.000
246.434;  559.825;  218.825;    0.000
246.503;  542.825;  147.825;    0.000
246.572;  609.825;  227.825;    0.000
246.641;  594.825;  193.825;    0.000
246.710;  588.825;  207.825;    0.000
246.779;  596.825;  181.825;    0.000
246.847;  564.825;  179.825;    0.000
246.916;  607.825;  155.825;    0.000
246.985;  576.825;  168.825;    0.000
247.054;  603.825;  137.825;    0.000
247.123;  535.825;  128.825;    0.000
247.192;  573.825;  163.825;    0.000
247.260;  490.825;  173.825;    0.000
247.329;  543.825;  174.825;    0.000
247.398;  596.825;  238.825;    0.000
247.467;  540.825;  168.825;    0.000
247.536;  529.825;  203.825;    0.000
247.604;  574.825;  194.825;    0.000
247.673;  582.825;  145.825;    0.000
247.742;  519.825;  167.825;    0.000
247.811;  571.825;  180.825;    0.000
247.879;  561.825;  187.825;    0.000
247.948;  538.825;  187.825;    0.000
248.017;  528.825;  170.825;    0.000
248.086;  554.825;  223.825;    0.000
248.154;  524.825;  160.825;    0.000
248.223;  511.825;  163.825;    0.000
248.292;  552.825;  201.825;    0.000
248.361;  559.825;  205.825;    0.000
248.429;  550.825;  191.825;    0.000
248.498;  569.825;  194.825;    0.000
248.567;  530.825;  217.825;    0.000
248.635;  625.825;  224.825;    0.000
248.704;  548.825;  204.825;    0.000
248.773;  544.825;  175.825;    0.000
248.841;  505.825;  157.825;    0.000
248.910;  532.825;  206.825;    0.000
248.979;  523.825;  170.825;    0.000
249.047;  535.825;  178.825;    0.000
249.116;  599.825;  183.825;    0.000
249.185;  575.825;  202.825;    0.000
249.253;  527.825;  159.825;    0.000
249.322;  536.825;  177.825;    0.000
249.390;  502.825;  157.825;    0.000
249.459;  564.825;  211.825;    0.000
249.528;  530.825;  181.825;    0.000
249.596;  562.825;  179.825;    0.000
249.665;  535.825;  176.825;    0.000
249.733;  542.825;  186.825;    0.000
249.802;  531.825;  185.825;    0.000
249.871;  506.825;  166.825;    0.000
249.939;  528.825;  163.825;    0.000
250.008;  532.825;  212.825;    0.000
250.076;  556.825;  227.825;    0.000
250.145;  582.825;  172.825;    0.000
250.213;  548.825;  173.825;    0.000
250.282;  515.825;  189.825;    0.000
250.350;  517.825;  166.825;    0.000
250.419;  509.825;  161.825;    0.000
250.487;  510.825;  178.825;    0.000
250.556;  507.825;  208.825;    0.000
250.624;  510.825;  190.825;    0.000
250.693;  517.825;  163.825;    0.000
250.761;  525.825;  194.825;    0.000
250.830;  538.825;  225.825;    0.000
250.898;  488.825;  140.825;    0.000
250.967;  506.825;  167.825;    0.000
251.035;  483.825;  155.825;    0.000
251.104;  565.825;  189.825;    0.000
251.172;  482.825;  136.825;    0.000
251.241;  481.825;  148.825;    0.000
251.309;  492.825;  201.825;    0.000
251.378;  544.825;  169.825;    0.000
251.446;  471.825;  178.825;    0.000
251.514;  490.825;  206.825;    0.000
251.583;  527.825;  178.825;    0.000
251.651;  475.825;  168.825;    0.000
251.720;  509.825;  190.825;    0.000
251.788;  530.825;  209.825;    0.000
251.856;  490.825;  173.825;    0.000
251.925;  528.825;  171.825;    0.000
251.993;  520.825;  188.825;    0.000
252.062;  495.825;  169.825;    0.000
252.130;  550.825;  196.825;    0.000
252.198;  498.825;  210.825;    0.000
252.267;  495.825;  181.825;    0.000
252.335;  517.825;  164.825;    0.000
252.403;  452.825;  152.825;    0.000
252.472;  454.825;  166.825;    0.000
252.540;  480.825;  189.825;    0.000
252.608;  520.825;  198.825;    0.000
252.677;  493.825;  156.825;    0.000
252.745;  547.825;  184.825;    0.000
252.813;  488.825;  163.825;    0.000
252.881;  459.825;  130.825;    0.000
252.950;  467.825;  189.825;    0.000
253.018;  431.825;  164.825;    0.000
253.086;  422.825;  172.825;    0.000
253.155;  449.825;  205.825;    0.000
253.223;  410.825;  175.825;    0.000
253.291;  432.825;  176.825;    0.000
253.359;  452.825;  182.825;    0.000
253.428;  440.825;  222.825;    0.000
253.496;  415.825;  166.825;    0.000
253.564;  412.825;  135.825;    0.000
253.632;  423.825;  184.825;    0.000
253.700;  367.825;  173.825;    0.000
253.769;  393.825;  163.825;    0.000
253.837;  414.825;  179.825;    0.000
253.905;  367.825;  157.825;    0.000
253.973;  448.825;  164.825;    0.000
254.041;  396.825;  170.825;    0.000
254.110;  401.825;  169.825;    0.000
254.178;  350.825;  165.825;    0.000
254.246;  398.825;  126.825;    0.000
254.314;  381.825;  166.825;    0.000
254.382;  411.825;  169.825;    0.000
254.450;  401.825;  170.825;    0.000
254.518;  378.825;  196.825;    0.000
254.587;  364.825;  161.825;    0.000
254.655;  415.825;  187.825;    0.000
254.723;  372.825;  144.825;    0.000
254.791;  427.825;  175.825;    0.000
254.859;  404.825;  168.825;    0.000
254.927;  431.825;  198.825;    0.000
254.995;  398.825;  165.825;    0.000
255.063;  417.825;  150.825;    0.000
255.131;  370.825;  181.825;    0.000
255.199;  405.825;  160.825;    0.000
255.267;  364.825;  131.825;    0.000
255.336;  424.825;  188.825;    0.000
255.404;  409.825;  163.825;    0.000
255.472;  396.825;  192.825;    0.000
255.540;  419.825;  158.825;    0.000
255.608;  447.825;  147.825;    0.000
255.676;  407.825;  166.825;    0.000
255.744;  423.825;  159.825;    0.000
255.812;  425.825;  164.825;    0.000
255.880;  432.825;  195.825;    0.000
255.948;  434.825;  167.825;    0.000
256.016;  426.825;  185.825;    0.000
256.084;  466.825;  191.825;    0.000
256.152;  419.825;  214.825;    0.000
256.220;  415.825;  195.825;    0.000
256.288;  438.825;  185.825;    0.000
256.356;  442.825;  168.825;    0.000
256.424;  434.825;  161.825;    0.000
256.491;  440.825;  161.825;    0.000
256.559;  424.825;  157.825;    0.000
256.627;  452.825;  164.825;    0.000
256.695;  406.825;  146.825;    0.000
256.763;  440.825;  194.825;    0.000
256.831;  423.825;  182.825;    0.000
256.899;  489.825;  192.825;    0.000
256.967;  421.825;  172.825;    0.000
257.035;  486.825;  169.825;    0.000
257.103;  467.825;  223.825;    0.000
257.171;  446.825;  141.825;    0.000
257.238;  449.825;  146.825;    0.000
257.306;  455.825;  180.825;    0.000
257.374;  450.825;  138.825;    0.000
257.442;  480.825;  135.825;    0.000
257.510;  538.825;  130.825;    0.000
257.578;  475.825;  123.825;    0.000
257.646;  480.825;  162.825;    0.000
257.713;  444.825;  149.825;    0.000
257.781;  481.825;  125.825;    0.000
257.849;  536.825;  149.825;    0.000
257.917;  472.825;  177.825;    0.000
257.985;  539.825;  143.825;    0.000
258.052;  511.825;  154.825;    0.000
258.120;  547.825;  162.825;    0.000
258.188;  507.825;  172.825;    0.000
258.256;  501.825;  160.825;    0.000
258.324;  566.825;  209.825;    0.000
258.391;  522.825;  153.825;    0.000
258.459;  524.825;  133.825;    0.000
258.527;  552.825;  160.825;    0.000
258.595;  563.825;  128.825;    0.000
258.662;  498.825;  114.825;    0.000
258.730;  606.825;  192.825;    0.000
258.798;  521.825;  144.825;    0.000
258.865;  613.825;  140.825;    0.000
258.933;  568.825;  150.825;    0.000
259.001;  640.825;  149.825;    0.000
259.069;  552.825;  110.825;    0.000
259.136;  609.825;  150.825;    0.000
259.204;  587.825;  156.825;    0.000
259.272;  675.825;  185.825;    0.000
259.339;  665.825;  148.825;    0.000
259.407;  617.825;  163.825;    0.000
259.475;  619.825;  129.825;    0.000
259.542;  606.825;  144.825;    0.000
259.610;  582.825;  164.825;    0.000
259.677;  637.825;  188.825;    0.000
259.745;  623.825;  113.825;    0.000
259.813;  732.825;  188.825;    0.000
259.880;  656.825;  174.825;    0.000
259.948;  672.825;  166.825;    0.000
260.016;  647.825;  150.825;    0.000
260.083;  656.825;  178.825;    0.000
260.151;  643.825;  120.825;    0.000
260.218;  639.825;  175.825;    0.000
260.286;  691.825;  155.825;    0.000
260.353;  698.825;  165.825;    0.000
260.421;  667.825;  169.825;    0.000
260.489;  752.825;  194.825;    0.000
260.556;  736.825;  161.825;    0.000
260.624;  748.825;  179.825;    0.000
260.691;  706.825;  174.825;    0.000
260.759;  746.825;  164.825;    0.000
260.826;  669.825;  125.825;    0.000
260.894;  751.825;  164.825;    0.000
260.961;  761.825;  147.825;    0.000
261.029;  754.825;  167.825;    0.000
261.096;  834.825;  136.825;    0.000
261.164;  771.825;  146.825;    0.000
261.231;  760.825;  190.825;    0.000
261.299;  767.825;  171.825;    0.000
261.366;  784.825;  165.825;    0.000
261.434;  794.825;  160.825;    0.000
261.501;  746.825;  149.825;    0.000
261.568;  797.825;  155.825;    0.000
261.636;  810.825;  137.825;    0.000
261.703;  825.825;  186.825;    0.000
261.771;  850.825;  162.825;    0.000
261.838;  832.825;  190.825;    0.000
261.906;  769.825;  133.825;    0.000
261.973;  838.825;  202.825;    0.000
262.040;  883.825;  179.825;    0.000
262.108;  870.825;  161.825;    0.000
262.175;  823.825;  155.825;    0.000
262.243;  903.825;  158.825;    0.000
262.310;  844.825;  129.825;    0.000
262.377;  892.825;  157.825;    0.000
262.445;  922.825;  132.825;    0.000
262.512;  934.825;  161.825;    0.000
262.579;  892.825;  151.825;    0.000
262.647;  915.825;  174.825;    0.000
262.714;  951.825;  174.825;    0.000
262.781;  896.825;  164.825;    0.000
262.849;  882.825;  168.825;    0.000
262.916;  907.825;  153.825;    0.000
262.983;  936.825;  201.825;    0.000
263.051;  940.825;  117.825;    0.000
263.118;  945.825;  150.825;    0.000
263.185;  946.825;  172.825;    0.000
263.252;  922.825;  154.825;    0.000
263.320;  923.825;  152.825;    0.000
263.387;  881.825;  136.825;    0.000
263.454;  937.825;  167.825;    0.000
263.522;  942.825;  122.825;    0.000
263.589;  926.825;  147.825;    0.000
263.656;  968.825;  130.825;    0.000
263.723;  945.825;  182.825;    0.000
263.790; 1003.825;  163.825;    0.000
263.858;  990.825;  161.825;    0.000
263.925; 1036.825;  153.825;    0.000
263.992;  947.825;  139.825;    0.000
264.059; 1033.825;  141.825;    0.000
264.126; 1016.825;  153.825;    0.000
264.194; 1056.825;  144.825;    0.000
264.261; 1041.825;  188.825;    0.000
264.328; 1036.825;  161.825;    0.000
264.395; 1081.825;  184.825;    0.000
264.462; 1141.825;  162.825;    0.000
264.529; 1023.825;  178.825;    0.000
264.597; 1111.825;  160.825;    0.000
264.664; 1127.825;  158.825;    0.000
264.731;  983.825;  176.825;    0.000
264.798; 1063.825;  137.825;    0.000
264.865; 1086.825;  175.825;    0.000
264.932; 1130.825;  162.825;    0.000
264.999; 1068.825;  153.825;    0.000
265.066; 1114.825;  168.825;    0.000
265.133; 1128.825;  142.825;    0.000
265.201; 1150.825;  163.825;    0.000
265.268; 1132.825;  143.825;    0.000
265.335; 1111.825;  156.825;    0.000
265.402; 1132.825;  136.825;    0.000
265.469; 1077.825;  127.825;    0.000
265.536; 1174.825;  159.825;    0.000
265.603; 1201.825;  191.825;    0.000
265.670; 1158.825;  136.825;    0.000
265.737; 1173.825;  186.825;    0.000
265.804; 1197.825;  147.825;    0.000
265.871; 1160.825;  147.825;    0.000
265.938; 1169.825;  153.825;    0.000
266.005; 1202.825;  172.825;    0.000
266.072; 1155.825;  151.825;    0.000
266.139; 1191.825;  175.825;    0.000
266.206; 1197.825;  165.825;    0.000
266.273; 1241.825;  162.825;    0.000
266.340; 1216.825;  150.825;    0.000
266.407; 1204.825;  169.825;    0.000
266.474; 1162.825;  151.825;    0.000
266.541; 1277.825;  164.825;    0.000
266.608; 1223.825;  111.825;    0.000
266.675; 1247.825;  173.825;    0.000
266.742; 1207.825;  148.825;    0.000
266.808; 1210.825;  185.825;    0.000
266.875; 1211.825;  188.825;    0.000
266.942; 1228.825;  131.825;    0.000
267.009; 1228.825;  184.825;    0.000
267.076; 1260.825;  200.825;    0.000
267.143; 1258.825;  216.825;    0.000
267.210; 1266.825;  138.825;    0.000
267.277; 1273.825;  143.825;    0.000
267.344; 1283.825;  172.825;    0.000
267.410; 1309.825;  172.825;    0.000
267.477; 1246.825;  160.825;    0.000
267.544; 1298.825;  175.825;    0.000
267.611; 1275.825;  189.825;    0.000
267.678; 1230.825;  162.825;    0.000
267.745; 1327.825;  206.825;    0.000
267.811; 1294.825;  146.825;    0.000
267.878; 1344.825;  147.825;    0.000
267.945; 1254.825;  170.825;    0.000
268.012; 1328.825;  153.825;    0.000
268.079; 1346.825;  185.825;    0.000
268.145; 1276.825;  197.825;    0.000
268.212; 1275.825;  167.825;    0.000
268.279; 1264.825;  145.825;    0.000
268.346; 1269.825;  182.825;    0.000
268.412; 1246.825;  144.825;    0.000
268.479; 1259.825;  186.825;    0.000
268.546; 1226.825;  147.825;    0.000
268.613; 1387.825;  188.825;    0.000
268.679; 1391.825;  173.825;    0.000
268.746; 1336.825;  204.825;    0.000
268.813; 1272.825;  199.825;    0.000
268.879; 1290.825;  157.825;    0.000
268.946; 1298.825;  192.825;    0.000
269.013; 1272.825;  136.825;    0.000
269.079; 1331.825;  166.825;    0.000
269.146; 1293.825;  129.825;    0.000
269.213; 1264.825;  178.825;    0.000
269.280; 1296.825;  148.825;    0.000
269.346; 1303.825;  194.825;    0.000
269.413; 1268.825;  135.825;    0.000
269.479; 1363.825;  180.825;    0.000
269.546; 1315.825;  169.825;    0.000
269.613; 1291.825;  160.825;    0.000
269.679; 1366.825;  161.825;    0.000
269.746; 1299.825;  143.825;    0.000
269.813; 1272.825;  172.825;    0.000
269.879; 1252.825;  152.825;    0.000
269.946; 1330.825;  156.825;    0.000
270.012; 1358.825;  190.825;    0.000
270.079; 1236.825;  143.825;    0.000
270.145; 1257.825;  148.825;    0.000
270.212; 1319.825;  176.825;    0.000
270.279; 1290.825;  168.825;    0.000
270.345; 1280.825;  143.825;    0.000
270.412; 1267.825;  155.825;    0.000
270.478; 1269.825;  176.825;    0.000
270.545; 1248.825;  112.825;    0.000
270.611; 1290.825;  186.825;    0.000
270.678; 1273.825;  141.825;    0.000
270.744; 1302.825;  145.825;    0.000
270.811; 1307.825;  120.825;    0.000
270.877; 1229.825;  118.825;    0.000
270.944; 1314.825;  135.825;    0.000
271.010; 1337.825;  128.825;    0.000
271.077; 1318.825;  176.825;    0.000
271.143; 1312.825;  162.825;    0.000
271.210; 1281.825;  133.825;    0.000
271.276; 1282.825;  107.825;    0.000
271.342; 1239.825;  202.825;    0.000
271.409; 1308.825;  160.825;    0.000
271.475; 1295.825;  165.825;    0.000
271.542; 1253.825;  152.825;    0.000
271.608; 1302.825;  163.825;    0.000
271.675; 1264.825;  149.825;    0.000
271.741; 1339.825;  164.825;    0.000
271.807; 1264.825;  128.825;    0.000
271.874; 1329.825;  148.825;    0.000
271.940; 1390.825;  179.825;    0.000
272.007; 1293.825;  148.825;    0.000
272.073; 1280.825;  146.825;    0.000
272.139; 1353.825;  166.825;    0.000
272.206; 1327.825;  198.825;    0.000
272.272; 1400.825;  201.825;    0.000
272.338; 1325.825;  208.825;    0.000
272.405; 1285.825;  181.825;    0.000
272.471; 1311.825;  167.825;    0.000
272.537; 1346.825;  189.825;    0.000
272.604; 1223.825;  162.825;    0.000
272.670; 1309.825;  194.825;    0.000
272.736; 1293.825;  176.825;    0.000
272.802; 1342.825;  163.825;    0.000
272.869; 1296.825;  170.825;    0.000
272.935; 1300.825;  145.825;    0.000
273.001; 1335.825;  149.825;    0.000
273.068; 1327.825;  172.825;    0.000
273.134; 1298.825;  155.825;    0.000
273.200; 1391.825;  183.825;    0.000
273.266; 1279.825;  160.825;    0.000
273.333; 1356.825;  190.825;    0.000
273.399; 1296.825;  132.825;    0.000
273.465; 1232.825;  179.825;    0.000
273.531; 1284.825;  161.825;    0.000
273.597; 1390.825;  194.825;    0.000
273.664; 1383.825;  193.825;    0.000
273.730; 1289.825;  180.825;    0.000
273.796; 1305.825;  145.825;    0.000
273.862; 1443.825;  176.825;    0.000
273.928; 1390.825;  169.825;    0.000
273.995; 1462.825;  202.825;    0.000
274.061; 1387.825;  176.825;    0.000
274.127; 1367.825;  178.825;    0.000
274.193; 1378.825;  106.825;    0.000
274.259; 1416.825;  186.825;    0.000
274.325; 1428.825;  163.825;    0.000
274.391; 1396.825;  162.825;    0.000
274.457; 1436.825;  145.825;    0.000
274.524; 1466.825;  189.825;    0.000
274.590; 1419.825;  161.825;    0.000
274.656; 1465.825;  157.825;    0.000
274.722; 1425.825;  143.825;    0.000
274.788; 1507.825;  166.825;    0.000
274.854; 1510.825;  200.825;    0.000
274.920; 1614.825;  132.825;    0.000
274.986; 1473.825;  184.825;    0.000
275.052; 1515.825;  169.825;    0.000
275.118; 1494.825;  153.825;    0.000
275.184; 1396.825;  182.825;    0.000
275.250; 1590.825;  124.825;    0.000
275.316; 1581.825;  154.825;    0.000
275.382; 1586.825;  150.825;    0.000
275.448; 1638.825;  180.825;    0.000
275.514; 1649.825;  143.825;    0.000
275.580; 1640.825;  120.825;    0.000
275.646; 1549.825;  127.825;    0.000
275.712; 1690.825;  109.825;    0.000
275.778; 1642.825;  126.825;    0.000
275.844; 1691.825;  155.825;    0.000
275.910; 1701.825;  164.825;    0.000
275.976; 1703.825;  161.825;    0.000
276.042; 1682.825;  152.825;    0.000
276.108; 1756.825;  159.825;    0.000
276.174; 1766.825;  149.825;    0.000
276.240; 1721.825;  112.825;    0.000
276.306; 1770.825;  142.825;    0.000
276.372; 1826.825;  136.825;    0.000
276.437; 1815.825;  141.825;    0.000
276.503; 1876.825;  150.825;    0.000
276.569; 1961.825;  178.825;    0.000
276.635; 1968.825;  117.825;    0.000
276.701; 2064.825;  174.825;    0.000
276.767; 2034.825;  136.825;    0.000
276.833; 2003.825;  119.825;    0.000
276.899; 2141.825;  171.825;    0.000
276.964; 2117.825;  146.825;    0.000
277.030; 2263.825;  157.825;    0.000
277.096; 2186.825;  124.825;    0.000
277.162; 2382.825;  185.825;    0.000
277.228; 2343.825;  125.825;    0.000
277.293; 2387.825;  159.825;    0.000
277.359; 2682.825;  186.825;    0.000
277.425; 2744.825;  176.825;    0.000
277.491; 2872.825;  140.825;    0.000
277.557; 3328.825;  172.825;    0.000
277.622; 4616.825;  187.825;    0.000
277.688; 4618.825;  203.825;    0.000
277.754; 4675.825;  170.825;    0.000
277.820; 5217.825;  142.825;    0.000
277.885; 5979.825;  182.825;    0.000
277.951; 7487.825;  171.825;    0.000
278.017; 6430.825;  173.825;    0.000
278.083; 5690.825;  151.825;    0.000
278.148; 5485.825;  159.825;    0.000
278.214; 5606.825;  173.825;    0.000
278.280; 5926.825;  137.825;    0.000
278.345; 5440.825;  190.825;    0.000
278.411; 4998.825;  149.825;    0.000
278.477; 5169.825;  157.825;    0.000
278.542; 5442.825;  136.825;    0.000
278.608; 6018.825;  144.825;    0.000
278.674; 6653.825;  215.825;    0.000
278.739; 7496.825;  148.825;    0.000
278.805; 8241.825;  152.825;    0.000
278.871; 9838.825;  170.825;    0.000
278.936;12306.825;  180.825;    0.000
279.002;18063.824;  177.825;    0.000
279.067;23461.824;  172.825;    0.000
279.133;22471.824;  160.825;    0.000
279.199;20538.824;  165.825;    0.000
279.264;21688.824;  130.825;    0.000
279.330;24972.824;  154.825;    0.000
279.395;31389.824;  170.825;    0.000
279.461;38630.824;  136.825;    0.000
279.527;42516.824;  174.825;    0.000
279.592;40847.824;  179.825;    0.000
279.658;35165.824;  187.825;    0.000
279.723;34601.824;  201.825;    0.000
279.789;35156.824;  194.825;    0.000
279.854;31633.824;  171.825;    0.000
279.920;26954.824;  183.825;    0.000
279.985;24643.824;  173.825;    0.000
280.051;25149.824;  194.825;    0.000
280.116;29121.824;  197.825;    0.000
280.182;37019.824;  171.825;    0.000
280.247;40826.824;  131.825;    0.000
280.313;36286.824;  166.825;    0.000
280.378;26967.824;  159.825;    0.000
280.444;20375.824;  190.825;    0.000
280.509;16378.825;  189.825;    0.000
280.574;13764.825;  171.825;    0.000
280.640;11760.825;  167.825;    0.000
280.705;10432.825;  129.825;    0.000
280.771; 9310.825;  193.825;    0.000
280.836; 8646.825;  172.825;    0.000
280.902; 7963.825;  189.825;    0.000
280.967; 7417.825;  143.825;    0.000
281.032; 6895.825;  182.825;    0.000
281.098; 6594.825;  172.825;    0.000
281.163; 6216.825;  184.825;    0.000
281.229; 5698.825;  210.825;    0.000
281.294; 5481.825;  223.825;    0.000
281.359; 5402.825;  197.825;    0.000
281.425; 5110.825;  192.825;    0.000
281.490; 5005.825;  162.825;    0.000
281.555; 4794.825;  193.825;    0.000
281.621; 4481.825;  141.825;    0.000
281.686; 4310.825;  166.825;    0.000
281.751; 4314.825;  204.825;    0.000
281.816; 4045.825;  159.825;    0.000
281.882; 3964.825;  146.825;    0.000
281.947; 3785.825;  176.825;    0.000
282.012; 3750.825;  139.825;    0.000
282.078; 3610.825;  186.825;    0.000
282.143; 3515.825;  151.825;    0.000
282.208; 3471.825;  213.825;    0.000
282.273; 3459.825;  160.825;    0.000
282.339; 3386.825;  175.825;    0.000
282.404; 3310.825;  157.825;    0.000
282.469; 3260.825;  185.825;    0.000
282.534; 3160.825;  166.825;    0.000
282.600; 3084.825;  168.825;    0.000
282.665; 3040.825;  167.825;    0.000
282.730; 2906.825;  148.825;    0.000
282.795; 2887.825;  186.825;    0.000
282.860; 2893.825;  161.825;    0.000
282.926; 2937.825;  178.825;    0.000
282.991; 2781.825;  139.825;    0.000
283.056; 2830.825;  158.825;    0.000
283.121; 2758.825;  191.825;    0.000
283.186; 2817.825;  182.825;    0.000
283.251; 2705.825;  181.825;    0.000
283.316; 2691.825;  187.825;    0.000
283.382; 2738.825;  175.825;    0.000
283.447; 2662.825;  183.825;    0.000
283.512; 2659.825;  175.825;    0.000
283.577; 2647.825;  180.825;    0.000
283.642; 2560.825;  193.825;    0.000
283.707; 2544.825;  145.825;    0.000
283.772; 2528.825;  143.825;    0.000
283.837; 2444.825;  143.825;    0.000
283.902; 2478.825;  150.825;    0.000
283.967; 2547.825;  166.825;    0.000
284.032; 2523.825;  126.825;    0.000
284.097; 2517.825;  201.825;    0.000
284.163; 2435.825;  133.825;    0.000
284.228; 2474.825;  193.825;    0.000
284.293; 2560.825;  157.825;    0.000
284.358; 2650.825;  185.825;    0.000
284.423; 2511.825;  142.825;    0.000
284.488; 2558.825;  192.825;    0.000
284.553; 2630.825;  146.825;    0.000
284.618; 2649.825;  154.825;    0.000
284.683; 2778.825;  172.825;    0.000
284.748; 2892.825;  195.825;    0.000
284.812; 3026.825;  190.825;    0.000
284.877; 3322.825;  169.825;    0.000
284.942; 3881.825;  195.825;    0.000
285.007; 4696.825;  204.825;    0.000
285.072; 6663.825;  189.825;    0.000
285.137;11250.825;  149.825;    0.000
285.202;14750.825;  164.825;    0.000
285.267;12125.825;  161.825;    0.000
285.332; 7987.825;  140.825;    0.000
285.397; 5654.825;  142.825;    0.000
285.462; 4674.825;  146.825;    0.000
285.527; 4006.825;  132.825;    0.000
285.591; 3629.825;  160.825;    0.000
285.656; 3304.825;  136.825;    0.000
285.721; 3004.825;  135.825;    0.000
285.786; 2936.825;  171.825;    0.000
285.851; 2664.825;  168.825;    0.000
285.916; 2627.825;  178.825;    0.000
285.981; 2573.825;  152.825;    0.000
286.045; 2515.825;  167.825;    0.000
286.110; 2445.825;  187.825;    0.000
286.175; 2463.825;  162.825;    0.000
286.240; 2398.825;  163.825;    0.000
286.305; 2369.825;  190.825;    0.000
286.369; 2264.825;  143.825;    0.000
286.434; 2231.825;  185.825;    0.000
286.499; 2248.825;  195.825;    0.000
286.564; 2342.825;  173.825;    0.000
286.628; 2211.825;  159.825;    0.000
286.693; 2259.825;  175.825;    0.000
286.758; 2236.825;  170.825;    0.000
286.823; 2173.825;  129.825;    0.000
286.887; 2178.825;  172.825;    0.000
286.952; 2160.825;  163.825;    0.000
287.017; 2306.825;  217.825;    0.000
287.082; 2183.825;  165.825;    0.000
287.146; 2163.825;  176.825;    0.000
287.211; 2140.825;  192.825;    0.000
287.276; 2109.825;  147.825;    0.000
287.340; 2182.825;  162.825;    0.000
287.405; 2172.825;  196.825;    0.000
287.470; 2126.825;  148.825;    0.000
287.534; 2143.825;  166.825;    0.000
287.599; 2163.825;  193.825;    0.000
287.663; 2120.825;  191.825;    0.000
287.728; 2121.825;  146.825;    0.000
287.793; 2082.825;  234.825;    0.000
287.857; 2180.825;  177.825;    0.000
287.922; 2128.825;  166.825;    0.000
287.987; 2115.825;  169.825;    0.000
288.051; 2017.825;  169.825;    0.000
288.116; 2214.825;  187.825;    0.000
288.180; 2079.825;  200.825;    0.000
288.245; 2115.825;  201.825;    0.000
288.309; 2068.825;  176.825;    0.000
288.374; 2037.825;  162.825;    0.000
288.439; 2014.825;  195.825;    0.000
288.503; 2060.825;  162.825;    0.000
288.568; 2006.825;  228.825;    0.000
288.632; 2107.825;  194.825;    0.000
288.697; 2039.825;  173.825;    0.000
288.761; 2068.825;  153.825;    0.000
288.826; 1997.825;  151.825;    0.000
288.890; 2034.825;  208.825;    0.000
288.955; 2008.825;  159.825;    0.000
289.019; 2046.825;  198.825;    0.000
289.084; 2003.825;  152.825;    0.000
289.148; 2047.825;  171.825;    0.000
289.212; 2036.825;  184.825;    0.000
289.277; 2049.825;  165.825;    0.000
289.341; 2012.825;  207.825;    0.000
289.406; 2016.825;  156.825;    0.000
289.470; 2008.825;  191.825;    0.000
289.535; 2083.825;  222.825;    0.000
289.599; 2041.825;  214.825;    0.000
289.663; 1963.825;  183.825;    0.000
289.728; 1955.825;  192.825;    0.000
289.792; 2071.825;  197.825;    0.000
289.857; 2044.825;  221.825;    0.000
289.921; 1981.825;  177.825;    0.000
289.985; 1954.825;  177.825;    0.000
290.050; 2032.825;  178.825;    0.000
290.114; 1978.825;  112.825;    0.000
290.178; 2023.825;  170.825;    0.000
290.243; 2007.825;  162.825;    0.000
290.307; 2012.825;  178.825;    0.000
290.371; 1993.825;  141.825;    0.000
290.436; 1962.825;  178.825;    0.000
290.500; 1984.825;  135.825;    0.000
290.564; 2050.825;  199.825;    0.000
290.629; 2011.825;  165.825;    0.000
290.693; 1951.825;  154.825;    0.000
290.757; 2014.825;  159.825;    0.000
290.821; 2041.825;  179.825;    0.000
290.886; 2004.825;  141.825;    0.000
290.950; 1970.825;  166.825;    0.000
291.014; 2020.825;  169.825;    0.000
291.078; 2062.825;  191.825;    0.000
291.143; 2045.825;  169.825;    0.000
291.207; 2071.825;  164.825;    0.000
291.271; 2034.825;  193.825;    0.000
291.335; 2095.825;  150.825;    0.000
291.399; 2192.825;  175.825;    0.000
291.464; 2225.825;  128.825;    0.000
291.528; 2366.825;  162.825;    0.000
291.592; 2328.825;  152.825;    0.000
291.656; 2302.825;  175.825;    0.000
291.720; 2211.825;  173.825;    0.000
291.784; 2211.825;  192.825;    0.000
291.849; 2184.825;  159.825;    0.000
291.913; 2237.825;  174.825;    0.000
291.977; 2142.825;  177.825;    0.000
292.041; 2156.825;  188.825;    0.000
292.105; 2250.825;  174.825;    0.000
292.169; 2277.825;  143.825;    0.000
292.233; 2291.825;  149.825;    0.000
292.297; 2218.825;  176.825;    0.000
292.361; 2373.825;  178.825;    0.000
292.425; 2420.825;  153.825;    0.000
292.490; 2483.825;  185.825;    0.000
292.554; 2610.825;  144.825;    0.000
292.618; 2794.825;  166.825;    0.000
292.682; 2905.825;  181.825;    0.000
292.746; 3419.825;  152.825;    0.000
292.810; 4746.825;  208.825;    0.000
292.874; 5978.825;  142.825;    0.000
292.938; 5844.825;  195.825;    0.000
293.002; 5105.825;  156.825;    0.000
293.066; 4678.825;  108.825;    0.000
293.130; 4304.825;  136.825;    0.000
293.194; 3962.825;  135.825;    0.000
293.258; 3955.825;  187.825;    0.000
293.322; 3815.825;  148.825;    0.000
293.386; 3872.825;  186.825;    0.000
293.450; 4253.825;  196.825;    0.000
293.514; 4842.825;  175.825;    0.000
293.577; 6454.825;  137.825;    0.000
293.641; 8774.825;  142.825;    0.000
293.705; 9385.825;  201.825;    0.000
293.769; 8193.825;  150.825;    0.000
293.833; 6894.825;  147.825;    0.000
293.897; 6132.825;  170.825;    0.000
293.961; 5466.825;  121.825;    0.000
294.025; 4907.825;  172.825;    0.000
294.089; 4515.825;  167.825;    0.000
294.152; 4164.825;  167.825;    0.000
294.216; 3797.825;  165.825;    0.000
294.280; 3786.825;  168.825;    0.000
294.344; 3470.825;  160.825;    0.000
294.408; 3282.825;  187.825;    0.000
294.472; 3069.825;  141.825;    0.000
294.536; 3161.825;  184.825;    0.000
294.599; 3022.825;  176.825;    0.000
294.663; 2816.825;  120.825;    0.000
294.727; 2774.825;  159.825;    0.000
294.791; 2615.825;  190.825;    0.000
294.855; 2727.825;  148.825;    0.000
294.918; 2636.825;  160.825;    0.000
294.982; 2447.825;  156.825;    0.000
295.046; 2502.825;  177.825;    0.000
295.110; 2410.825;  149.825;    0.000
295.173; 2426.825;  156.825;    0.000
295.237; 2309.825;  174.825;    0.000
295.301; 2248.825;  152.825;    0.000
295.364; 2362.825;  204.825;    0.000
295.428; 2248.825;  196.825;    0.000
295.492; 2190.825;  178.825;    0.000
295.556; 2279.825;  161.825;    0.000
295.619; 2187.825;  178.825;    0.000
295.683; 2144.825;  152.825;    0.000
295.747; 2131.825;  148.825;    0.000
295.810; 2138.825;  177.825;    0.000
295.874; 2170.825;  146.825;    0.000
295.938; 2106.825;  115.825;    0.000
296.001; 2045.825;  172.825;    0.000
296.065; 2144.825;  146.825;    0.000
296.128; 2046.825;  164.825;    0.000
296.192; 2088.825;  137.825;    0.000
296.256; 2030.825;  143.825;    0.000
296.319; 2051.825;  156.825;    0.000
296.383; 1981.825;  165.825;    0.000
296.447; 1880.825;  170.825;    0.000
296.510; 1987.825;  174.825;    0.000
296.574; 1924.825;  127.825;    0.000
296.637; 2006.825;  132.825;    0.000
296.701; 1943.825;  206.825;    0.000
296.764; 1937.825;  179.825;    0.000
296.828; 1988.825;  213.825;    0.000
296.891; 1939.825;  149.825;    0.000
296.955; 1892.825;  170.825;    0.000
297.018; 1926.825;  185.825;    0.000
297.082; 1915.825;  205.825;    0.000
297.145; 1945.825;  154.825;    0.000
297.209; 1904.825;  200.825;    0.000
297.272; 1915.825;  157.825;    0.000
297.336; 1872.825;  164.825;    0.000
297.399; 1854.825;  166.825;    0.000
297.463; 1835.825;  195.825;    0.000
297.526; 1801.825;  176.825;    0.000
297.590; 1908.825;  198.825;    0.000
297.653; 1815.825;  146.825;    0.000
297.717; 1860.825;  175.825;    0.000
297.780; 1856.825;  139.825;    0.000
297.843; 1791.825;  174.825;    0.000
297.907; 1889.825;  149.825;    0.000
297.970; 1772.825;  161.825;    0.000
298.034; 1759.825;  185.825;    0.000
298.097; 1837.825;  167.825;    0.000
298.160; 1832.825;  195.825;    0.000
298.224; 1763.825;  178.825;    0.000
298.287; 1773.825;  164.825;    0.000
298.350; 1848.825;  194.825;    0.000
298.414; 1795.825;  191.825;    0.000
298.477; 1721.825;  155.825;    0.000
298.540; 1808.825;  139.825;    0.000
298.604; 1863.825;  198.825;    0.000
298.667; 1721.825;  183.825;    0.000
298.730; 1792.825;  185.825;    0.000
298.794; 1723.825;  153.825;    0.000
298.857; 1761.825;  169.825;    0.000
298.920; 1668.825;  159.825;    0.000
298.984; 1783.825;  179.825;    0.000
299.047; 1705.825;  174.825;    0.000
299.110; 1740.825;  144.825;    0.000
299.173; 1741.825;  190.825;    0.000
299.237; 1729.825;  163.825;    0.000
299.300; 1700.825;  153.825;    0.000
299.363; 1733.825;  145.825;    0.000
299.426; 1625.825;  160.825;    0.000
299.489; 1693.825;  173.825;    0.000
299.553; 1705.825;  209.825;    0.000
299.616; 1645.825;  172.825;    0.000
299.679; 1633.825;  204.825;    0.000
299.742; 1649.825;  162.825;    0.000
299.805; 1637.825;  198.825;    0.000
299.868; 1673.825;  176.825;    0.000
299.932; 1657.825;  166.825;    0.000
299.995; 1705.825;  162.825;    0.000
300.058; 1681.825;  175.825;    0.000
300.121; 1609.825;  197.825;    0.000
300.184; 1709.825;  188.825;    0.000
300.247; 1641.825;  181.825;    0.000
300.310; 1661.825;  161.825;    0.000
300.374; 1657.825;  201.825;    0.000
300.437; 1621.825;  156.825;    0.000
300.500; 1709.825;  180.825;    0.000
300.563; 1691.825;  174.825;    0.000
300.626; 1585.825;  206.825;    0.000
300.689; 1625.825;  218.825;    0.000
300.752; 1593.825;  192.825;    0.000
300.815; 1681.825;  172.825;    0.000
300.878; 1648.825;  207.825;    0.000
300.941; 1621.825;  163.825;    0.000
301.004; 1609.825;  171.825;    0.000
301.067; 1685.825;  198.825;    0.000
301.130; 1657.825;  156.825;    0.000
301.193; 1709.825;  173.825;    0.000
301.256; 1625.825;  167.825;    0.000
301.319; 1593.825;  211.825;    0.000
301.382; 1641.825;  167.825;    0.000
301.445; 1609.825;  224.825;    0.000
301.508; 1629.825;  168.825;    0.000
301.571; 1557.825;  161.825;    0.000
301.634; 1617.825;  177.825;    0.000
301.697; 1609.825;  203.825;    0.000
301.760; 1689.825;  190.825;    0.000
301.823; 1677.825;  182.825;    0.000
301.885; 1685.825;  202.825;    0.000
301.948; 1615.825;  200.825;    0.000
302.011; 1665.825;  157.825;    0.000
302.074; 1709.825;  205.825;    0.000
302.137; 1563.825;  149.825;    0.000
302.200; 1557.825;  201.825;    0.000
302.263; 1648.825;  178.825;    0.000
302.326; 1589.825;  184.825;    0.000
302.388; 1621.825;  176.825;    0.000
302.451; 1528.825;  146.825;    0.000
302.514; 1509.825;  192.825;    0.000
302.577; 1565.825;  181.825;    0.000
302.640; 1553.825;  186.825;    0.000
302.703; 1545.825;  164.825;    0.000
302.765; 1529.825;  197.825;    0.000
302.828; 1649.825;  208.825;    0.000
302.891; 1657.825;  168.825;    0.000
302.954; 1537.825;  177.825;    0.000
303.016; 1605.825;  190.825;    0.000
303.079; 1581.825;  216.825;    0.000
303.142; 1605.825;  228.825;    0.000
303.205; 1649.825;  192.825;    0.000
303.267; 1605.825;  182.825;    0.000
303.330; 1535.825;  201.825;    0.000
303.393; 1589.825;  196.825;    0.000
303.456; 1589.825;  184.825;    0.000
303.518; 1537.825;  194.825;    0.000
303.581; 1545.825;  195.825;    0.000
303.644; 1520.825;  184.825;    0.000
303.706; 1567.825;  150.825;    0.000
303.769; 1585.825;  182.825;    0.000
303.832; 1613.825;  143.825;    0.000
303.894; 1625.825;  207.825;    0.000
303.957; 1605.825;  178.825;    0.000
304.020; 1540.825;  203.825;    0.000
304.082; 1553.825;  175.825;    0.000
304.145; 1573.825;  171.825;    0.000
304.207; 1513.825;  157.825;    0.000
304.270; 1565.825;  195.825;    0.000
304.333; 1589.825;  195.825;    0.000
304.395; 1609.825;  197.825;    0.000
304.458; 1569.825;  231.825;    0.000
304.520; 1565.825;  218.825;    0.000
304.583; 1649.825;  177.825;    0.000
304.646; 1501.825;  177.825;    0.000
304.708; 1635.825;  178.825;    0.000
304.771; 1529.825;  143.825;    0.000
304.833; 1605.825;  241.825;    0.000
304.896; 1571.825;  200.825;    0.000
304.958; 1577.825;  176.825;    0.000
305.021; 1568.825;  159.825;    0.000
305.083; 1559.825;  159.825;    0.000
305.146; 1561.825;  190.825;    0.000
305.208; 1500.825;  152.825;    0.000
305.271; 1655.825;  162.825;    0.000
305.333; 1597.825;  219.825;    0.000
305.396; 1588.825;  163.825;    0.000
305.458; 1561.825;  215.825;    0.000
305.520; 1585.825;  174.825;    0.000
305.583; 1604.825;  161.825;    0.000
305.645; 1601.825;  203.825;    0.000
305.708; 1541.825;  163.825;    0.000
305.770; 1605.825;  215.825;    0.000
305.833; 1545.825;  207.825;    0.000
305.895; 1569.825;  166.825;    0.000
305.957; 1581.825;  175.825;    0.000
306.020; 1505.825;  169.825;    0.000
306.082; 1607.825;  203.825;    0.000
306.144; 1573.825;  181.825;    0.000
306.207; 1589.825;  199.825;    0.000
306.269; 1581.825;  177.825;    0.000
306.331; 1545.825;  160.825;    0.000
306.394; 1504.825;  193.825;    0.000
306.456; 1621.825;  136.825;    0.000
306.518; 1701.825;  189.825;    0.000
306.581; 1557.825;  156.825;    0.000
306.643; 1613.825;  190.825;    0.000
306.705; 1569.825;  190.825;    0.000
306.768; 1621.825;  172.825;    0.000
306.830; 1547.825;  214.825;    0.000
306.892; 1609.825;  198.825;    0.000
306.954; 1629.825;  177.825;    0.000
307.017; 1661.825;  183.825;    0.000
307.079; 1589.825;  170.825;    0.000
307.141; 1604.825;  173.825;    0.000
307.203; 1665.825;  171.825;    0.000
307.266; 1601.825;  166.825;    0.000
307.328; 1609.825;  207.825;    0.000
307.390; 1741.825;  201.825;    0.000
307.452; 1643.825;  182.825;    0.000
307.514; 1689.825;  213.825;    0.000
307.577; 1661.825;  213.825;    0.000
307.639; 1655.825;  197.825;    0.000
307.701; 1673.825;  174.825;    0.000
307.763; 1648.825;  181.825;    0.000
307.825; 1709.825;  186.825;    0.000
307.887; 1721.825;  198.825;    0.000
307.949; 1644.825;  158.825;    0.000
308.012; 1729.825;  209.825;    0.000
308.074; 1677.825;  176.825;    0.000
308.136; 1701.825;  227.825;    0.000
308.198; 1635.825;  187.825;    0.000
308.260; 1737.825;  211.825;    0.000
308.322; 1681.825;  206.825;    0.000
308.384; 1703.825;  186.825;    0.000
308.446; 1725.825;  175.825;    0.000
308.508; 1684.825;  211.825;    0.000
308.570; 1741.825;  191.825;    0.000
308.632; 1705.825;  195.825;    0.000
308.694; 1652.825;  173.825;    0.000
308.756; 1725.825;  185.825;    0.000
308.818; 1667.825;  195.825;    0.000
308.880; 1705.825;  189.825;    0.000
308.942; 1837.825;  231.825;    0.000
309.004; 1849.825;  188.825;    0.000
309.066; 1873.825;  196.825;    0.000
309.128; 1888.825;  155.825;    0.000
309.190; 1971.825;  176.825;    0.000
309.252; 1997.825;  191.825;    0.000
309.314; 2101.825;  236.825;    0.000
309.376; 2053.825;  212.825;    0.000
309.438; 1953.825;  201.825;    0.000
309.500; 1924.825;  206.825;    0.000
309.562; 1955.825;  213.825;    0.000
309.624; 2093.825;  196.825;    0.000
309.686; 2257.825;  198.825;    0.000
309.747; 2225.825;  186.825;    0.000
309.809; 2061.825;  215.825;    0.000
309.871; 2024.825;  242.825;    0.000
309.933; 2035.825;  162.825;    0.000
309.995; 1881.825;  163.825;    0.000
310.057; 1901.825;  145.825;    0.000
310.119; 1913.825;  205.825;    0.000
310.180; 1839.825;  195.825;    0.000
310.242; 1832.825;  167.825;    0.000
310.304; 1821.825;  213.825;    0.000
310.366; 1843.825;  224.825;    0.000
310.428; 1741.825;  170.825;    0.000
310.489; 1848.825;  195.825;    0.000
310.551; 1807.825;  207.825;    0.000
310.613; 1853.825;  168.825;    0.000
310.675; 1844.825;  188.825;    0.000
310.737; 1775.825;  211.825;    0.000
310.798; 1809.825;  221.825;    0.000
310.860; 1772.825;  201.825;    0.000
310.922; 1767.825;  206.825;    0.000
310.983; 1757.825;  222.825;    0.000
311.045; 1800.825;  235.825;    0.000
311.107; 1735.825;  184.825;    0.000
311.169; 1805.825;  148.825;    0.000
311.230; 1832.825;  211.825;    0.000
311.292; 1831.825;  235.825;    0.000
311.354; 1773.825;  183.825;    0.000
311.415; 1808.825;  196.825;    0.000
311.477; 1799.825;  200.825;    0.000
311.539; 1759.825;  171.825;    0.000
311.600; 1760.825;  169.825;    0.000
311.662; 1841.825;  231.825;    0.000
311.724; 1829.825;  204.825;    0.000
311.785; 1796.825;  214.825;    0.000
311.847; 1752.825;  193.825;    0.000
311.908; 1757.825;  180.825;    0.000
311.970; 1837.825;  233.825;    0.000
312.032; 1841.825;  192.825;    0.000
312.093; 1781.825;  195.825;    0.000
312.155; 1805.825;  194.825;    0.000
312.216; 1773.825;  238.825;    0.000
312.278; 1705.825;  146.825;    0.000
312.339; 1765.825;  184.825;    0.000
312.401; 1885.825;  201.825;    0.000
312.462; 1685.825;  173.825;    0.000
312.524; 1805.825;  205.825;    0.000
312.585; 1729.825;  199.825;    0.000
312.647; 1769.825;  168.825;    0.000
312.708; 1721.825;  180.825;    0.000
312.770; 1737.825;  180.825;    0.000
312.831; 1745.825;  176.825;    0.000
312.893; 1743.825;  211.825;    0.000
312.954; 1805.825;  178.825;    0.000
313.016; 1775.825;  204.825;    0.000
313.077; 1811.825;  216.825;    0.000
313.139; 1805.825;  172.825;    0.000
313.200; 1788.825;  197.825;    0.000
313.261; 1789.825;  227.825;    0.000
313.323; 1744.825;  204.825;    0.000
313.384; 1716.825;  182.825;    0.000
313.446; 1821.825;  204.825;    0.000
313.507; 1733.825;  164.825;    0.000
313.568; 1721.825;  197.825;    0.000
313.630; 1761.825;  190.825;    0.000
313.691; 1729.825;  185.825;    0.000
313.752; 1801.825;  192.825;    0.000
313.814; 1741.825;  176.825;    0.000
313.875; 1721.825;  210.825;    0.000
313.936; 1761.825;  165.825;    0.000
313.998; 1849.825;  162.825;    0.000
314.059; 1769.825;  178.825;    0.000
314.120; 1757.825;  176.825;    0.000
314.182; 1789.825;  167.825;    0.000
314.243; 1791.825;  204.825;    0.000
314.304; 1801.825;  197.825;    0.000
314.365; 1831.825;  183.825;    0.000
314.427; 1761.825;  176.825;    0.000
314.488; 1729.825;  149.825;    0.000
314.549; 1770.825;  218.825;    0.000
314.610; 1707.825;  160.825;    0.000
314.672; 1752.825;  187.825;    0.000
314.733; 1781.825;  184.825;    0.000
314.794; 1745.825;  164.825;    0.000
314.855; 1756.825;  191.825;    0.000
314.917; 1744.825;  172.825;    0.000
314.978; 1701.825;  185.825;    0.000
315.039; 1777.825;  194.825;    0.000
315.100; 1841.825;  190.825;    0.000
315.161; 1745.825;  185.825;    0.000
315.222; 1789.825;  204.825;    0.000
315.283; 1757.825;  166.825;    0.000
315.345; 1761.825;  133.825;    0.000
315.406; 1745.825;  191.825;    0.000
315.467; 1749.825;  166.825;    0.000
315.528; 1761.825;  194.825;    0.000
315.589; 1751.825;  193.825;    0.000
315.650; 1765.825;  190.825;    0.000
315.711; 1815.825;  219.825;    0.000
315.772; 1743.825;  159.825;    0.000
315.833; 1813.825;  191.825;    0.000
315.894; 1784.825;  202.825;    0.000
315.955; 1799.825;  167.825;    0.000
316.016; 1824.825;  177.825;    0.000
316.078; 1770.825;  185.825;    0.000
316.139; 1779.825;  219.825;    0.000
316.200; 1741.825;  163.825;    0.000
316.261; 1732.825;  183.825;    0.000
316.322; 1801.825;  230.825;    0.000
316.383; 1768.825;  198.825;    0.000
316.444; 1716.825;  209.825;    0.000
316.504; 1773.825;  179.825;    0.000
316.565; 1813.825;  185.825;    0.000
316.626; 1765.825;  155.825;    0.000
316.687; 1737.825;  211.825;    0.000
316.748; 1749.825;  192.825;    0.000
316.809; 1793.825;  183.825;    0.000
316.870; 1677.825;  196.825;    0.000
316.931; 1815.825;  173.825;    0.000
316.992; 1841.825;  179.825;    0.000
317.053; 1759.825;  186.825;    0.000
317.114; 1769.825;  189.825;    0.000
317.175; 1781.825;  226.825;    0.000
317.235; 1794.825;  206.825;    0.000
317.296; 1721.825;  191.825;    0.000
317.357; 1776.825;  173.825;    0.000
317.418; 1743.825;  212.825;    0.000
317.479; 1741.825;  247.825;    0.000
317.540; 1840.825;  205.825;    0.000
317.601; 1747.825;  205.825;    0.000
317.661; 1779.825;  150.825;    0.000
317.722; 1832.825;  198.825;    0.000
317.783; 1729.825;  153.825;    0.000
317.844; 1761.825;  202.825;    0.000
317.904; 1692.825;  180.825;    0.000
317.965; 1812.825;  205.825;    0.000
318.026; 1765.825;  223.825;    0.000
318.087; 1773.825;  218.825;    0.000
318.148; 1789.825;  207.825;    0.000
318.208; 1781.825;  212.825;    0.000
318.269; 1751.825;  174.825;    0.000
318.330; 1773.825;  191.825;    0.000
318.390; 1791.825;  197.825;    0.000
318.451; 1743.825;  167.825;    0.000
318.512; 1773.825;  174.825;    0.000
318.572; 1768.825;  199.825;    0.000
318.633; 1837.825;  233.825;    0.000
318.694; 1804.825;  232.825;    0.000
318.754; 1760.825;  181.825;    0.000
318.815; 1729.825;  199.825;    0.000
318.876; 1797.825;  207.825;    0.000
318.936; 1741.825;  202.825;    0.000
318.997; 1723.825;  182.825;    0.000
319.058; 1713.825;  180.825;    0.000
319.118; 1779.825;  199.825;    0.000
319.179; 1691.825;  199.825;    0.000
319.239; 1769.825;  229.825;    0.000
319.300; 1816.825;  223.825;    0.000
319.361; 1761.825;  210.825;    0.000
319.421; 1808.825;  205.825;    0.000
319.482; 1732.825;  205.825;    0.000
319.542; 1701.825;  176.825;    0.000
319.603; 1731.825;  191.825;    0.000
319.663; 1757.825;  183.825;    0.000
319.724; 1699.825;  174.825;    0.000
319.784; 1705.825;  198.825;    0.000
319.845; 1709.825;  218.825;    0.000
319.905; 1702.825;  217.825;    0.000
319.966; 1679.825;  197.825;    0.000
320.026; 1832.825;  209.825;    0.000
320.087; 1709.825;  225.825;    0.000
320.147; 1685.825;  201.825;    0.000
320.208; 1728.825;  176.825;    0.000
320.268; 1668.825;  168.825;    0.000
320.329; 1819.825;  238.825;    0.000
320.389; 1681.825;  220.825;    0.000
320.449; 1747.825;  230.825;    0.000
320.510; 1801.825;  234.825;    0.000
320.570; 1693.825;  210.825;    0.000
320.631; 1750.825;  207.825;    0.000
320.691; 1687.825;  222.825;    0.000
320.751; 1680.825;  195.825;    0.000
320.812; 1757.825;  193.825;    0.000
320.872; 1753.825;  237.825;    0.000
320.932; 1774.825;  213.825;    0.000
320.993; 1672.825;  185.825;    0.000
321.053; 1751.825;  245.825;    0.000
321.113; 1715.825;  206.825;    0.000
321.174; 1753.825;  202.825;    0.000
321.234; 1804.825;  244.825;    0.000
321.294; 1743.825;  228.825;    0.000
321.355; 1728.825;  208.825;    0.000
321.415; 1738.825;  223.825;    0.000
321.475; 1755.825;  203.825;    0.000
321.535; 1673.825;  230.825;    0.000
321.596; 1696.825;  186.825;    0.000
321.656; 1835.825;  216.825;    0.000
321.716; 1712.825;  207.825;    0.000
321.776; 1734.825;  181.825;    0.000
321.837; 1779.825;  207.825;    0.000
321.897; 1737.825;  225.825;    0.000
321.957; 1680.825;  222.825;    0.000
322.017; 1799.825;  215.825;    0.000
322.077; 1848.825;  250.825;    0.000
322.138; 1842.825;  189.825;    0.000
322.198; 1783.825;  200.825;    0.000
322.258; 1835.825;  217.825;    0.000
322.318; 1748.825;  183.825;    0.000
322.378; 1831.825;  231.825;    0.000
322.438; 1792.825;  228.825;    0.000
322.499; 1660.825;  248.825;    0.000
322.559; 1726.825;  198.825;    0.000
322.619; 1665.825;  221.825;    0.000
322.679; 1768.825;  217.825;    0.000
322.739; 1755.825;  204.825;    0.000
322.799; 1785.825;  236.825;    0.000
322.859; 1760.825;  213.825;    0.000
322.919; 1691.825;  210.825;    0.000
322.979; 1753.825;  244.825;    0.000
323.039; 1744.825;  218.825;    0.000
323.099; 1731.825;  232.825;    0.000
323.159; 1729.825;  216.825;    0.000
323.219; 1748.825;  169.825;    0.000
323.279; 1703.825;  236.825;    0.000
323.339; 1757.825;  243.825;    0.000
323.399; 1768.825;  208.825;    0.000
323.459; 1803.825;  220.825;    0.000
323.519; 1769.825;  228.825;    0.000
323.579; 1746.825;  164.825;    0.000
323.639; 1843.825;  209.825;    0.000
323.699; 1733.825;  188.825;    0.000
323.759; 1770.825;  206.825;    0.000
323.819; 1773.825;  204.825;    0.000
323.879; 1792.825;  222.825;    0.000
323.939; 1712.825;  206.825;    0.000
323.999; 1705.825;  202.825;    0.000
324.059; 1716.825;  245.825;    0.000
324.119; 1765.825;  214.825;    0.000
324.178; 1741.825;  183.825;    0.000
324.238; 1697.825;  193.825;    0.000
324.298; 1737.825;  207.825;    0.000
324.358; 1713.825;  196.825;    0.000
324.418; 1733.825;  193.825;    0.000
324.478; 1697.825;  191.825;    0.000
324.538; 1761.825;  224.825;    0.000
324.597; 1733.825;  187.825;    0.000
324.657; 1681.825;  208.825;    0.000
324.717; 1689.825;  198.825;    0.000
324.777; 1709.825;  159.825;    0.000
324.837; 1725.825;  180.825;    0.000
324.896; 1691.825;  215.825;    0.000
324.956; 1761.825;  210.825;    0.000
325.016; 1733.825;  187.825;    0.000
325.076; 1677.825;  197.825;    0.000
325.135; 1743.825;  226.825;    0.000
325.195; 1720.825;  201.825;    0.000
325.255; 1723.825;  167.825;    0.000
325.315; 1741.825;  217.825;    0.000
325.374; 1729.825;  196.825;    0.000
325.434; 1732.825;  167.825;    0.000
325.494; 1689.825;  214.825;    0.000
325.553; 1824.825;  203.825;    0.000
325.613; 1801.825;  206.825;    0.000
325.673; 1693.825;  148.825;    0.000
325.732; 1729.825;  207.825;    0.000
325.792; 1677.825;  151.825;    0.000
325.852; 1741.825;  195.825;    0.000
325.911; 1753.825;  201.825;    0.000
325.971; 1833.825;  224.825;    0.000
326.031; 1785.825;  201.825;    0.000
326.090; 1793.825;  203.825;    0.000
326.150; 1753.825;  183.825;    0.000
326.209; 1671.825;  226.825;    0.000
326.269; 1753.825;  194.825;    0.000
326.328; 1697.825;  200.825;    0.000
326.388; 1727.825;  177.825;    0.000
326.448; 1751.825;  239.825;    0.000
326.507; 1692.825;  197.825;    0.000
326.567; 1703.825;  161.825;    0.000
326.626; 1691.825;  220.825;    0.000
326.686; 1764.825;  178.825;    0.000
326.745; 1714.825;  167.825;    0.000
326.805; 1697.825;  176.825;    0.000
326.864; 1696.825;  204.825;    0.000
326.924; 1704.825;  218.825;    0.000
326.983; 1705.825;  201.825;    0.000
327.043; 1708.825;  219.825;    0.000
327.102; 1697.825;  202.825;    0.000
327.161; 1605.825;  228.825;    0.000
327.221; 1729.825;  217.825;    0.000
327.280; 1689.825;  188.825;    0.000
327.340; 1705.825;  209.825;    0.000
327.399; 1713.825;  189.825;    0.000
327.459; 1705.825;  216.825;    0.000
327.518; 1619.825;  200.825;    0.000
327.577; 1641.825;  194.825;    0.000
327.637; 1793.825;  180.825;    0.000
327.696; 1633.825;  208.825;    0.000
327.755; 1727.825;  218.825;    0.000
327.815; 1672.825;  234.825;    0.000
327.874; 1725.825;  259.825;    0.000
327.933; 1689.825;  192.825;    0.000
327.993; 1669.825;  208.825;    0.000
328.052; 1708.825;  221.825;    0.000
328.111; 1703.825;  203.825;    0.000
328.171; 1597.825;  221.825;    0.000
328.230; 1583.825;  222.825;    0.000
328.289; 1693.825;  254.825;    0.000
328.349; 1697.825;  232.825;    0.000
328.408; 1644.825;  223.825;    0.000
328.467; 1733.825;  198.825;    0.000
328.526; 1676.825;  217.825;    0.000
328.586; 1701.825;  185.825;    0.000
328.645; 1657.825;  210.825;    0.000
328.704; 1717.825;  211.825;    0.000
328.763; 1669.825;  231.825;    0.000
328.822; 1635.825;  254.825;    0.000
328.882; 1741.825;  216.825;    0.000
328.941; 1629.825;  239.825;    0.000
329.000; 1711.825;  251.825;    0.000
329.059; 1619.825;  227.825;    0.000
329.118; 1644.825;  233.825;    0.000
329.177; 1665.825;  188.825;    0.000
329.237; 1671.825;  257.825;    0.000
329.296; 1656.825;  265.825;    0.000
329.355; 1660.825;  245.825;    0.000
329.414; 1667.825;  236.825;    0.000
329.473; 1681.825;  242.825;    0.000
329.532; 1638.825;  228.825;    0.000
329.591; 1627.825;  206.825;    0.000
329.650; 1693.825;  250.825;    0.000
329.709; 1674.825;  278.825;    0.000
329.768; 1669.825;  219.825;    0.000
329.827; 1736.825;  254.825;    0.000
329.886; 1656.825;  221.825;    0.000
329.945; 1697.825;  239.825;    0.000
330.004; 1656.825;  245.825;    0.000
330.063; 1689.825;  201.825;    0.000
330.122; 1631.825;  227.825;    0.000
330.181; 1697.825;  196.825;    0.000
330.240; 1669.825;  203.825;    0.000
330.299; 1645.825;  214.825;    0.000
330.358; 1647.825;  196.825;    0.000
330.417; 1680.825;  201.825;    0.000
330.476; 1655.825;  248.825;    0.000
330.535; 1741.825;  253.825;    0.000
330.594; 1673.825;  231.825;    0.000
330.653; 1640.825;  210.825;    0.000
330.712; 1649.825;  242.825;    0.000
330.771; 1652.825;  240.825;    0.000
330.830; 1655.825;  230.825;    0.000
330.889; 1641.825;  217.825;    0.000
330.948; 1661.825;  211.825;    0.000
331.006; 1713.825;  217.825;    0.000
331.065; 1535.825;  170.825;    0.000
331.124; 1668.825;  211.825;    0.000
331.183; 1655.825;  192.825;    0.000
331.242; 1597.825;  227.825;    0.000
331.301; 1629.825;  240.825;    0.000
331.359; 1648.825;  223.825;    0.000
331.418; 1647.825;  215.825;    0.000
331.477; 1680.825;  230.825;    0.000
331.536; 1633.825;  221.825;    0.000
331.595; 1615.825;  198.825;    0.000
331.653; 1619.825;  207.825;    0.000
331.712; 1612.825;  217.825;    0.000
331.771; 1631.825;  221.825;    0.000
331.830; 1559.825;  222.825;    0.000
331.888; 1608.825;  213.825;    0.000
331.947; 1634.825;  233.825;    0.000
332.006; 1593.825;  212.825;    0.000
332.065; 1600.825;  200.825;    0.000
332.123; 1614.825;  223.825;    0.000
332.182; 1641.825;  180.825;    0.000
332.241; 1608.825;  192.825;    0.000
332.299; 1607.825;  172.825;    0.000
332.358; 1659.825;  216.825;    0.000
332.417; 1640.825;  211.825;    0.000
332.475; 1659.825;  222.825;    0.000
332.534; 1603.825;  238.825;    0.000
332.592; 1664.825;  216.825;    0.000
332.651; 1630.825;  196.825;    0.000
332.710; 1655.825;  215.825;    0.000
332.768; 1644.825;  193.825;    0.000
332.827; 1680.825;  201.825;    0.000
332.885; 1673.825;  226.825;    0.000
332.944; 1750.825;  174.825;    0.000
333.003; 1668.825;  187.825;    0.000
333.061; 1657.825;  208.825;    0.000
333.120; 1773.825;  202.825;    0.000
333.178; 1833.825;  227.825;    0.000
333.237; 1792.825;  215.825;    0.000
333.295; 1739.825;  245.825;    0.000
333.354; 1717.825;  194.825;    0.000
333.412; 1745.825;  165.825;    0.000
333.471; 1709.825;  219.825;    0.000
333.529; 1829.825;  255.825;    0.000
333.588; 1860.825;  264.825;    0.000
333.646; 1923.825;  231.825;    0.000
333.705; 1873.825;  232.825;    0.000
333.763; 1865.825;  233.825;    0.000
333.822; 1869.825;  221.825;    0.000
333.880; 1765.825;  180.825;    0.000
333.938; 1740.825;  229.825;    0.000
333.997; 1761.825;  194.825;    0.000
334.055; 1729.825;  230.825;    0.000
334.114; 1767.825;  230.825;    0.000
334.172; 1723.825;  170.825;    0.000
334.230; 1739.825;  192.825;    0.000
334.289; 1701.825;  225.825;    0.000
334.347; 1721.825;  233.825;    0.000
334.405; 1766.825;  207.825;    0.000
334.464; 1728.825;  175.825;    0.000
334.522; 1700.825;  180.825;    0.000
334.580; 1671.825;  172.825;    0.000
334.639; 1725.825;  230.825;    0.000
334.697; 1652.825;  217.825;    0.000
334.755; 1671.825;  217.825;    0.000
334.814; 1741.825;  210.825;    0.000
334.872; 1744.825;  170.825;    0.000
334.930; 1647.825;  167.825;    0.000
334.988; 1685.825;  244.825;    0.000
335.047; 1732.825;  202.825;    0.000
335.105; 1735.825;  181.825;    0.000
335.163; 1753.825;  195.825;    0.000
335.221; 1740.825;  203.825;    0.000
335.280; 1717.825;  216.825;    0.000
335.338; 1741.825;  197.825;    0.000
335.396; 1746.825;  232.825;    0.000
335.454; 1771.825;  211.825;    0.000
335.512; 1743.825;  221.825;    0.000
335.570; 1807.825;  216.825;    0.000
335.629; 1783.825;  244.825;    0.000
335.687; 1752.825;  244.825;    0.000
335.745; 1740.825;  189.825;    0.000
335.803; 1784.825;  198.825;    0.000
335.861; 1820.825;  236.825;    0.000
335.919; 1784.825;  234.825;    0.000
335.977; 1765.825;  214.825;    0.000
336.035; 1693.825;  242.825;    0.000
336.094; 1717.825;  219.825;    0.000
336.152; 1781.825;  196.825;    0.000
336.210; 1705.825;  221.825;    0.000
336.268; 1793.825;  257.825;    0.000
336.326; 1693.825;  211.825;    0.000
336.384; 1769.825;  217.825;    0.000
336.442; 1681.825;  176.825;    0.000
336.500; 1789.825;  242.825;    0.000
336.558; 1719.825;  238.825;    0.000
336.616; 1793.825;  261.825;    0.000
336.674; 1727.825;  200.825;    0.000
336.732; 1791.825;  208.825;    0.000
336.790; 1687.825;  183.825;    0.000
336.848; 1688.825;  199.825;    0.000
336.906; 1737.825;  240.825;    0.000
336.964; 1734.825;  234.825;    0.000
337.022; 1774.825;  282.825;    0.000
337.080; 1794.825;  265.825;    0.000
337.138; 1729.825;  255.825;    0.000
337.195; 1709.825;  200.825;    0.000
337.253; 1716.825;  199.825;    0.000
337.311; 1768.825;  233.825;    0.000
337.369; 1720.825;  250.825;    0.000
337.427; 1689.825;  201.825;    0.000
337.485; 1669.825;  228.825;    0.000
337.543; 1713.825;  221.825;    0.000
337.601; 1721.825;  232.825;    0.000
337.658; 1617.825;  215.825;    0.000
337.716; 1693.825;  198.825;    0.000
337.774; 1725.825;  262.825;    0.000
337.832; 1691.825;  220.825;    0.000
337.890; 1581.825;  194.825;    0.000
337.947; 1595.825;  205.825;    0.000
338.005; 1629.825;  229.825;    0.000
338.063; 1663.825;  237.825;    0.000
338.121; 1622.825;  220.825;    0.000
338.178; 1663.825;  227.825;    0.000
338.236; 1684.825;  238.825;    0.000
338.294; 1711.825;  242.825;    0.000
338.352; 1678.825;  230.825;    0.000
338.409; 1690.825;  222.825;    0.000
338.467; 1678.825;  233.825;    0.000
338.525; 1587.825;  253.825;    0.000
338.583; 1640.825;  221.825;    0.000
338.640; 1652.825;  225.825;    0.000
338.698; 1600.825;  229.825;    0.000
338.756; 1512.825;  238.825;    0.000
338.813; 1712.825;  260.825;    0.000
338.871; 1713.825;  246.825;    0.000
338.928; 1673.825;  240.825;    0.000
338.986; 1745.825;  228.825;    0.000
339.044; 1701.825;  265.825;    0.000
339.101; 1611.825;  224.825;    0.000
339.159; 1593.825;  235.825;    0.000
339.216; 1695.825;  244.825;    0.000
339.274; 1687.825;  266.825;    0.000
339.332; 1755.825;  248.825;    0.000
339.389; 1652.825;  246.825;    0.000
339.447; 1647.825;  237.825;    0.000
339.504; 1638.825;  244.825;    0.000
339.562; 1616.825;  249.825;    0.000
339.619; 1652.825;  266.825;    0.000
339.677; 1739.825;  263.825;    0.000
339.734; 1600.825;  216.825;    0.000
339.792; 1704.825;  276.825;    0.000
339.849; 1643.825;  240.825;    0.000
339.907; 1659.825;  275.825;    0.000
339.964; 1662.825;  243.825;    0.000
340.022; 1673.825;  224.825;    0.000
340.079; 1641.825;  230.825;    0.000
340.137; 1696.825;  232.825;    0.000
340.194; 1720.825;  261.825;    0.000
340.252; 1704.825;  219.825;    0.000
340.309; 1677.825;  212.825;    0.000
340.366; 1663.825;  231.825;    0.000
340.424; 1677.825;  244.825;    0.000
340.481; 1719.825;  238.825;    0.000
340.538; 1585.825;  217.825;    0.000
340.596; 1703.825;  224.825;    0.000
340.653; 1690.825;  225.825;    0.000
340.711; 1717.825;  276.825;    0.000
340.768; 1664.825;  239.825;    0.000
340.825; 1633.825;  216.825;    0.000
340.883; 1658.825;  264.825;    0.000
340.940; 1644.825;  256.825;    0.000
340.997; 1629.825;  230.825;    0.000
341.054; 1621.825;  229.825;    0.000
341.112; 1637.825;  220.825;    0.000
341.169; 1682.825;  276.825;    0.000
341.226; 1719.825;  224.825;    0.000
341.284; 1655.825;  235.825;    0.000
341.341; 1679.825;  226.825;    0.000
341.398; 1627.825;  200.825;    0.000
341.455; 1672.825;  242.825;    0.000
341.512; 1756.825;  226.825;    0.000
341.570; 1696.825;  299.825;    0.000
341.627; 1806.825;  221.825;    0.000
341.684; 1608.825;  204.825;    0.000
341.741; 1783.825;  285.825;    0.000
341.798; 1783.825;  237.825;    0.000
341.856; 1679.825;  223.825;    0.000
341.913; 1692.825;  232.825;    0.000
341.970; 1761.825;  250.825;    0.000
342.027; 1730.825;  272.825;    0.000
342.084; 1790.825;  242.825;    0.000
342.141; 1714.825;  207.825;    0.000
342.198; 1833.825;  252.825;    0.000
342.255; 1749.825;  189.825;    0.000
342.313; 1738.825;  222.825;    0.000
342.370; 1744.825;  203.825;    0.000
342.427; 1654.825;  261.825;    0.000
342.484; 1663.825;  230.825;    0.000
342.541; 1631.825;  224.825;    0.000
342.598; 1656.825;  245.825;    0.000
342.655; 1637.825;  235.825;    0.000
342.712; 1658.825;  238.825;    0.000
342.769; 1694.825;  235.825;    0.000
342.826; 1642.825;  232.825;    0.000
342.883; 1663.825;  212.825;    0.000
342.940; 1593.825;  189.825;    0.000
342.997; 1694.825;  241.825;    0.000
343.054; 1692.825;  235.825;    0.000
343.111; 1602.825;  216.825;    0.000
343.168; 1666.825;  202.825;    0.000
343.225; 1687.825;  228.825;    0.000
343.282; 1760.825;  208.825;    0.000
343.339; 1767.825;  241.825;    0.000
343.395; 1706.825;  206.825;    0.000
343.452; 1710.825;  227.825;    0.000
343.509; 1726.825;  212.825;    0.000
343.566; 1717.825;  266.825;    0.000
343.623; 1660.825;  240.825;    0.000
343.680; 1786.825;  215.825;    0.000
343.737; 1736.825;  231.825;    0.000
343.794; 1846.825;  256.825;    0.000
343.850; 1779.825;  235.825;    0.000
343.907; 1779.825;  246.825;    0.000
343.964; 1820.825;  241.825;    0.000
344.021; 1827.825;  237.825;    0.000
344.078; 1826.825;  248.825;    0.000
344.134; 1852.825;  225.825;    0.000
344.191; 1810.825;  209.825;    0.000
344.248; 1893.825;  234.825;    0.000
344.305; 1846.825;  224.825;    0.000
344.361; 1810.825;  194.825;    0.000
344.418; 1805.825;  240.825;    0.000
344.475; 1826.825;  252.825;    0.000
344.532; 1875.825;  251.825;    0.000
344.588; 1784.825;  240.825;    0.000
344.645; 1808.825;  253.825;    0.000
344.702; 1735.825;  216.825;    0.000
344.758; 1748.825;  258.825;    0.000
344.815; 1722.825;  239.825;    0.000
344.872; 1751.825;  216.825;    0.000
344.928; 1745.825;  236.825;    0.000
344.985; 1880.825;  238.825;    0.000
345.042; 1819.825;  211.825;    0.000
345.098; 1792.825;  223.825;    0.000
345.155; 1742.825;  266.825;    0.000
345.212; 1743.825;  266.825;    0.000
345.268; 1841.825;  245.825;    0.000
345.325; 1732.825;  225.825;    0.000
345.381; 1781.825;  223.825;    0.000
345.438; 1828.825;  259.825;    0.000
345.495; 1894.825;  233.825;    0.000
345.551; 1787.825;  254.825;    0.000
345.608; 1837.825;  212.825;    0.000
345.664; 1825.825;  225.825;    0.000
345.721; 1761.825;  223.825;    0.000
345.777; 1760.825;  226.825;    0.000
345.834; 1704.825;  215.825;    0.000
345.890; 1687.825;  230.825;    0.000
345.947; 1817.825;  232.825;    0.000
346.003; 1797.825;  241.825;    0.000
346.060; 1747.825;  241.825;    0.000
346.116; 1809.825;  231.825;    0.000
346.173; 1832.825;  229.825;    0.000
346.229; 1727.825;  262.825;    0.000
346.285; 1841.825;  232.825;    0.000
346.342; 1788.825;  228.825;    0.000
346.398; 1811.825;  203.825;    0.000
346.455; 1885.825;  214.825;    0.000
346.511; 1772.825;  245.825;    0.000
346.567; 1795.825;  192.825;    0.000
346.624; 1779.825;  206.825;    0.000
346.680; 1768.825;  209.825;    0.000
346.737; 1747.825;  239.825;    0.000
346.793; 1803.825;  234.825;    0.000
346.849; 1792.825;  252.825;    0.000
346.906; 1798.825;  247.825;    0.000
346.962; 1847.825;  274.825;    0.000
347.018; 1808.825;  225.825;    0.000
347.074; 1888.825;  261.825;    0.000
347.131; 1835.825;  230.825;    0.000
347.187; 1740.825;  269.825;    0.000
347.243; 1800.825;  261.825;    0.000
347.300; 1789.825;  236.825;    0.000
347.356; 1857.825;  284.825;    0.000
347.412; 1824.825;  243.825;    0.000
347.468; 1769.825;  276.825;    0.000
347.524; 1781.825;  232.825;    0.000
347.581; 1817.825;  242.825;    0.000
347.637; 1729.825;  270.825;    0.000
347.693; 1717.825;  269.825;    0.000
347.749; 1797.825;  278.825;    0.000
347.805; 1749.825;  224.825;    0.000
347.862; 1775.825;  207.825;    0.000
347.918; 1797.825;  259.825;    0.000
347.974; 1769.825;  244.825;    0.000
348.030; 1801.825;  219.825;    0.000
348.086; 1817.825;  250.825;    0.000
348.142; 1772.825;  251.825;    0.000
348.198; 1813.825;  267.825;    0.000
348.254; 1817.825;  230.825;    0.000
348.311; 1767.825;  261.825;    0.000
348.367; 1789.825;  259.825;    0.000
348.423; 1765.825;  251.825;    0.000
348.479; 1721.825;  251.825;    0.000
348.535; 1835.825;  269.825;    0.000
348.591; 1764.825;  238.825;    0.000
348.647; 1741.825;  273.825;    0.000
348.703; 1757.825;  291.825;    0.000
348.759; 1805.825;  231.825;    0.000
348.815; 1808.825;  286.825;    0.000
348.871; 1757.825;  265.825;    0.000
348.927; 1849.825;  234.825;    0.000
348.983; 1805.825;  267.825;    0.000
349.039; 1753.825;  233.825;    0.000
349.095; 1819.825;  225.825;    0.000
349.151; 1773.825;  242.825;    0.000
349.207; 1777.825;  223.825;    0.000
349.263; 1815.825;  219.825;    0.000
349.319; 1745.825;  226.825;    0.000
349.374; 1824.825;  232.825;    0.000
349.430; 1797.825;  235.825;    0.000
349.486; 1733.825;  227.825;    0.000
349.542; 1766.825;  253.825;    0.000
349.598; 1833.825;  227.825;    0.000
349.654; 1789.825;  270.825;    0.000
349.710; 1759.825;  233.825;    0.000
349.766; 1771.825;  245.825;    0.000
349.821; 1756.825;  242.825;    0.000
349.877; 1837.825;  229.825;    0.000
349.933; 1851.825;  229.825;    0.000
349.989; 1844.825;  230.825;    0.000
350.045; 1728.825;  236.825;    0.000
350.100; 1761.825;  237.825;    0.000
350.156; 1785.825;  230.825;    0.000
350.212; 1756.825;  254.825;    0.000
350.268; 1789.825;  239.825;    0.000
350.323; 1775.825;  204.825;    0.000
350.379; 1773.825;  246.825;    0.000
350.435; 1817.825;  249.825;    0.000
350.491; 1733.825;  217.825;    0.000
350.546; 1837.825;  231.825;    0.000
350.602; 1768.825;  240.825;    0.000
350.658; 1799.825;  235.825;    0.000
350.713; 1753.825;  234.825;    0.000
350.769; 1711.825;  218.825;    0.000
350.825; 1781.825;  227.825;    0.000
350.880; 1785.825;  226.825;    0.000
350.936; 1812.825;  247.825;    0.000
350.992; 1795.825;  213.825;    0.000
351.047; 1812.825;  207.825;    0.000
351.103; 1723.825;  271.825;    0.000
351.158; 1769.825;  251.825;    0.000
351.214; 1741.825;  199.825;    0.000
351.270; 1708.825;  214.825;    0.000
351.325; 1727.825;  235.825;    0.000
351.381; 1792.825;  223.825;    0.000
351.436; 1769.825;  237.825;    0.000
351.492; 1829.825;  221.825;    0.000
351.547; 1791.825;  237.825;    0.000
351.603; 1836.825;  239.825;    0.000
351.658; 1757.825;  209.825;    0.000
351.714; 1847.825;  226.825;    0.000
351.769; 1733.825;  238.825;    0.000
351.825; 1780.825;  226.825;    0.000
351.880; 1863.825;  217.825;    0.000
351.936; 1881.825;  246.825;    0.000
351.991; 1846.825;  233.825;    0.000
352.047; 1775.825;  215.825;    0.000
352.102; 1753.825;  243.825;    0.000
352.158; 1798.825;  234.825;    0.000
352.213; 1707.825;  201.825;    0.000
352.268; 1820.825;  234.825;    0.000
352.324; 1778.825;  211.825;    0.000
352.379; 1823.825;  221.825;    0.000
352.434; 1880.825;  259.825;    0.000
352.490; 1834.825;  250.825;    0.000
352.545; 1879.825;  251.825;    0.000
352.601; 1768.825;  283.825;    0.000
352.656; 1748.825;  236.825;    0.000
352.711; 1795.825;  237.825;    0.000
352.767; 1774.825;  201.825;    0.000
352.822; 1880.825;  209.825;    0.000
352.877; 1765.825;  239.825;    0.000
352.932; 1797.825;  228.825;    0.000
352.988; 1832.825;  202.825;    0.000
353.043; 1788.825;  268.825;    0.000
353.098; 1861.825;  208.825;    0.000
353.153; 1845.825;  219.825;    0.000
353.209; 1835.825;  252.825;    0.000
353.264; 1729.825;  225.825;    0.000
353.319; 1753.825;  234.825;    0.000
353.374; 1789.825;  236.825;    0.000
353.430; 1789.825;  245.825;    0.000
353.485; 1744.825;  238.825;    0.000
353.540; 1765.825;  238.825;    0.000
353.595; 1761.825;  215.825;    0.000
353.650; 1753.825;  238.825;    0.000
353.705; 1833.825;  274.825;    0.000
353.761; 1825.825;  229.825;    0.000
353.816; 1853.825;  275.825;    0.000
353.871; 1787.825;  245.825;    0.000
353.926; 1777.825;  253.825;    0.000
353.981; 1795.825;  269.825;    0.000
354.036; 1813.825;  246.825;    0.000
354.091; 1799.825;  257.825;    0.000
354.146; 1866.825;  278.825;    0.000
354.201; 1801.825;  276.825;    0.000
354.256; 1788.825;  224.825;    0.000
354.311; 1837.825;  287.825;    0.000
354.367; 1728.825;  210.825;    0.000
354.422; 1802.825;  231.825;    0.000
354.477; 1757.825;  226.825;    0.000
354.532; 1821.825;  262.825;    0.000
354.587; 1843.825;  275.825;    0.000
354.642; 1797.825;  247.825;    0.000
354.697; 1824.825;  251.825;    0.000
354.751; 1821.825;  249.825;    0.000
354.806; 1837.825;  217.825;    0.000
354.861; 1824.825;  247.825;    0.000
354.916; 1761.825;  259.825;    0.000
354.971; 1805.825;  241.825;    0.000
355.026; 1793.825;  250.825;    0.000
355.081; 1787.825;  244.825;    0.000
355.136; 1709.825;  203.825;    0.000
355.191; 1795.825;  241.825;    0.000
355.246; 1847.825;  248.825;    0.000
355.301; 1847.825;  259.825;    0.000
355.355; 1796.825;  236.825;    0.000
355.410; 1841.825;  221.825;    0.000
355.465; 1934.825;  206.825;    0.000
355.520; 1862.825;  258.825;    0.000
355.575; 1748.825;  273.825;    0.000
355.630; 1799.825;  252.825;    0.000
355.684; 1845.825;  246.825;    0.000
355.739; 1792.825;  251.825;    0.000
355.794; 1796.825;  247.825;    0.000
355.849; 1801.825;  246.825;    0.000
355.904; 1804.825;  262.825;    0.000
355.958; 1859.825;  249.825;    0.000
356.013; 1817.825;  213.825;    0.000
356.068; 1809.825;  255.825;    0.000
356.123; 1833.825;  205.825;    0.000
356.177; 1845.825;  239.825;    0.000
356.232; 1800.825;  258.825;    0.000
356.287; 1771.825;  248.825;    0.000
356.341; 1837.825;  221.825;    0.000
356.396; 1743.825;  220.825;    0.000
356.451; 1901.825;  231.825;    0.000
356.505; 1895.825;  231.825;    0.000
356.560; 1838.825;  254.825;    0.000
356.615; 1787.825;  234.825;    0.000
356.669; 1868.825;  250.825;    0.000
356.724; 1811.825;  261.825;    0.000
356.778; 1820.825;  207.825;    0.000
356.833; 1800.825;  205.825;    0.000
356.888; 1858.825;  235.825;    0.000
356.942; 1889.825;  205.825;    0.000
356.997; 1906.825;  276.825;    0.000
357.051; 1853.825;  243.825;    0.000
357.106; 1825.825;  242.825;    0.000
357.160; 1770.825;  241.825;    0.000
357.215; 1813.825;  212.825;    0.000
357.269; 1880.825;  238.825;    0.000
357.324; 1847.825;  223.825;    0.000
357.378; 1741.825;  221.825;    0.000
357.433; 1816.825;  262.825;    0.000
357.487; 1855.825;  246.825;    0.000
357.542; 1845.825;  221.825;    0.000
357.596; 1870.825;  225.825;    0.000
357.651; 1859.825;  244.825;    0.000
357.705; 1847.825;  269.825;    0.000
357.760; 1872.825;  209.825;    0.000
357.814; 1887.825;  250.825;    0.000
357.868; 1898.825;  266.825;    0.000
357.923; 1856.825;  248.825;    0.000
357.977; 1842.825;  262.825;    0.000
358.032; 1813.825;  228.825;    0.000
358.086; 1924.825;  257.825;    0.000
358.140; 1836.825;  217.825;    0.000
358.195; 1875.825;  246.825;    0.000
358.249; 1762.825;  255.825;    0.000
358.303; 1757.825;  252.825;    0.000
358.358; 1853.825;  278.825;    0.000
358.412; 1849.825;  276.825;    0.000
358.466; 1796.825;  275.825;    0.000
358.521; 1796.825;  229.825;    0.000
358.575; 1773.825;  270.825;    0.000
358.629; 1713.825;  239.825;    0.000
358.683; 1761.825;  254.825;    0.000
358.738; 1801.825;  239.825;    0.000
358.792; 1759.825;  272.825;    0.000
358.846; 1881.825;  289.825;    0.000
358.900; 1815.825;  299.825;    0.000
358.954; 1843.825;  247.825;    0.000
359.009; 1805.825;  245.825;    0.000
359.063; 1776.825;  272.825;    0.000
359.117; 1777.825;  242.825;    0.000
359.171; 1852.825;  279.825;    0.000
359.225; 1814.825;  221.825;    0.000
359.280; 1885.825;  238.825;    0.000
359.334; 1911.825;  264.825;    0.000
359.388; 1887.825;  273.825;    0.000
359.442; 1723.825;  233.825;    0.000
359.496; 1760.825;  226.825;    0.000
359.550; 1811.825;  271.825;    0.000
359.604; 1778.825;  296.825;    0.000
359.658; 1728.825;  252.825;    0.000
359.712; 1804.825;  256.825;    0.000
359.766; 1769.825;  257.825;    0.000
359.820; 1760.825;  239.825;    0.000
359.875; 1788.825;  252.825;    0.000
359.929; 1737.825;  258.825;    0.000
359.983; 1751.825;  232.825;    0.000
360.037; 1737.825;  268.825;    0.000
360.091; 1831.825;  303.825;    0.000
360.145; 1737.825;  232.825;    0.000
360.199; 1745.825;  255.825;    0.000
360.253; 1822.825;  252.825;    0.000
360.306; 1683.825;  278.825;    0.000
360.360; 1792.825;  249.825;    0.000
360.414; 1787.825;  274.825;    0.000
360.468; 1797.825;  247.825;    0.000
360.522; 1866.825;  268.825;    0.000
360.576; 1832.825;  263.825;    0.000
360.630; 1851.825;  296.825;    0.000
360.684; 1870.825;  253.825;    0.000
360.738; 1753.825;  301.825;    0.000
360.792; 1732.825;  282.825;    0.000
360.846; 1813.825;  277.825;    0.000
360.899; 1846.825;  292.825;    0.000
360.953; 1818.825;  266.825;    0.000
361.007; 1705.825;  240.825;    0.000
361.061; 1849.825;  247.825;    0.000
361.115; 1789.825;  276.825;    0.000
361.168; 1846.825;  288.825;    0.000
361.222; 1832.825;  271.825;    0.000
361.276; 1779.825;  270.825;    0.000
361.330; 1791.825;  295.825;    0.000
361.384; 1725.825;  276.825;    0.000
361.437; 1776.825;  280.825;    0.000
361.491; 1731.825;  261.825;    0.000
361.545; 1780.825;  273.825;    0.000
361.599; 1788.825;  269.825;    0.000
361.652; 1755.825;  258.825;    0.000
361.706; 1807.825;  270.825;    0.000
361.760; 1726.825;  294.825;    0.000
361.813; 1811.825;  244.825;    0.000
361.867; 1825.825;  294.825;    0.000
361.921; 1780.825;  285.825;    0.000
361.974; 1750.825;  269.825;    0.000
362.028; 1826.825;  275.825;    0.000
362.082; 1766.825;  270.825;    0.000
362.135; 1779.825;  259.825;    0.000
362.189; 1781.825;  302.825;    0.000
362.242; 1730.825;  296.825;    0.000
362.296; 1778.825;  285.825;    0.000
362.350; 1790.825;  303.825;    0.000
362.403; 1792.825;  271.825;    0.000
362.457; 1755.825;  285.825;    0.000
362.510; 1696.825;  288.825;    0.000
362.564; 1744.825;  268.825;    0.000
362.617; 1790.825;  285.825;    0.000
362.671; 1733.825;  277.825;    0.000
362.724; 1732.825;  242.825;    0.000
362.778; 1797.825;  274.825;    0.000
362.831; 1765.825;  280.825;    0.000
362.885; 1686.825;  284.825;    0.000
362.938; 1679.825;  276.825;    0.000
362.992;  333.825;  289.825;    0.000
363.045;  267.825;  247.825;    0.000
363.099;  299.825;  260.825;    0.000
363.152;  256.825;  258.825;    0.000
363.205;  278.825;  286.825;    0.000
363.259;  263.825;  236.825;    0.000
363.312;  308.825;  297.825;    0.000
363.366;  302.825;  266.825;    0.000
363.419;  301.825;  309.825;    0.000
363.472;  292.825;  293.825;    0.000
363.526;  290.825;  270.825;    0.000
363.579;  295.825;  276.825;    0.000
363.632;  296.825;  279.825;    0.000
363.686;  283.825;  292.825;    0.000
363.739;  261.825;  248.825;    0.000
363.792;  268.825;  287.825;    0.000

