
Integration time [ms]:   1.000
Averaging Nr. [scans]: 1
Smoothing Nr. [pixels]: 0
Data measured with spectrometer [name]: VIS
Wave   ;Sample   ;Dark     ;Reference
[nm]   ;[counts] ;[counts] ;[counts] 

450.961;  202.125;  200.375;    0.000
451.100;  219.125;  241.375;    0.000
451.239;  189.125;  201.375;    0.000
451.377;  249.125;  262.375;    0.000
451.516;  197.125;  229.375;    0.000
451.655;  202.125;  211.375;    0.000
451.794;  223.125;  225.375;    0.000
451.932;  260.125;  247.375;    0.000
452.071;  224.125;  260.375;    0.000
452.210;  186.125;  235.375;    0.000
452.348;  242.125;  276.375;    0.000
452.487;  233.125;  259.375;    0.000
452.626;  251.125;  254.375;    0.000
452.764;  235.125;  233.375;    0.000
452.903;  242.125;  202.375;    0.000
453.042;  268.125;  211.375;    0.000
453.180; 1930.125;  240.375;    0.000
453.319; 1943.125;  238.375;    0.000
453.458; 1949.125;  215.375;    0.000
453.596; 2014.125;  252.375;    0.000
453.735; 1999.125;  240.375;    0.000
453.873; 2038.125;  257.375;    0.000
454.012; 2059.125;  228.375;    0.000
454.150; 2070.125;  270.375;    0.000
454.289; 2068.125;  233.375;    0.000
454.427; 2125.125;  243.375;    0.000
454.566; 2120.125;  257.375;    0.000
454.704; 2137.125;  243.375;    0.000
454.843; 2084.125;  190.375;    0.000
454.981; 2191.125;  271.375;    0.000
455.120; 2140.125;  210.375;    0.000
455.258; 2263.125;  235.375;    0.000
455.397; 2156.125;  214.375;    0.000
455.535; 2159.125;  214.375;    0.000
455.674; 2279.125;  184.375;    0.000
455.812; 2211.125;  228.375;    0.000
455.951; 2353.125;  204.375;    0.000
456.089; 2293.125;  220.375;    0.000
456.227; 2207.125;  196.375;    0.000
456.366; 2383.125;  261.375;    0.000
456.504; 2327.125;  249.375;    0.000
456.642; 2390.125;  245.375;    0.000
456.781; 2314.125;  183.375;    0.000
456.919; 2353.125;  203.375;    0.000
457.057; 2499.125;  177.375;    0.000
457.196; 2475.125;  191.375;    0.000
457.334; 2508.125;  233.375;    0.000
457.472; 2504.125;  214.375;    0.000
457.610; 2536.125;  230.375;    0.000
457.749; 2627.125;  247.375;    0.000
457.887; 2583.125;  220.375;    0.000
458.025; 2625.125;  195.375;    0.000
458.163; 2695.125;  224.375;    0.000
458.301; 2837.125;  228.375;    0.000
458.440; 2905.125;  200.375;    0.000
458.578; 2889.125;  233.375;    0.000
458.716; 2714.125;  182.375;    0.000
458.854; 2913.125;  251.375;    0.000
458.992; 2852.125;  187.375;    0.000
459.130; 2940.125;  229.375;    0.000
459.269; 2986.125;  237.375;    0.000
459.407; 3000.125;  228.375;    0.000
459.545; 3000.125;  216.375;    0.000
459.683; 3119.125;  204.375;    0.000
459.821; 3059.125;  191.375;    0.000
459.959; 3160.125;  227.375;    0.000
460.097; 3227.125;  221.375;    0.000
460.235; 3227.125;  241.375;    0.000
460.373; 3127.125;  231.375;    0.000
460.511; 3209.125;  214.375;    0.000
460.649; 3193.125;  172.375;    0.000
460.787; 3257.125;  275.375;    0.000
460.925; 3233.125;  175.375;    0.000
461.063; 3339.125;  252.375;    0.000
461.201; 3350.125;  210.375;    0.000
461.339; 3372.125;  237.375;    0.000
461.477; 3246.125;  210.375;    0.000
461.615; 3416.125;  236.375;    0.000
461.753; 3473.125;  215.375;    0.000
461.891; 3410.125;  222.375;    0.000
462.029; 3515.125;  227.375;    0.000
462.166; 3496.125;  202.375;    0.000
462.304; 3461.125;  191.375;    0.000
462.442; 3618.125;  210.375;    0.000
462.580; 3606.125;  184.375;    0.000
462.718; 3719.125;  220.375;    0.000
462.856; 3637.125;  226.375;    0.000
462.993; 3662.125;  254.375;    0.000
463.131; 3562.125;  200.375;    0.000
463.269; 3538.125;  215.375;    0.000
463.407; 3485.125;  213.375;    0.000
463.545; 3500.125;  242.375;    0.000
463.682; 3540.125;  212.375;    0.000
463.820; 3684.125;  185.375;    0.000
463.958; 3778.125;  212.375;    0.000
464.095; 3816.125;  181.375;    0.000
464.233; 3817.125;  192.375;    0.000
464.371; 3859.125;  247.375;    0.000
464.509; 3819.125;  151.375;    0.000
464.646; 3800.125;  207.375;    0.000
464.784; 3851.125;  199.375;    0.000
464.921; 3702.125;  253.375;    0.000
465.059; 3813.125;  214.375;    0.000
465.197; 3707.125;  200.375;    0.000
465.334; 3533.125;  180.375;    0.000
465.472; 3459.125;  204.375;    0.000
465.609; 3468.125;  203.375;    0.000
465.747; 3428.125;  214.375;    0.000
465.885; 3521.125;  233.375;    0.000
466.022; 3466.125;  215.375;    0.000
466.160; 3423.125;  201.375;    0.000
466.297; 3485.125;  196.375;    0.000
466.435; 3297.125;  230.375;    0.000
466.572; 3424.125;  227.375;    0.000
466.710; 3452.125;  218.375;    0.000
466.847; 3471.125;  245.375;    0.000
466.985; 3436.125;  223.375;    0.000
467.122; 3386.125;  168.375;    0.000
467.260; 3399.125;  196.375;    0.000
467.397; 3391.125;  198.375;    0.000
467.534; 3417.125;  219.375;    0.000
467.672; 3399.125;  214.375;    0.000
467.809; 3254.125;  185.375;    0.000
467.947; 3351.125;  247.375;    0.000
468.084; 3327.125;  196.375;    0.000
468.221; 3386.125;  238.375;    0.000
468.359; 3361.125;  236.375;    0.000
468.496; 3372.125;  235.375;    0.000
468.633; 3337.125;  218.375;    0.000
468.771; 3363.125;  223.375;    0.000
468.908; 3408.125;  208.375;    0.000
469.045; 3500.125;  249.375;    0.000
469.183; 3429.125;  222.375;    0.000
469.320; 3462.125;  216.375;    0.000
469.457; 3497.125;  224.375;    0.000
469.594; 3625.125;  259.375;    0.000
469.732; 3495.125;  223.375;    0.000
469.869; 3548.125;  234.375;    0.000
470.006; 3510.125;  225.375;    0.000
470.143; 3696.125;  243.375;    0.000
470.280; 3706.125;  208.375;    0.000
470.417; 3777.125;  232.375;    0.000
470.555; 3577.125;  218.375;    0.000
470.692; 3630.125;  223.375;    0.000
470.829; 3591.125;  238.375;    0.000
470.966; 3648.125;  205.375;    0.000
471.103; 3646.125;  259.375;    0.000
471.240; 3606.125;  214.375;    0.000
471.377; 3600.125;  226.375;    0.000
471.514; 3617.125;  250.375;    0.000
471.651; 3557.125;  221.375;    0.000
471.789; 3640.125;  242.375;    0.000
471.926; 3558.125;  190.375;    0.000
472.063; 3559.125;  234.375;    0.000
472.200; 3520.125;  252.375;    0.000
472.337; 3472.125;  241.375;    0.000
472.474; 3583.125;  244.375;    0.000
472.611; 3414.125;  268.375;    0.000
472.748; 3571.125;  222.375;    0.000
472.884; 3515.125;  271.375;    0.000
473.021; 3489.125;  195.375;    0.000
473.158; 3461.125;  205.375;    0.000
473.295; 3500.125;  223.375;    0.000
473.432; 3585.125;  216.375;    0.000
473.569; 3407.125;  196.375;    0.000
473.706; 3470.125;  190.375;    0.000
473.843; 3424.125;  211.375;    0.000
473.980; 3479.125;  254.375;    0.000
474.117; 3502.125;  185.375;    0.000
474.253; 3395.125;  229.375;    0.000
474.390; 3562.125;  238.375;    0.000
474.527; 3493.125;  220.375;    0.000
474.664; 3585.125;  242.375;    0.000
474.801; 3566.125;  229.375;    0.000
474.937; 3505.125;  229.375;    0.000
475.074; 3508.125;  210.375;    0.000
475.211; 3542.125;  219.375;    0.000
475.348; 3532.125;  226.375;    0.000
475.484; 3570.125;  207.375;    0.000
475.621; 3504.125;  233.375;    0.000
475.758; 3541.125;  230.375;    0.000
475.894; 3598.125;  234.375;    0.000
476.031; 3669.125;  202.375;    0.000
476.168; 3620.125;  222.375;    0.000
476.304; 3653.125;  237.375;    0.000
476.441; 3678.125;  238.375;    0.000
476.578; 3600.125;  216.375;    0.000
476.714; 3612.125;  212.375;    0.000
476.851; 3631.125;  210.375;    0.000
476.987; 3694.125;  239.375;    0.000
477.124; 3722.125;  250.375;    0.000
477.261; 3849.125;  227.375;    0.000
477.397; 3715.125;  189.375;    0.000
477.534; 3733.125;  204.375;    0.000
477.670; 3676.125;  190.375;    0.000
477.807; 3762.125;  198.375;    0.000
477.943; 3898.125;  216.375;    0.000
478.080; 3839.125;  213.375;    0.000
478.216; 3810.125;  239.375;    0.000
478.353; 3795.125;  218.375;    0.000
478.489; 3908.125;  184.375;    0.000
478.626; 3948.125;  223.375;    0.000
478.762; 3955.125;  213.375;    0.000
478.898; 3962.125;  216.375;    0.000
479.035; 4035.125;  250.375;    0.000
479.171; 4003.125;  201.375;    0.000
479.308; 3981.125;  242.375;    0.000
479.444; 3945.125;  205.375;    0.000
479.580; 3914.125;  203.375;    0.000
479.717; 3975.125;  260.375;    0.000
479.853; 3967.125;  225.375;    0.000
479.989; 4120.125;  226.375;    0.000
480.126; 3964.125;  211.375;    0.000
480.262; 4048.125;  220.375;    0.000
480.398; 4083.125;  207.375;    0.000
480.535; 4017.125;  179.375;    0.000
480.671; 4031.125;  200.375;    0.000
480.807; 4031.125;  190.375;    0.000
480.943; 3925.125;  165.375;    0.000
481.080; 3893.125;  210.375;    0.000
481.216; 4042.125;  232.375;    0.000
481.352; 3963.125;  235.375;    0.000
481.488; 4005.125;  208.375;    0.000
481.624; 4048.125;  245.375;    0.000
481.760; 3950.125;  210.375;    0.000
481.897; 3888.125;  189.375;    0.000
482.033; 3993.125;  256.375;    0.000
482.169; 4054.125;  257.375;    0.000
482.305; 3977.125;  199.375;    0.000
482.441; 3956.125;  182.375;    0.000
482.577; 3919.125;  223.375;    0.000
482.713; 3972.125;  243.375;    0.000
482.849; 3996.125;  197.375;    0.000
482.985; 3952.125;  240.375;    0.000
483.121; 3921.125;  210.375;    0.000
483.258; 3953.125;  248.375;    0.000
483.394; 4049.125;  224.375;    0.000
483.530; 3959.125;  209.375;    0.000
483.665; 3933.125;  225.375;    0.000
483.801; 3902.125;  216.375;    0.000
483.937; 3946.125;  211.375;    0.000
484.073; 4088.125;  259.375;    0.000
484.209; 3971.125;  191.375;    0.000
484.345; 4052.125;  239.375;    0.000
484.481; 4082.125;  231.375;    0.000
484.617; 4024.125;  216.375;    0.000
484.753; 4011.125;  180.375;    0.000
484.889; 4099.125;  252.375;    0.000
485.025; 4127.125;  244.375;    0.000
485.161; 4034.125;  242.375;    0.000
485.296; 4023.125;  235.375;    0.000
485.432; 4015.125;  247.375;    0.000
485.568; 4095.125;  203.375;    0.000
485.704; 4103.125;  229.375;    0.000
485.840; 4230.125;  230.375;    0.000
485.975; 4077.125;  266.375;    0.000
486.111; 4051.125;  220.375;    0.000
486.247; 4131.125;  264.375;    0.000
486.383; 4079.125;  213.375;    0.000
486.518; 4128.125;  222.375;    0.000
486.654; 4066.125;  244.375;    0.000
486.790; 4201.125;  273.375;    0.000
486.926; 4059.125;  203.375;    0.000
487.061; 4103.125;  227.375;    0.000
487.197; 4119.125;  210.375;    0.000
487.333; 4104.125;  209.375;    0.000
487.468; 4140.125;  197.375;    0.000
487.604; 4105.125;  230.375;    0.000
487.740; 4037.125;  254.375;    0.000
487.875; 3979.125;  286.375;    0.000
488.011; 4085.125;  225.375;    0.000
488.146; 4059.125;  251.375;    0.000
488.282; 4030.125;  242.375;    0.000
488.417; 4042.125;  230.375;    0.000
488.553; 4071.125;  260.375;    0.000
488.688; 4114.125;  207.375;    0.000
488.824; 3955.125;  204.375;    0.000
488.960; 4108.125;  248.375;    0.000
489.095; 4130.125;  204.375;    0.000
489.230; 4095.125;  227.375;    0.000
489.366; 4116.125;  226.375;    0.000
489.501; 4125.125;  199.375;    0.000
489.637; 4131.125;  233.375;    0.000
489.772; 4036.125;  249.375;    0.000
489.908; 4157.125;  200.375;    0.000
490.043; 4107.125;  246.375;    0.000
490.178; 4144.125;  222.375;    0.000
490.314; 4185.125;  219.375;    0.000
490.449; 4069.125;  227.375;    0.000
490.585; 4008.125;  209.375;    0.000
490.720; 4019.125;  238.375;    0.000
490.855; 4097.125;  222.375;    0.000
490.991; 4050.125;  202.375;    0.000
491.126; 4172.125;  272.375;    0.000
491.261; 4023.125;  261.375;    0.000
491.396; 4065.125;  190.375;    0.000
491.532; 4098.125;  202.375;    0.000
491.667; 4166.125;  208.375;    0.000
491.802; 3979.125;  203.375;    0.000
491.937; 4025.125;  253.375;    0.000
492.073; 4114.125;  242.375;    0.000
492.208; 4142.125;  230.375;    0.000
492.343; 4034.125;  183.375;    0.000
492.478; 4093.125;  246.375;    0.000
492.613; 4114.125;  223.375;    0.000
492.749; 4094.125;  230.375;    0.000
492.884; 4054.125;  190.375;    0.000
493.019; 4154.125;  234.375;    0.000
493.154; 4106.125;  218.375;    0.000
493.289; 4154.125;  222.375;    0.000
493.424; 4124.125;  196.375;    0.000
493.559; 4114.125;  202.375;    0.000
493.694; 4036.125;  180.375;    0.000
493.829; 4074.125;  224.375;    0.000
493.964; 4144.125;  218.375;    0.000
494.099; 4145.125;  275.375;    0.000
494.234; 4068.125;  226.375;    0.000
494.369; 4117.125;  225.375;    0.000
494.504; 4168.125;  219.375;    0.000
494.639; 4063.125;  296.375;    0.000
494.774; 4136.125;  228.375;    0.000
494.909; 4157.125;  222.375;    0.000
495.044; 4082.125;  215.375;    0.000
495.179; 4023.125;  200.375;    0.000
495.314; 4149.125;  235.375;    0.000
495.449; 4169.125;  249.375;    0.000
495.584; 4142.125;  228.375;    0.000
495.719; 4106.125;  212.375;    0.000
495.854; 4173.125;  201.375;    0.000
495.988; 4166.125;  248.375;    0.000
496.123; 4122.125;  209.375;    0.000
496.258; 4138.125;  249.375;    0.000
496.393; 4120.125;  223.375;    0.000
496.528; 4242.125;  209.375;    0.000
496.663; 4280.125;  207.375;    0.000
496.797; 4320.125;  229.375;    0.000
496.932; 4324.125;  225.375;    0.000
497.067; 4255.125;  218.375;    0.000
497.202; 4300.125;  163.375;    0.000
497.336; 4351.125;  246.375;    0.000
497.471; 4363.125;  229.375;    0.000
497.606; 4429.125;  251.375;    0.000
497.740; 4451.125;  220.375;    0.000
497.875; 4523.125;  216.375;    0.000
498.010; 4635.125;  226.375;    0.000
498.144; 4561.125;  237.375;    0.000
498.279; 4658.125;  196.375;    0.000
498.414; 4841.125;  219.375;    0.000
498.548; 4759.125;  205.375;    0.000
498.683; 4877.125;  206.375;    0.000
498.817; 5026.125;  225.375;    0.000
498.952; 5078.125;  221.375;    0.000
499.087; 5302.125;  220.375;    0.000
499.221; 5433.125;  233.375;    0.000
499.356; 5536.125;  230.375;    0.000
499.490; 5594.125;  229.375;    0.000
499.625; 5680.125;  231.375;    0.000
499.759; 5846.125;  243.375;    0.000
499.894; 6080.125;  241.375;    0.000
500.028; 6097.125;  264.375;    0.000
500.162; 6494.125;  287.375;    0.000
500.297; 6477.125;  234.375;    0.000
500.431; 6474.125;  230.375;    0.000
500.566; 6519.125;  213.375;    0.000
500.700; 6574.125;  243.375;    0.000
500.835; 6318.125;  272.375;    0.000
500.969; 6288.125;  188.375;    0.000
501.103; 6136.125;  200.375;    0.000
501.238; 5875.125;  257.375;    0.000
501.372; 5620.125;  224.375;    0.000
501.506; 5476.125;  225.375;    0.000
501.641; 5361.125;  271.375;    0.000
501.775; 5209.125;  199.375;    0.000
501.909; 5091.125;  249.375;    0.000
502.043; 4989.125;  211.375;    0.000
502.178; 4885.125;  269.375;    0.000
502.312; 4820.125;  198.375;    0.000
502.446; 4762.125;  256.375;    0.000
502.580; 4667.125;  195.375;    0.000
502.715; 4656.125;  224.375;    0.000
502.849; 4548.125;  245.375;    0.000
502.983; 4455.125;  250.375;    0.000
503.117; 4462.125;  193.375;    0.000
503.251; 4351.125;  242.375;    0.000
503.385; 4281.125;  227.375;    0.000
503.520; 4311.125;  235.375;    0.000
503.654; 4165.125;  220.375;    0.000
503.788; 4138.125;  267.375;    0.000
503.922; 4117.125;  220.375;    0.000
504.056; 4124.125;  238.375;    0.000
504.190; 4003.125;  212.375;    0.000
504.324; 4054.125;  265.375;    0.000
504.458; 3978.125;  228.375;    0.000
504.592; 3960.125;  231.375;    0.000
504.726; 3923.125;  218.375;    0.000
504.860; 3865.125;  253.375;    0.000
504.994; 3874.125;  217.375;    0.000
505.128; 3726.125;  243.375;    0.000
505.262; 3773.125;  194.375;    0.000
505.396; 3709.125;  210.375;    0.000
505.530; 3592.125;  211.375;    0.000
505.664; 3658.125;  219.375;    0.000
505.798; 3596.125;  240.375;    0.000
505.932; 3570.125;  240.375;    0.000
506.066; 3628.125;  252.375;    0.000
506.199; 3581.125;  242.375;    0.000
506.333; 3472.125;  244.375;    0.000
506.467; 3467.125;  223.375;    0.000
506.601; 3444.125;  183.375;    0.000
506.735; 3417.125;  249.375;    0.000
506.869; 3492.125;  270.375;    0.000
507.002; 3375.125;  207.375;    0.000
507.136; 3391.125;  242.375;    0.000
507.270; 3481.125;  232.375;    0.000
507.404; 3388.125;  195.375;    0.000
507.537; 3381.125;  218.375;    0.000
507.671; 3319.125;  246.375;    0.000
507.805; 3349.125;  244.375;    0.000
507.939; 3208.125;  251.375;    0.000
508.072; 3283.125;  212.375;    0.000
508.206; 3226.125;  198.375;    0.000
508.340; 3261.125;  234.375;    0.000
508.473; 3252.125;  217.375;    0.000
508.607; 3273.125;  224.375;    0.000
508.740; 3267.125;  207.375;    0.000
508.874; 3192.125;  230.375;    0.000
509.008; 3172.125;  246.375;    0.000
509.141; 3147.125;  239.375;    0.000
509.275; 3128.125;  229.375;    0.000
509.408; 3165.125;  234.375;    0.000
509.542; 3159.125;  212.375;    0.000
509.675; 3187.125;  256.375;    0.000
509.809; 3149.125;  232.375;    0.000
509.942; 3217.125;  237.375;    0.000
510.076; 3124.125;  226.375;    0.000
510.209; 3175.125;  251.375;    0.000
510.343; 3145.125;  229.375;    0.000
510.476; 3104.125;  285.375;    0.000
510.610; 3036.125;  211.375;    0.000
510.743; 3119.125;  258.375;    0.000
510.877; 3011.125;  244.375;    0.000
511.010; 3046.125;  235.375;    0.000
511.143; 3065.125;  251.375;    0.000
511.277; 3063.125;  228.375;    0.000
511.410; 3029.125;  216.375;    0.000
511.543; 3057.125;  231.375;    0.000
511.677; 3040.125;  244.375;    0.000
511.810; 3006.125;  186.375;    0.000
511.943; 2979.125;  211.375;    0.000
512.077; 3094.125;  201.375;    0.000
512.210; 2946.125;  194.375;    0.000
512.343; 3071.125;  233.375;    0.000
512.476; 3046.125;  234.375;    0.000
512.610; 2949.125;  224.375;    0.000
512.743; 3094.125;  255.375;    0.000
512.876; 2996.125;  264.375;    0.000
513.009; 3097.125;  283.375;    0.000
513.142; 3080.125;  246.375;    0.000
513.276; 2950.125;  217.375;    0.000
513.409; 3014.125;  222.375;    0.000
513.542; 3029.125;  237.375;    0.000
513.675; 3028.125;  238.375;    0.000
513.808; 2961.125;  220.375;    0.000
513.941; 2972.125;  233.375;    0.000
514.074; 2956.125;  248.375;    0.000
514.207; 2962.125;  233.375;    0.000
514.340; 3045.125;  190.375;    0.000
514.474; 3058.125;  221.375;    0.000
514.607; 3061.125;  213.375;    0.000
514.740; 3037.125;  251.375;    0.000
514.873; 2988.125;  257.375;    0.000
515.006; 3108.125;  268.375;    0.000
515.139; 3034.125;  257.375;    0.000
515.272; 3074.125;  227.375;    0.000
515.404; 3090.125;  238.375;    0.000
515.537; 3041.125;  275.375;    0.000
515.670; 3051.125;  239.375;    0.000
515.803; 3156.125;  223.375;    0.000
515.936; 3090.125;  202.375;    0.000
516.069; 3136.125;  188.375;    0.000
516.202; 3228.125;  240.375;    0.000
516.335; 3265.125;  252.375;    0.000
516.468; 3403.125;  254.375;    0.000
516.600; 4056.125;  254.375;    0.000
516.733; 4941.125;  255.375;    0.000
516.866; 4743.125;  265.375;    0.000
516.999; 4254.125;  251.375;    0.000
517.132; 5357.125;  256.375;    0.000
517.264; 7275.125;  202.375;    0.000
517.397; 7056.125;  248.375;    0.000
517.530; 5165.125;  221.375;    0.000
517.663; 4458.125;  244.375;    0.000
517.795; 4232.125;  245.375;    0.000
517.928; 4051.125;  236.375;    0.000
518.061; 4153.125;  219.375;    0.000
518.193; 5392.125;  251.375;    0.000
518.326; 8460.125;  271.375;    0.000
518.459; 8845.125;  207.375;    0.000
518.591; 6515.125;  217.375;    0.000
518.724; 4944.125;  200.375;    0.000
518.857; 4477.125;  204.375;    0.000
518.989; 4005.125;  242.375;    0.000
519.122; 3842.125;  254.375;    0.000
519.254; 3653.125;  239.375;    0.000
519.387; 3513.125;  235.375;    0.000
519.519; 3334.125;  227.375;    0.000
519.652; 3266.125;  178.375;    0.000
519.784; 3270.125;  226.375;    0.000
519.917; 3180.125;  256.375;    0.000
520.049; 3110.125;  234.375;    0.000
520.182; 3138.125;  258.375;    0.000
520.314; 3180.125;  298.375;    0.000
520.447; 3074.125;  204.375;    0.000
520.579; 3039.125;  235.375;    0.000
520.712; 3010.125;  208.375;    0.000
520.844; 2996.125;  272.375;    0.000
520.976; 2909.125;  234.375;    0.000
521.109; 2942.125;  235.375;    0.000
521.241; 2893.125;  250.375;    0.000
521.373; 2950.125;  233.375;    0.000
521.506; 2801.125;  231.375;    0.000
521.638; 2874.125;  258.375;    0.000
521.770; 2858.125;  226.375;    0.000
521.903; 2704.125;  258.375;    0.000
522.035; 2804.125;  263.375;    0.000
522.167; 2794.125;  214.375;    0.000
522.300; 2726.125;  212.375;    0.000
522.432; 2738.125;  220.375;    0.000
522.564; 2649.125;  228.375;    0.000
522.696; 2689.125;  272.375;    0.000
522.828; 2712.125;  222.375;    0.000
522.961; 2742.125;  205.375;    0.000
523.093; 2750.125;  253.375;    0.000
523.225; 2682.125;  239.375;    0.000
523.357; 2722.125;  263.375;    0.000
523.489; 2695.125;  264.375;    0.000
523.621; 2700.125;  259.375;    0.000
523.753; 2536.125;  233.375;    0.000
523.885; 2628.125;  232.375;    0.000
524.018; 2558.125;  214.375;    0.000
524.150; 2647.125;  235.375;    0.000
524.282; 2637.125;  242.375;    0.000
524.414; 2601.125;  261.375;    0.000
524.546; 2589.125;  233.375;    0.000
524.678; 2570.125;  242.375;    0.000
524.810; 2583.125;  216.375;    0.000
524.942; 2516.125;  220.375;    0.000
525.074; 2518.125;  249.375;    0.000
525.206; 2468.125;  227.375;    0.000
525.338; 2556.125;  250.375;    0.000
525.469; 2545.125;  231.375;    0.000
525.601; 2597.125;  245.375;    0.000
525.733; 2516.125;  187.375;    0.000
525.865; 2573.125;  280.375;    0.000
525.997; 2549.125;  216.375;    0.000
526.129; 2384.125;  228.375;    0.000
526.261; 2542.125;  187.375;    0.000
526.393; 2599.125;  228.375;    0.000
526.524; 2440.125;  201.375;    0.000
526.656; 2436.125;  199.375;    0.000
526.788; 2501.125;  233.375;    0.000
526.920; 2516.125;  256.375;    0.000
527.052; 2513.125;  219.375;    0.000
527.183; 2399.125;  227.375;    0.000
527.315; 2437.125;  266.375;    0.000
527.447; 2540.125;  239.375;    0.000
527.578; 2389.125;  213.375;    0.000
527.710; 2424.125;  216.375;    0.000
527.842; 2427.125;  240.375;    0.000
527.973; 2402.125;  286.375;    0.000
528.105; 2361.125;  222.375;    0.000
528.237; 2470.125;  223.375;    0.000
528.368; 2357.125;  211.375;    0.000
528.500; 2459.125;  215.375;    0.000
528.632; 2410.125;  216.375;    0.000
528.763; 2422.125;  234.375;    0.000
528.895; 2390.125;  196.375;    0.000
529.026; 2410.125;  202.375;    0.000
529.158; 2381.125;  226.375;    0.000
529.289; 2456.125;  229.375;    0.000
529.421; 2450.125;  264.375;    0.000
529.552; 2464.125;  265.375;    0.000
529.684; 2468.125;  260.375;    0.000
529.815; 2378.125;  284.375;    0.000
529.947; 2419.125;  237.375;    0.000
530.078; 2380.125;  223.375;    0.000
530.210; 2455.125;  223.375;    0.000
530.341; 2387.125;  209.375;    0.000
530.472; 2388.125;  203.375;    0.000
530.604; 2443.125;  223.375;    0.000
530.735; 2433.125;  218.375;    0.000
530.867; 2413.125;  222.375;    0.000
530.998; 2435.125;  239.375;    0.000
531.129; 2379.125;  250.375;    0.000
531.260; 2525.125;  224.375;    0.000
531.392; 2428.125;  216.375;    0.000
531.523; 2430.125;  234.375;    0.000
531.654; 2473.125;  256.375;    0.000
531.786; 2403.125;  226.375;    0.000
531.917; 2506.125;  239.375;    0.000
532.048; 2477.125;  205.375;    0.000
532.179; 2476.125;  244.375;    0.000
532.311; 2426.125;  235.375;    0.000
532.442; 2419.125;  258.375;    0.000
532.573; 2430.125;  220.375;    0.000
532.704; 2442.125;  213.375;    0.000
532.835; 2361.125;  249.375;    0.000
532.966; 2386.125;  226.375;    0.000
533.097; 2435.125;  246.375;    0.000
533.229; 2426.125;  237.375;    0.000
533.360; 2430.125;  225.375;    0.000
533.491; 2394.125;  241.375;    0.000
533.622; 2392.125;  242.375;    0.000
533.753; 2419.125;  264.375;    0.000
533.884; 2438.125;  245.375;    0.000
534.015; 2496.125;  269.375;    0.000
534.146; 2438.125;  267.375;    0.000
534.277; 2397.125;  282.375;    0.000
534.408; 2423.125;  229.375;    0.000
534.539; 2414.125;  269.375;    0.000
534.670; 2365.125;  231.375;    0.000
534.801; 2282.125;  260.375;    0.000
534.932; 2354.125;  232.375;    0.000
535.063; 2409.125;  227.375;    0.000
535.194; 2370.125;  281.375;    0.000
535.324; 2376.125;  206.375;    0.000
535.455; 2392.125;  257.375;    0.000
535.586; 2458.125;  275.375;    0.000
535.717; 2300.125;  206.375;    0.000
535.848; 2390.125;  271.375;    0.000
535.979; 2335.125;  250.375;    0.000
536.109; 2345.125;  253.375;    0.000
536.240; 2334.125;  234.375;    0.000
536.371; 2351.125;  230.375;    0.000
536.502; 2396.125;  270.375;    0.000
536.632; 2363.125;  228.375;    0.000
536.763; 2314.125;  249.375;    0.000
536.894; 2338.125;  262.375;    0.000
537.025; 2347.125;  258.375;    0.000
537.155; 2401.125;  278.375;    0.000
537.286; 2281.125;  209.375;    0.000
537.417; 2322.125;  255.375;    0.000
537.547; 2294.125;  208.375;    0.000
537.678; 2395.125;  224.375;    0.000
537.808; 2370.125;  224.375;    0.000
537.939; 2310.125;  257.375;    0.000
538.070; 2326.125;  240.375;    0.000
538.200; 2320.125;  259.375;    0.000
538.331; 2323.125;  235.375;    0.000
538.461; 2190.125;  251.375;    0.000
538.592; 2218.125;  245.375;    0.000
538.722; 2364.125;  239.375;    0.000
538.853; 2323.125;  216.375;    0.000
538.983; 2271.125;  226.375;    0.000
539.114; 2342.125;  240.375;    0.000
539.244; 2270.125;  237.375;    0.000
539.375; 2295.125;  198.375;    0.000
539.505; 2283.125;  263.375;    0.000
539.636; 2267.125;  226.375;    0.000
539.766; 2368.125;  229.375;    0.000
539.896; 2298.125;  219.375;    0.000
540.027; 2245.125;  246.375;    0.000
540.157; 2313.125;  218.375;    0.000
540.287; 2255.125;  216.375;    0.000
540.418; 2369.125;  267.375;    0.000
540.548; 2296.125;  260.375;    0.000
540.678; 2266.125;  242.375;    0.000
540.809; 2366.125;  260.375;    0.000
540.939; 2247.125;  257.375;    0.000
541.069; 2276.125;  226.375;    0.000
541.200; 2347.125;  227.375;    0.000
541.330; 2346.125;  218.375;    0.000
541.460; 2336.125;  223.375;    0.000
541.590; 2345.125;  237.375;    0.000
541.720; 2271.125;  222.375;    0.000
541.851; 2303.125;  250.375;    0.000
541.981; 2252.125;  222.375;    0.000
542.111; 2431.125;  212.375;    0.000
542.241; 2338.125;  205.375;    0.000
542.371; 2387.125;  202.375;    0.000
542.501; 2307.125;  218.375;    0.000
542.631; 2377.125;  222.375;    0.000
542.761; 2447.125;  249.375;    0.000
542.891; 2380.125;  173.375;    0.000
543.021; 2391.125;  218.375;    0.000
543.151; 2343.125;  222.375;    0.000
543.281; 2326.125;  188.375;    0.000
543.411; 2379.125;  239.375;    0.000
543.542; 2339.125;  215.375;    0.000
543.671; 2357.125;  250.375;    0.000
543.801; 2333.125;  212.375;    0.000
543.931; 2388.125;  233.375;    0.000
544.061; 2287.125;  194.375;    0.000
544.191; 2307.125;  218.375;    0.000
544.321; 2286.125;  220.375;    0.000
544.451; 2356.125;  183.375;    0.000
544.581; 2363.125;  221.375;    0.000
544.711; 2373.125;  224.375;    0.000
544.841; 2475.125;  214.375;    0.000
544.970; 2526.125;  227.375;    0.000
545.100; 2363.125;  186.375;    0.000
545.230; 2505.125;  205.375;    0.000
545.360; 2410.125;  211.375;    0.000
545.490; 2401.125;  202.375;    0.000
545.619; 2370.125;  182.375;    0.000
545.749; 2393.125;  174.375;    0.000
545.879; 2428.125;  169.375;    0.000
546.009; 2382.125;  182.375;    0.000
546.138; 2360.125;  200.375;    0.000
546.268; 2370.125;  204.375;    0.000
546.398; 2386.125;  200.375;    0.000
546.527; 2317.125;  179.375;    0.000
546.657; 2304.125;  162.375;    0.000
546.786; 2321.125;  179.375;    0.000
546.916; 2388.125;  221.375;    0.000
547.046; 2368.125;  179.375;    0.000
547.175; 2416.125;  168.375;    0.000
547.305; 2425.125;  200.375;    0.000
547.434; 2406.125;  166.375;    0.000
547.564; 2385.125;  177.375;    0.000
547.693; 2345.125;  152.375;    0.000
547.823; 2367.125;  171.375;    0.000
547.953; 2356.125;  195.375;    0.000
548.082; 2436.125;  214.375;    0.000
548.211; 2318.125;  177.375;    0.000
548.341; 2360.125;  189.375;    0.000
548.470; 2385.125;  194.375;    0.000
548.600; 2397.125;  172.375;    0.000
548.729; 2327.125;  158.375;    0.000
548.859; 2386.125;  193.375;    0.000
548.988; 2303.125;  131.375;    0.000
549.117; 2364.125;  204.375;    0.000
549.247; 2366.125;  191.375;    0.000
549.376; 2371.125;  202.375;    0.000
549.505; 2348.125;  187.375;    0.000
549.635; 2449.125;  198.375;    0.000
549.764; 2379.125;  155.375;    0.000
549.893; 2386.125;  176.375;    0.000
550.023; 2491.125;  202.375;    0.000
550.152; 2443.125;  168.375;    0.000
550.281; 2440.125;  180.375;    0.000
550.410; 2371.125;  180.375;    0.000
550.539; 2442.125;  181.375;    0.000
550.669; 2475.125;  168.375;    0.000
550.798; 2435.125;  223.375;    0.000
550.927; 2431.125;  179.375;    0.000
551.056; 2379.125;  159.375;    0.000
551.185; 2474.125;  199.375;    0.000
551.314; 2419.125;  185.375;    0.000
551.443; 2465.125;  172.375;    0.000
551.573; 2373.125;  158.375;    0.000
551.702; 2457.125;  210.375;    0.000
551.831; 2504.125;  238.375;    0.000
551.960; 2445.125;  191.375;    0.000
552.089; 2502.125;  195.375;    0.000
552.218; 2518.125;  196.375;    0.000
552.347; 2554.125;  194.375;    0.000
552.476; 2449.125;  192.375;    0.000
552.605; 2478.125;  172.375;    0.000
552.734; 2568.125;  214.375;    0.000
552.863; 2684.125;  177.375;    0.000
552.992; 2742.125;  190.375;    0.000
553.121; 2704.125;  185.375;    0.000
553.249; 2586.125;  175.375;    0.000
553.378; 2643.125;  192.375;    0.000
553.507; 2501.125;  193.375;    0.000
553.636; 2514.125;  182.375;    0.000
553.765; 2455.125;  187.375;    0.000
553.894; 2534.125;  214.375;    0.000
554.023; 2487.125;  217.375;    0.000
554.151; 2518.125;  223.375;    0.000
554.280; 2520.125;  170.375;    0.000
554.409; 2477.125;  172.375;    0.000
554.538; 2492.125;  182.375;    0.000
554.666; 2475.125;  195.375;    0.000
554.795; 2418.125;  176.375;    0.000
554.924; 2377.125;  164.375;    0.000
555.052; 2484.125;  171.375;    0.000
555.181; 2453.125;  208.375;    0.000
555.310; 2425.125;  214.375;    0.000
555.439; 2430.125;  193.375;    0.000
555.567; 2432.125;  189.375;    0.000
555.696; 2395.125;  196.375;    0.000
555.824; 2366.125;  183.375;    0.000
555.953; 2522.125;  234.375;    0.000
556.082; 2424.125;  183.375;    0.000
556.210; 2419.125;  199.375;    0.000
556.339; 2327.125;  201.375;    0.000
556.467; 2394.125;  208.375;    0.000
556.596; 2426.125;  194.375;    0.000
556.724; 2329.125;  170.375;    0.000
556.853; 2339.125;  166.375;    0.000
556.981; 2355.125;  185.375;    0.000
557.110; 2352.125;  213.375;    0.000
557.238; 2344.125;  188.375;    0.000
557.367; 2356.125;  176.375;    0.000
557.495; 2353.125;  180.375;    0.000
557.623; 2293.125;  193.375;    0.000
557.752; 2363.125;  207.375;    0.000
557.880; 2321.125;  189.375;    0.000
558.008; 2365.125;  169.375;    0.000
558.137; 2402.125;  203.375;    0.000
558.265; 2412.125;  167.375;    0.000
558.393; 2371.125;  204.375;    0.000
558.522; 2368.125;  203.375;    0.000
558.650; 2338.125;  215.375;    0.000
558.778; 2376.125;  190.375;    0.000
558.906; 2369.125;  186.375;    0.000
559.035; 2331.125;  193.375;    0.000
559.163; 2339.125;  198.375;    0.000
559.291; 2272.125;  222.375;    0.000
559.419; 2271.125;  192.375;    0.000
559.548; 2324.125;  186.375;    0.000
559.676; 2379.125;  199.375;    0.000
559.804; 2379.125;  186.375;    0.000
559.932; 2439.125;  202.375;    0.000
560.060; 2365.125;  183.375;    0.000
560.188; 2441.125;  212.375;    0.000
560.316; 2323.125;  192.375;    0.000
560.444; 2411.125;  180.375;    0.000
560.572; 2433.125;  206.375;    0.000
560.700; 2406.125;  184.375;    0.000
560.828; 2442.125;  177.375;    0.000
560.956; 2439.125;  221.375;    0.000
561.085; 2479.125;  227.375;    0.000
561.212; 2424.125;  208.375;    0.000
561.340; 2436.125;  189.375;    0.000
561.468; 2432.125;  189.375;    0.000
561.596; 2429.125;  183.375;    0.000
561.724; 2499.125;  188.375;    0.000
561.852; 2463.125;  183.375;    0.000
561.980; 2461.125;  209.375;    0.000
562.108; 2403.125;  165.375;    0.000
562.236; 2446.125;  188.375;    0.000
562.364; 2473.125;  177.375;    0.000
562.492; 2421.125;  192.375;    0.000
562.619; 2454.125;  187.375;    0.000
562.747; 2473.125;  217.375;    0.000
562.875; 2408.125;  221.375;    0.000
563.003; 2472.125;  199.375;    0.000
563.130; 2546.125;  191.375;    0.000
563.258; 2492.125;  186.375;    0.000
563.386; 2542.125;  191.375;    0.000
563.514; 2563.125;  217.375;    0.000
563.641; 2651.125;  220.375;    0.000
563.769; 2616.125;  186.375;    0.000
563.897; 2559.125;  158.375;    0.000
564.024; 2724.125;  192.375;    0.000
564.152; 2645.125;  217.375;    0.000
564.280; 2601.125;  203.375;    0.000
564.407; 2703.125;  190.375;    0.000
564.535; 2665.125;  188.375;    0.000
564.662; 2745.125;  199.375;    0.000
564.790; 2710.125;  227.375;    0.000
564.917; 2718.125;  160.375;    0.000
565.045; 2719.125;  222.375;    0.000
565.173; 2802.125;  169.375;    0.000
565.300; 2856.125;  208.375;    0.000
565.428; 2790.125;  174.375;    0.000
565.555; 2742.125;  201.375;    0.000
565.682; 2831.125;  180.375;    0.000
565.810; 2940.125;  165.375;    0.000
565.937; 2981.125;  167.375;    0.000
566.065; 3042.125;  190.375;    0.000
566.192; 3092.125;  169.375;    0.000
566.320; 3263.125;  167.375;    0.000
566.447; 3125.125;  151.375;    0.000
566.574; 3240.125;  176.375;    0.000
566.702; 3246.125;  198.375;    0.000
566.829; 3189.125;  209.375;    0.000
566.956; 3287.125;  186.375;    0.000
567.083; 3188.125;  188.375;    0.000
567.211; 3205.125;  159.375;    0.000
567.338; 3362.125;  204.375;    0.000
567.465; 3314.125;  141.375;    0.000
567.593; 3363.125;  168.375;    0.000
567.720; 3317.125;  177.375;    0.000
567.847; 3348.125;  160.375;    0.000
567.974; 3202.125;  139.375;    0.000
568.101; 3288.125;  153.375;    0.000
568.228; 3315.125;  173.375;    0.000
568.356; 3114.125;  149.375;    0.000
568.483; 3089.125;  185.375;    0.000
568.610; 3056.125;  170.375;    0.000
568.737; 3029.125;  223.375;    0.000
568.864; 3031.125;  167.375;    0.000
568.991; 2882.125;  177.375;    0.000
569.118; 2916.125;  169.375;    0.000
569.245; 2793.125;  128.375;    0.000
569.372; 2798.125;  160.375;    0.000
569.499; 2771.125;  156.375;    0.000
569.626; 2690.125;  191.375;    0.000
569.753; 2677.125;  163.375;    0.000
569.880; 2744.125;  167.375;    0.000
570.007; 2766.125;  143.375;    0.000
570.134; 2655.125;  191.375;    0.000
570.261; 2676.125;  164.375;    0.000
570.388; 2704.125;  162.375;    0.000
570.515; 2677.125;  220.375;    0.000
570.642; 2628.125;  184.375;    0.000
570.768; 2603.125;  174.375;    0.000
570.895; 2667.125;  177.375;    0.000
571.022; 2621.125;  152.375;    0.000
571.149; 2686.125;  183.375;    0.000
571.276; 2619.125;  153.375;    0.000
571.402; 2601.125;  190.375;    0.000
571.529; 2593.125;  187.375;    0.000
571.656; 2556.125;  167.375;    0.000
571.783; 2460.125;  186.375;    0.000
571.909; 2611.125;  183.375;    0.000
572.036; 2536.125;  162.375;    0.000
572.163; 2446.125;  196.375;    0.000
572.289; 2525.125;  180.375;    0.000
572.416; 2437.125;  190.375;    0.000
572.543; 2525.125;  174.375;    0.000
572.669; 2401.125;  186.375;    0.000
572.796; 2454.125;  205.375;    0.000
572.922; 2468.125;  185.375;    0.000
573.049; 2434.125;  178.375;    0.000
573.176; 2460.125;  196.375;    0.000
573.302; 2500.125;  202.375;    0.000
573.429; 2394.125;  189.375;    0.000
573.555; 2393.125;  145.375;    0.000
573.682; 2452.125;  228.375;    0.000
573.808; 2483.125;  197.375;    0.000
573.935; 2395.125;  216.375;    0.000
574.061; 2474.125;  173.375;    0.000
574.188; 2446.125;  151.375;    0.000
574.314; 2349.125;  181.375;    0.000
574.440; 2485.125;  167.375;    0.000
574.567; 2367.125;  185.375;    0.000
574.693; 2376.125;  173.375;    0.000
574.820; 2414.125;  164.375;    0.000
574.946; 2396.125;  199.375;    0.000
575.072; 2508.125;  162.375;    0.000
575.198; 2499.125;  225.375;    0.000
575.325; 2341.125;  171.375;    0.000
575.451; 2414.125;  183.375;    0.000
575.577; 2405.125;  190.375;    0.000
575.704; 2423.125;  210.375;    0.000
575.830; 2393.125;  185.375;    0.000
575.956; 2388.125;  168.375;    0.000
576.082; 2382.125;  158.375;    0.000
576.208; 2394.125;  158.375;    0.000
576.335; 2375.125;  196.375;    0.000
576.461; 2446.125;  187.375;    0.000
576.587; 2383.125;  157.375;    0.000
576.713; 2364.125;  156.375;    0.000
576.839; 2404.125;  196.375;    0.000
576.965; 2335.125;  187.375;    0.000
577.091; 2332.125;  204.375;    0.000
577.217; 2377.125;  207.375;    0.000
577.343; 2287.125;  175.375;    0.000
577.469; 2335.125;  197.375;    0.000
577.596; 2361.125;  182.375;    0.000
577.722; 2369.125;  159.375;    0.000
577.848; 2370.125;  162.375;    0.000
577.974; 2367.125;  180.375;    0.000
578.099; 2251.125;  161.375;    0.000
578.225; 2336.125;  180.375;    0.000
578.351; 2332.125;  190.375;    0.000
578.477; 2324.125;  212.375;    0.000
578.603; 2373.125;  179.375;    0.000
578.729; 2275.125;  195.375;    0.000
578.855; 2331.125;  153.375;    0.000
578.981; 2305.125;  162.375;    0.000
579.107; 2297.125;  149.375;    0.000
579.232; 2330.125;  164.375;    0.000
579.358; 2343.125;  162.375;    0.000
579.484; 2353.125;  181.375;    0.000
579.610; 2264.125;  190.375;    0.000
579.735; 2446.125;  191.375;    0.000
579.861; 2334.125;  189.375;    0.000
579.987; 2327.125;  202.375;    0.000
580.113; 2334.125;  197.375;    0.000
580.238; 2353.125;  228.375;    0.000
580.364; 2314.125;  212.375;    0.000
580.490; 2308.125;  225.375;    0.000
580.615; 2335.125;  218.375;    0.000
580.741; 2352.125;  167.375;    0.000
580.867; 2348.125;  215.375;    0.000
580.992; 2360.125;  191.375;    0.000
581.118; 2269.125;  171.375;    0.000
581.243; 2333.125;  204.375;    0.000
581.369; 2355.125;  186.375;    0.000
581.494; 2301.125;  184.375;    0.000
581.620; 2249.125;  212.375;    0.000
581.745; 2226.125;  192.375;    0.000
581.871; 2240.125;  195.375;    0.000
581.996; 2371.125;  160.375;    0.000
582.122; 2304.125;  217.375;    0.000
582.247; 2270.125;  213.375;    0.000
582.373; 2284.125;  187.375;    0.000
582.498; 2343.125;  208.375;    0.000
582.624; 2309.125;  189.375;    0.000
582.749; 2381.125;  185.375;    0.000
582.874; 2302.125;  195.375;    0.000
583.000; 2293.125;  208.375;    0.000
583.125; 2319.125;  147.375;    0.000
583.250; 2264.125;  201.375;    0.000
583.376; 2308.125;  191.375;    0.000
583.501; 2332.125;  206.375;    0.000
583.626; 2350.125;  167.375;    0.000
583.751; 2337.125;  180.375;    0.000
583.877; 2315.125;  185.375;    0.000
584.002; 2311.125;  186.375;    0.000
584.127; 2221.125;  176.375;    0.000
584.252; 2310.125;  214.375;    0.000
584.377; 2282.125;  225.375;    0.000
584.503; 2275.125;  195.375;    0.000
584.628; 2339.125;  206.375;    0.000
584.753; 2400.125;  181.375;    0.000
584.878; 2308.125;  136.375;    0.000
585.003; 2312.125;  215.375;    0.000
585.128; 2353.125;  206.375;    0.000
585.253; 2533.125;  200.375;    0.000
585.378; 2373.125;  169.375;    0.000
585.503; 2299.125;  191.375;    0.000
585.628; 2323.125;  182.375;    0.000
585.753; 2334.125;  164.375;    0.000
585.878; 2332.125;  123.375;    0.000
586.003; 2348.125;  187.375;    0.000
586.128; 2339.125;  198.375;    0.000
586.253; 2277.125;  172.375;    0.000
586.378; 2296.125;  191.375;    0.000
586.503; 2287.125;  190.375;    0.000
586.628; 2405.125;  178.375;    0.000
586.753; 2431.125;  184.375;    0.000
586.878; 2322.125;  169.375;    0.000
587.003; 2331.125;  186.375;    0.000
587.127; 2411.125;  170.375;    0.000
587.252; 2380.125;  170.375;    0.000
587.377; 2451.125;  181.375;    0.000
587.502; 2400.125;  209.375;    0.000
587.627; 2381.125;  210.375;    0.000
587.751; 2425.125;  212.375;    0.000
587.876; 2443.125;  198.375;    0.000
588.001; 2411.125;  161.375;    0.000
588.125; 2335.125;  191.375;    0.000
588.250; 2400.125;  132.375;    0.000
588.375; 2524.125;  183.375;    0.000
588.499; 2613.125;  176.375;    0.000
588.624; 2957.125;  173.375;    0.000
588.749; 3517.125;  204.375;    0.000
588.873; 5719.125;  179.375;    0.000
588.998; 8171.125;  182.375;    0.000
589.122; 6954.125;  165.375;    0.000
589.247; 4538.125;  185.375;    0.000
589.372; 4022.125;  199.375;    0.000
589.496; 5705.125;  182.375;    0.000
589.621; 6847.125;  158.375;    0.000
589.745; 5516.125;  213.375;    0.000
589.870; 3546.125;  175.375;    0.000
589.994; 3060.125;  194.375;    0.000
590.118; 2890.125;  218.375;    0.000
590.243; 2709.125;  170.375;    0.000
590.367; 2647.125;  189.375;    0.000
590.492; 2540.125;  196.375;    0.000
590.616; 2613.125;  182.375;    0.000
590.740; 2532.125;  210.375;    0.000
590.865; 2564.125;  242.375;    0.000
590.989; 2497.125;  191.375;    0.000
591.114; 2481.125;  167.375;    0.000
591.238; 2468.125;  194.375;    0.000
591.362; 2623.125;  236.375;    0.000
591.486; 2579.125;  194.375;    0.000
591.611; 2492.125;  154.375;    0.000
591.735; 2532.125;  186.375;    0.000
591.859; 2509.125;  148.375;    0.000
591.983; 2567.125;  211.375;    0.000
592.107; 2527.125;  204.375;    0.000
592.232; 2557.125;  194.375;    0.000
592.356; 2575.125;  238.375;    0.000
592.480; 2556.125;  179.375;    0.000
592.604; 2605.125;  192.375;    0.000
592.728; 2637.125;  201.375;    0.000
592.852; 2536.125;  158.375;    0.000
592.976; 2525.125;  152.375;    0.000
593.100; 2665.125;  194.375;    0.000
593.224; 2676.125;  235.375;    0.000
593.349; 2706.125;  233.375;    0.000
593.473; 2621.125;  194.375;    0.000
593.597; 2646.125;  215.375;    0.000
593.721; 2638.125;  212.375;    0.000
593.844; 2619.125;  220.375;    0.000
593.968; 2622.125;  221.375;    0.000
594.092; 2628.125;  150.375;    0.000
594.216; 2712.125;  212.375;    0.000
594.340; 2634.125;  209.375;    0.000
594.464; 2569.125;  207.375;    0.000
594.588; 2640.125;  195.375;    0.000
594.712; 2549.125;  176.375;    0.000
594.836; 2517.125;  219.375;    0.000
594.959; 2462.125;  215.375;    0.000
595.083; 2486.125;  200.375;    0.000
595.207; 2585.125;  206.375;    0.000
595.331; 2502.125;  207.375;    0.000
595.455; 2392.125;  206.375;    0.000
595.578; 2458.125;  204.375;    0.000
595.702; 2474.125;  225.375;    0.000
595.826; 2402.125;  186.375;    0.000
595.949; 2450.125;  196.375;    0.000
596.073; 2457.125;  188.375;    0.000
596.197; 2410.125;  217.375;    0.000
596.320; 2384.125;  225.375;    0.000
596.444; 2334.125;  220.375;    0.000
596.568; 2360.125;  155.375;    0.000
596.691; 2366.125;  195.375;    0.000
596.815; 2412.125;  163.375;    0.000
596.938; 2441.125;  181.375;    0.000
597.062; 2342.125;  201.375;    0.000
597.186; 2387.125;  200.375;    0.000
597.309; 2330.125;  214.375;    0.000
597.433; 2345.125;  176.375;    0.000
597.556; 2338.125;  193.375;    0.000
597.680; 2332.125;  241.375;    0.000
597.803; 2297.125;  185.375;    0.000
597.926; 2274.125;  200.375;    0.000
598.050; 2222.125;  193.375;    0.000
598.173; 2268.125;  219.375;    0.000
598.297; 2225.125;  223.375;    0.000
598.420; 2262.125;  187.375;    0.000
598.543; 2276.125;  205.375;    0.000
598.667; 2258.125;  177.375;    0.000
598.790; 2333.125;  208.375;    0.000
598.913; 2334.125;  170.375;    0.000
599.037; 2240.125;  212.375;    0.000
599.160; 2217.125;  165.375;    0.000
599.283; 2268.125;  211.375;    0.000
599.406; 2292.125;  207.375;    0.000
599.530; 2344.125;  182.375;    0.000
599.653; 2243.125;  215.375;    0.000
599.776; 2238.125;  167.375;    0.000
599.899; 2297.125;  190.375;    0.000
600.022; 2181.125;  182.375;    0.000
600.145; 2157.125;  180.375;    0.000
600.269; 2291.125;  208.375;    0.000
600.392; 2156.125;  214.375;    0.000
600.515; 2158.125;  196.375;    0.000
600.638; 2226.125;  204.375;    0.000
600.761; 2244.125;  209.375;    0.000
600.884; 2163.125;  207.375;    0.000
601.007; 2205.125;  234.375;    0.000
601.130; 2218.125;  183.375;    0.000
601.253; 2350.125;  211.375;    0.000
601.376; 2169.125;  199.375;    0.000
601.499; 2153.125;  190.375;    0.000
601.622; 2172.125;  210.375;    0.000
601.745; 2188.125;  180.375;    0.000
601.868; 2246.125;  204.375;    0.000
601.991; 2220.125;  188.375;    0.000
602.113; 2218.125;  210.375;    0.000
602.236; 2147.125;  194.375;    0.000
602.359; 2237.125;  213.375;    0.000
602.482; 2180.125;  169.375;    0.000
602.605; 2107.125;  189.375;    0.000
602.728; 2144.125;  236.375;    0.000
602.850; 2181.125;  230.375;    0.000
602.973; 2204.125;  187.375;    0.000
603.096; 2139.125;  201.375;    0.000
603.219; 2165.125;  209.375;    0.000
603.341; 2115.125;  209.375;    0.000
603.464; 2138.125;  194.375;    0.000
603.587; 2139.125;  166.375;    0.000
603.709; 2105.125;  175.375;    0.000
603.832; 2132.125;  239.375;    0.000
603.955; 2123.125;  205.375;    0.000
604.077; 2202.125;  196.375;    0.000
604.200; 2117.125;  188.375;    0.000
604.323; 2148.125;  224.375;    0.000
604.445; 2171.125;  182.375;    0.000
604.568; 2221.125;  199.375;    0.000
604.690; 2058.125;  175.375;    0.000
604.813; 2196.125;  211.375;    0.000
604.935; 2119.125;  171.375;    0.000
605.058; 2095.125;  196.375;    0.000
605.180; 2180.125;  194.375;    0.000
605.303; 2186.125;  198.375;    0.000
605.425; 2175.125;  212.375;    0.000
605.547; 2183.125;  238.375;    0.000
605.670; 2097.125;  207.375;    0.000
605.792; 2149.125;  204.375;    0.000
605.915; 2114.125;  198.375;    0.000
606.037; 2181.125;  215.375;    0.000
606.159; 2099.125;  170.375;    0.000
606.282; 2128.125;  194.375;    0.000
606.404; 2128.125;  207.375;    0.000
606.526; 2148.125;  208.375;    0.000
606.648; 2078.125;  174.375;    0.000
606.771; 2169.125;  170.375;    0.000
606.893; 2075.125;  182.375;    0.000
607.015; 2141.125;  180.375;    0.000
607.137; 2087.125;  187.375;    0.000
607.260; 2126.125;  202.375;    0.000
607.382; 2072.125;  226.375;    0.000
607.504; 2101.125;  208.375;    0.000
607.626; 2084.125;  229.375;    0.000
607.748; 2147.125;  170.375;    0.000
607.870; 2126.125;  208.375;    0.000
607.992; 2111.125;  184.375;    0.000
608.114; 2134.125;  213.375;    0.000
608.237; 2209.125;  237.375;    0.000
608.359; 2097.125;  176.375;    0.000
608.481; 2136.125;  173.375;    0.000
608.603; 2163.125;  189.375;    0.000
608.725; 2118.125;  185.375;    0.000
608.847; 2064.125;  239.375;    0.000
608.969; 2140.125;  237.375;    0.000
609.090; 2159.125;  189.375;    0.000
609.212; 2053.125;  147.375;    0.000
609.334; 2076.125;  177.375;    0.000
609.456; 2091.125;  196.375;    0.000
609.578; 2105.125;  199.375;    0.000
609.700; 2053.125;  167.375;    0.000
609.822; 2052.125;  140.375;    0.000
609.944; 2175.125;  225.375;    0.000
610.065; 2067.125;  183.375;    0.000
610.187; 2076.125;  170.375;    0.000
610.309; 2068.125;  210.375;    0.000
610.431; 2161.125;  185.375;    0.000
610.552; 2145.125;  197.375;    0.000
610.674; 2029.125;  188.375;    0.000
610.796; 2115.125;  162.375;    0.000
610.918; 2073.125;  200.375;    0.000
611.039; 2076.125;  209.375;    0.000
611.161; 2116.125;  201.375;    0.000
611.282; 2120.125;  197.375;    0.000
611.404; 2085.125;  220.375;    0.000
611.526; 2058.125;  159.375;    0.000
611.647; 2133.125;  205.375;    0.000
611.769; 2015.125;  161.375;    0.000
611.890; 2059.125;  173.375;    0.000
612.012; 2082.125;  225.375;    0.000
612.133; 2066.125;  188.375;    0.000
612.255; 2130.125;  217.375;    0.000
612.377; 2135.125;  219.375;    0.000
612.498; 2061.125;  177.375;    0.000
612.619; 2088.125;  211.375;    0.000
612.741; 2068.125;  185.375;    0.000
612.862; 2078.125;  191.375;    0.000
612.984; 2029.125;  190.375;    0.000
613.105; 2132.125;  211.375;    0.000
613.226; 2063.125;  174.375;    0.000
613.348; 2115.125;  235.375;    0.000
613.469; 2100.125;  230.375;    0.000
613.590; 2098.125;  208.375;    0.000
613.712; 2139.125;  244.375;    0.000
613.833; 2097.125;  202.375;    0.000
613.954; 2111.125;  228.375;    0.000
614.076; 2015.125;  220.375;    0.000
614.197; 2092.125;  191.375;    0.000
614.318; 2119.125;  201.375;    0.000
614.439; 2024.125;  212.375;    0.000
614.560; 2051.125;  219.375;    0.000
614.682; 2073.125;  189.375;    0.000
614.803; 2063.125;  188.375;    0.000
614.924; 2043.125;  225.375;    0.000
615.045; 2007.125;  227.375;    0.000
615.166; 2141.125;  200.375;    0.000
615.287; 2004.125;  195.375;    0.000
615.408; 2105.125;  199.375;    0.000
615.529; 2069.125;  227.375;    0.000
615.650; 2167.125;  176.375;    0.000
615.771; 2046.125;  211.375;    0.000
615.892; 2011.125;  212.375;    0.000
616.013; 2060.125;  172.375;    0.000
616.134; 2026.125;  220.375;    0.000
616.255; 2123.125;  251.375;    0.000
616.376; 2062.125;  186.375;    0.000
616.497; 1999.125;  201.375;    0.000
616.618; 2027.125;  149.375;    0.000
616.739; 2070.125;  213.375;    0.000
616.860; 2067.125;  224.375;    0.000
616.981; 2050.125;  224.375;    0.000
617.102; 2077.125;  217.375;    0.000
617.222; 2093.125;  237.375;    0.000
617.343; 2096.125;  205.375;    0.000
617.464; 2153.125;  229.375;    0.000
617.585; 2010.125;  227.375;    0.000
617.705; 2124.125;  191.375;    0.000
617.826; 2068.125;  237.375;    0.000
617.947; 2089.125;  223.375;    0.000
618.068; 1976.125;  189.375;    0.000
618.188; 2034.125;  194.375;    0.000
618.309; 2077.125;  206.375;    0.000
618.430; 2029.125;  229.375;    0.000
618.550; 2088.125;  250.375;    0.000
618.671; 2045.125;  201.375;    0.000
618.791; 2014.125;  226.375;    0.000
618.912; 2074.125;  246.375;    0.000
619.033; 2052.125;  243.375;    0.000
619.153; 2075.125;  208.375;    0.000
619.274; 2050.125;  223.375;    0.000
619.394; 2066.125;  226.375;    0.000
619.515; 2046.125;  188.375;    0.000
619.635; 2031.125;  216.375;    0.000
619.756; 2017.125;  229.375;    0.000
619.876; 1980.125;  216.375;    0.000
619.996; 2012.125;  244.375;    0.000
620.117; 1946.125;  225.375;    0.000
620.237; 2065.125;  207.375;    0.000
620.358; 2062.125;  239.375;    0.000
620.478; 1999.125;  237.375;    0.000
620.598; 2085.125;  237.375;    0.000
620.719; 2046.125;  223.375;    0.000
620.839; 2068.125;  254.375;    0.000
620.959; 2034.125;  244.375;    0.000
621.079; 1999.125;  193.375;    0.000
621.200; 2064.125;  233.375;    0.000
621.320; 2090.125;  270.375;    0.000
621.440; 1961.125;  206.375;    0.000
621.560; 2088.125;  241.375;    0.000
621.681; 1975.125;  231.375;    0.000
621.801; 2007.125;  235.375;    0.000
621.921; 2002.125;  240.375;    0.000
622.041; 2064.125;  244.375;    0.000
622.161; 2003.125;  225.375;    0.000
622.281; 1895.125;  222.375;    0.000
622.401; 2021.125;  238.375;    0.000
622.521; 1952.125;  233.375;    0.000
622.641; 2009.125;  241.375;    0.000
622.761; 2001.125;  233.375;    0.000
622.882; 2011.125;  230.375;    0.000
623.002; 1992.125;  206.375;    0.000
623.121; 1955.125;  217.375;    0.000
623.241; 2026.125;  263.375;    0.000
623.361; 1874.125;  245.375;    0.000
623.481; 1949.125;  194.375;    0.000
623.601; 2065.125;  228.375;    0.000
623.721; 1983.125;  219.375;    0.000
623.841; 2006.125;  234.375;    0.000
623.961; 1954.125;  235.375;    0.000
624.081; 1984.125;  166.375;    0.000
624.201; 2018.125;  229.375;    0.000
624.320; 2059.125;  224.375;    0.000
624.440; 1952.125;  200.375;    0.000
624.560; 1976.125;  220.375;    0.000
624.680; 1909.125;  214.375;    0.000
624.799; 1926.125;  179.375;    0.000
624.919; 1947.125;  199.375;    0.000
625.039; 1979.125;  211.375;    0.000
625.159; 1893.125;  213.375;    0.000
625.278; 1940.125;  178.375;    0.000
625.398; 1934.125;  206.375;    0.000
625.518; 1897.125;  182.375;    0.000
625.637; 1939.125;  206.375;    0.000
625.757; 1892.125;  197.375;    0.000
625.876; 1847.125;  204.375;    0.000
625.996; 1952.125;  222.375;    0.000
626.115; 1984.125;  222.375;    0.000
626.235; 1909.125;  222.375;    0.000
626.354; 1991.125;  211.375;    0.000
626.474; 1953.125;  217.375;    0.000
626.594; 1909.125;  190.375;    0.000
626.713; 1897.125;  200.375;    0.000
626.832; 1954.125;  234.375;    0.000
626.952; 1931.125;  214.375;    0.000
627.071; 1946.125;  243.375;    0.000
627.191; 1916.125;  192.375;    0.000
627.310; 1908.125;  211.375;    0.000
627.429; 1908.125;  218.375;    0.000
627.549; 1929.125;  214.375;    0.000
627.668; 1904.125;  208.375;    0.000
627.787; 1917.125;  199.375;    0.000
627.907; 1969.125;  208.375;    0.000
628.026; 1943.125;  216.375;    0.000
628.145; 1914.125;  170.375;    0.000
628.264; 1945.125;  217.375;    0.000
628.384; 1924.125;  190.375;    0.000
628.503; 1940.125;  203.375;    0.000
628.622; 1981.125;  197.375;    0.000
628.741; 1886.125;  186.375;    0.000
628.860; 1856.125;  191.375;    0.000
628.980; 1889.125;  196.375;    0.000
629.099; 1907.125;  190.375;    0.000
629.218; 1914.125;  165.375;    0.000
629.337; 1896.125;  190.375;    0.000
629.456; 1889.125;  222.375;    0.000
629.575; 1884.125;  197.375;    0.000
629.694; 1901.125;  210.375;    0.000
629.813; 1816.125;  187.375;    0.000
629.932; 1889.125;  224.375;    0.000
630.051; 1912.125;  216.375;    0.000
630.170; 1907.125;  203.375;    0.000
630.289; 1918.125;  178.375;    0.000
630.408; 1863.125;  192.375;    0.000
630.527; 1910.125;  223.375;    0.000
630.646; 1849.125;  177.375;    0.000
630.764; 1921.125;  224.375;    0.000
630.883; 1914.125;  220.375;    0.000
631.002; 1885.125;  187.375;    0.000
631.121; 1864.125;  208.375;    0.000
631.240; 1914.125;  217.375;    0.000
631.359; 1912.125;  241.375;    0.000
631.477; 1822.125;  189.375;    0.000
631.596; 1850.125;  244.375;    0.000
631.715; 1895.125;  241.375;    0.000
631.834; 1936.125;  219.375;    0.000
631.952; 1847.125;  231.375;    0.000
632.071; 1848.125;  197.375;    0.000
632.190; 1824.125;  193.375;    0.000
632.308; 1923.125;  185.375;    0.000
632.427; 1883.125;  188.375;    0.000
632.546; 1907.125;  208.375;    0.000
632.664; 1891.125;  191.375;    0.000
632.783; 1797.125;  201.375;    0.000
632.901; 1861.125;  239.375;    0.000
633.020; 1873.125;  197.375;    0.000
633.138; 1819.125;  189.375;    0.000
633.257; 1857.125;  210.375;    0.000
633.375; 1860.125;  213.375;    0.000
633.494; 1842.125;  206.375;    0.000
633.612; 1834.125;  231.375;    0.000
633.731; 1915.125;  213.375;    0.000
633.849; 1950.125;  244.375;    0.000
633.968; 1791.125;  251.375;    0.000
634.086; 1852.125;  224.375;    0.000
634.204; 1834.125;  212.375;    0.000
634.323; 1877.125;  213.375;    0.000
634.441; 1924.125;  219.375;    0.000
634.559; 1883.125;  198.375;    0.000
634.678; 1833.125;  201.375;    0.000
634.796; 1866.125;  179.375;    0.000
634.914; 1826.125;  255.375;    0.000
635.032; 1893.125;  264.375;    0.000
635.151; 1905.125;  228.375;    0.000
635.269; 1918.125;  223.375;    0.000
635.387; 1880.125;  228.375;    0.000
635.505; 1812.125;  214.375;    0.000
635.623; 1844.125;  279.375;    0.000
635.742; 1856.125;  237.375;    0.000
635.860; 1914.125;  244.375;    0.000
635.978; 1819.125;  213.375;    0.000
636.096; 1835.125;  230.375;    0.000
636.214; 1885.125;  252.375;    0.000
636.332; 1809.125;  221.375;    0.000
636.450; 1914.125;  227.375;    0.000
636.568; 1831.125;  193.375;    0.000
636.686; 1837.125;  208.375;    0.000
636.804; 1882.125;  213.375;    0.000
636.922; 1816.125;  199.375;    0.000
637.040; 1862.125;  202.375;    0.000
637.158; 1891.125;  239.375;    0.000
637.276; 1846.125;  225.375;    0.000
637.394; 1820.125;  217.375;    0.000
637.512; 1923.125;  192.375;    0.000
637.629; 1978.125;  216.375;    0.000
637.747; 1829.125;  198.375;    0.000
637.865; 1806.125;  265.375;    0.000
637.983; 1859.125;  245.375;    0.000
638.101; 1911.125;  199.375;    0.000
638.218; 1832.125;  197.375;    0.000
638.336; 1890.125;  212.375;    0.000
638.454; 1880.125;  227.375;    0.000
638.572; 1925.125;  215.375;    0.000
638.689; 1817.125;  214.375;    0.000
638.807; 1849.125;  233.375;    0.000
638.925; 1856.125;  217.375;    0.000
639.042; 1815.125;  180.375;    0.000
639.160; 1916.125;  220.375;    0.000
639.278; 1802.125;  180.375;    0.000
639.395; 1866.125;  243.375;    0.000
639.513; 1869.125;  207.375;    0.000
639.630; 1777.125;  183.375;    0.000
639.748; 1783.125;  231.375;    0.000
639.865; 1876.125;  215.375;    0.000
639.983; 1888.125;  182.375;    0.000
640.100; 1890.125;  190.375;    0.000
640.218; 1846.125;  224.375;    0.000
640.335; 1807.125;  214.375;    0.000
640.453; 1863.125;  212.375;    0.000
640.570; 1867.125;  224.375;    0.000
640.688; 1868.125;  220.375;    0.000
640.805; 1928.125;  189.375;    0.000
640.922; 1899.125;  256.375;    0.000
641.040; 1889.125;  209.375;    0.000
641.157; 1847.125;  195.375;    0.000
641.274; 1869.125;  195.375;    0.000
641.391; 1863.125;  231.375;    0.000
641.509; 1831.125;  207.375;    0.000
641.626; 1860.125;  227.375;    0.000
641.743; 1847.125;  188.375;    0.000
641.860; 1880.125;  208.375;    0.000
641.978; 1851.125;  222.375;    0.000
642.095; 1803.125;  194.375;    0.000
642.212; 1817.125;  202.375;    0.000
642.329; 1799.125;  241.375;    0.000
642.446; 1847.125;  261.375;    0.000
642.563; 1927.125;  236.375;    0.000
642.681; 1883.125;  228.375;    0.000
642.798; 1884.125;  242.375;    0.000
642.915; 1897.125;  197.375;    0.000
643.032; 1875.125;  239.375;    0.000
643.149; 1943.125;  241.375;    0.000
643.266; 1841.125;  199.375;    0.000
643.383; 1921.125;  200.375;    0.000
643.500; 1958.125;  221.375;    0.000
643.617; 1851.125;  196.375;    0.000
643.734; 1965.125;  207.375;    0.000
643.850; 1880.125;  222.375;    0.000
643.967; 1924.125;  235.375;    0.000
644.084; 1922.125;  233.375;    0.000
644.201; 1911.125;  229.375;    0.000
644.318; 1882.125;  210.375;    0.000
644.435; 1917.125;  234.375;    0.000
644.552; 1889.125;  220.375;    0.000
644.668; 1942.125;  231.375;    0.000
644.785; 1935.125;  231.375;    0.000
644.902; 1922.125;  238.375;    0.000
645.019; 1882.125;  226.375;    0.000
645.135; 1932.125;  179.375;    0.000
645.252; 1966.125;  224.375;    0.000
645.369; 1865.125;  206.375;    0.000
645.485; 1944.125;  200.375;    0.000
645.602; 1890.125;  210.375;    0.000
645.719; 1945.125;  206.375;    0.000
645.835; 1998.125;  247.375;    0.000
645.952; 2000.125;  222.375;    0.000
646.068; 1907.125;  205.375;    0.000
646.185; 2004.125;  230.375;    0.000
646.302; 2018.125;  254.375;    0.000
646.418; 1980.125;  230.375;    0.000
646.535; 2061.125;  214.375;    0.000
646.651; 2021.125;  179.375;    0.000
646.768; 2045.125;  190.375;    0.000
646.884; 1924.125;  208.375;    0.000
647.000; 2093.125;  262.375;    0.000
647.117; 2048.125;  212.375;    0.000
647.233; 1998.125;  228.375;    0.000
647.350; 2048.125;  208.375;    0.000
647.466; 1965.125;  211.375;    0.000
647.582; 2054.125;  196.375;    0.000
647.699; 2049.125;  217.375;    0.000
647.815; 2122.125;  203.375;    0.000
647.931; 2117.125;  201.375;    0.000
648.047; 2118.125;  182.375;    0.000
648.164; 2086.125;  219.375;    0.000
648.280; 2098.125;  213.375;    0.000
648.396; 2124.125;  202.375;    0.000
648.512; 2156.125;  233.375;    0.000
648.629; 2148.125;  206.375;    0.000
648.745; 2192.125;  188.375;    0.000
648.861; 2092.125;  209.375;    0.000
648.977; 2161.125;  218.375;    0.000
649.093; 2131.125;  225.375;    0.000
649.209; 2181.125;  240.375;    0.000
649.325; 2163.125;  253.375;    0.000
649.441; 2215.125;  263.375;    0.000
649.557; 2206.125;  256.375;    0.000
649.673; 2139.125;  211.375;    0.000
649.789; 2252.125;  237.375;    0.000
649.905; 2131.125;  183.375;    0.000
650.021; 2239.125;  238.375;    0.000
650.137; 2226.125;  241.375;    0.000
650.253; 2283.125;  228.375;    0.000
650.369; 2205.125;  221.375;    0.000
650.485; 2285.125;  240.375;    0.000
650.601; 2285.125;  254.375;    0.000
650.717; 2230.125;  201.375;    0.000
650.833; 2257.125;  257.375;    0.000
650.948; 2272.125;  213.375;    0.000
651.064; 2308.125;  223.375;    0.000
651.180; 2312.125;  230.375;    0.000
651.296; 2258.125;  235.375;    0.000
651.411; 2326.125;  221.375;    0.000
651.527; 2407.125;  233.375;    0.000
651.643; 2449.125;  236.375;    0.000
651.759; 2451.125;  268.375;    0.000
651.874; 2372.125;  214.375;    0.000
651.990; 2398.125;  251.375;    0.000
652.105; 2385.125;  217.375;    0.000
652.221; 2498.125;  243.375;    0.000
652.337; 2517.125;  231.375;    0.000
652.452; 2523.125;  238.375;    0.000
652.568; 2574.125;  188.375;    0.000
652.683; 2608.125;  197.375;    0.000
652.799; 2594.125;  194.375;    0.000
652.914; 2588.125;  222.375;    0.000
653.030; 2585.125;  200.375;    0.000
653.145; 2624.125;  235.375;    0.000
653.261; 2733.125;  261.375;    0.000
653.376; 2722.125;  228.375;    0.000
653.492; 2671.125;  222.375;    0.000
653.607; 2748.125;  227.375;    0.000
653.722; 2855.125;  250.375;    0.000
653.838; 2804.125;  255.375;    0.000
653.953; 2904.125;  235.375;    0.000
654.068; 3037.125;  266.375;    0.000
654.184; 3045.125;  210.375;    0.000
654.299; 3091.125;  240.375;    0.000
654.414; 3145.125;  222.375;    0.000
654.530; 3177.125;  222.375;    0.000
654.645; 3200.125;  256.375;    0.000
654.760; 3244.125;  244.375;    0.000
654.875; 3333.125;  229.375;    0.000
654.990; 3504.125;  226.375;    0.000
655.106; 3602.125;  254.375;    0.000
655.221; 3707.125;  251.375;    0.000
655.336; 3667.125;  245.375;    0.000
655.451; 3868.125;  199.375;    0.000
655.566; 4035.125;  228.375;    0.000
655.681; 4208.125;  208.375;    0.000
655.796; 4415.125;  218.375;    0.000
655.911; 4505.125;  233.375;    0.000
656.026; 4693.125;  232.375;    0.000
656.141; 4815.125;  223.375;    0.000
656.256; 5099.125;  247.375;    0.000
656.371; 4985.125;  220.375;    0.000
656.486; 5154.125;  225.375;    0.000
656.601; 5084.125;  257.375;    0.000
656.716; 4911.125;  248.375;    0.000
656.831; 4721.125;  262.375;    0.000
656.946; 4542.125;  249.375;    0.000
657.060; 4570.125;  245.375;    0.000
657.175; 4377.125;  245.375;    0.000
657.290; 4243.125;  219.375;    0.000
657.405; 4230.125;  286.375;    0.000
657.520; 4106.125;  259.375;    0.000
657.634; 3988.125;  239.375;    0.000
657.749; 3884.125;  227.375;    0.000
657.864; 3825.125;  210.375;    0.000
657.979; 3732.125;  236.375;    0.000
658.093; 3606.125;  210.375;    0.000
658.208; 3581.125;  248.375;    0.000
658.323; 3529.125;  216.375;    0.000
658.437; 3440.125;  248.375;    0.000
658.552; 3383.125;  249.375;    0.000
658.666; 3362.125;  256.375;    0.000
658.781; 3340.125;  247.375;    0.000
658.895; 3198.125;  209.375;    0.000
659.010; 3127.125;  219.375;    0.000
659.125; 3041.125;  215.375;    0.000
659.239; 3096.125;  205.375;    0.000
659.353; 3077.125;  246.375;    0.000
659.468; 2992.125;  245.375;    0.000
659.582; 2883.125;  244.375;    0.000
659.697; 2954.125;  242.375;    0.000
659.811; 2883.125;  239.375;    0.000
659.926; 2882.125;  226.375;    0.000
660.040; 2801.125;  255.375;    0.000
660.154; 2797.125;  225.375;    0.000
660.269; 2748.125;  200.375;    0.000
660.383; 2697.125;  192.375;    0.000
660.497; 2730.125;  218.375;    0.000
660.612; 2676.125;  236.375;    0.000
660.726; 2642.125;  263.375;    0.000
660.840; 2583.125;  205.375;    0.000
660.954; 2620.125;  219.375;    0.000
661.068; 2596.125;  240.375;    0.000
661.183; 2549.125;  221.375;    0.000
661.297; 2494.125;  194.375;    0.000
661.411; 2467.125;  253.375;    0.000
661.525; 2555.125;  246.375;    0.000
661.639; 2467.125;  217.375;    0.000
661.753; 2360.125;  241.375;    0.000
661.867; 2392.125;  276.375;    0.000
661.981; 2367.125;  203.375;    0.000
662.095; 2377.125;  224.375;    0.000
662.209; 2305.125;  217.375;    0.000
662.323; 2233.125;  251.375;    0.000
662.437; 2227.125;  243.375;    0.000
662.551; 2293.125;  244.375;    0.000
662.665; 2232.125;  247.375;    0.000
662.779; 2248.125;  251.375;    0.000
662.893; 2166.125;  254.375;    0.000
663.007; 2117.125;  222.375;    0.000
663.121; 2194.125;  253.375;    0.000
663.235; 2197.125;  270.375;    0.000
663.349; 2187.125;  242.375;    0.000
663.462; 2094.125;  230.375;    0.000
663.576; 2020.125;  230.375;    0.000
663.690; 2140.125;  249.375;    0.000
663.804; 2072.125;  200.375;    0.000
663.917; 2025.125;  204.375;    0.000
664.031; 1992.125;  206.375;    0.000
664.145; 2055.125;  202.375;    0.000
664.258; 1941.125;  221.375;    0.000
664.372; 1957.125;  215.375;    0.000
664.486; 1994.125;  179.375;    0.000
664.599; 2027.125;  208.375;    0.000
664.713; 2027.125;  268.375;    0.000
664.827; 1916.125;  225.375;    0.000
664.940; 1984.125;  222.375;    0.000
665.054; 1906.125;  208.375;    0.000
665.167; 1943.125;  253.375;    0.000
665.281; 1917.125;  237.375;    0.000
665.394; 1809.125;  227.375;    0.000
665.508; 1891.125;  192.375;    0.000
665.621; 1864.125;  175.375;    0.000
665.735; 1889.125;  249.375;    0.000
665.848; 1868.125;  197.375;    0.000
665.961; 1810.125;  206.375;    0.000
666.075; 1875.125;  245.375;    0.000
666.188; 1877.125;  230.375;    0.000
666.301; 1844.125;  219.375;    0.000
666.415; 1783.125;  231.375;    0.000
666.528; 1850.125;  258.375;    0.000
666.641; 1769.125;  243.375;    0.000
666.755; 1874.125;  208.375;    0.000
666.868; 1871.125;  228.375;    0.000
666.981; 1855.125;  244.375;    0.000
667.094; 1856.125;  244.375;    0.000
667.207; 1740.125;  226.375;    0.000
667.321; 1728.125;  175.375;    0.000
667.434; 1713.125;  211.375;    0.000
667.547; 1759.125;  249.375;    0.000
667.660; 1689.125;  225.375;    0.000
667.773; 1723.125;  242.375;    0.000
667.886; 1781.125;  246.375;    0.000
667.999; 1766.125;  244.375;    0.000
668.112; 1751.125;  227.375;    0.000
668.225; 1670.125;  231.375;    0.000
668.338; 1653.125;  256.375;    0.000
668.451; 1640.125;  216.375;    0.000
668.564; 1684.125;  261.375;    0.000
668.677; 1651.125;  230.375;    0.000
668.790; 1624.125;  192.375;    0.000
668.903; 1686.125;  243.375;    0.000
669.016; 1633.125;  201.375;    0.000
669.129; 1591.125;  249.375;    0.000
669.242; 1643.125;  190.375;    0.000
669.354; 1643.125;  219.375;    0.000
669.467; 1628.125;  242.375;    0.000
669.580; 1656.125;  237.375;    0.000
669.693; 1677.125;  243.375;    0.000
669.806; 1621.125;  234.375;    0.000
669.918; 1603.125;  206.375;    0.000
670.031; 1641.125;  258.375;    0.000
670.144; 1627.125;  231.375;    0.000
670.256; 1636.125;  244.375;    0.000
670.369; 1640.125;  262.375;    0.000
670.482; 1601.125;  264.375;    0.000
670.594; 1582.125;  256.375;    0.000
670.707; 1569.125;  224.375;    0.000
670.820; 1581.125;  261.375;    0.000
670.932; 1593.125;  226.375;    0.000
671.045; 1588.125;  243.375;    0.000
671.157; 1612.125;  235.375;    0.000
671.270; 1562.125;  217.375;    0.000
671.382; 1584.125;  267.375;    0.000
671.495; 1588.125;  258.375;    0.000
671.607; 1521.125;  236.375;    0.000
671.720; 1531.125;  200.375;    0.000
671.832; 1532.125;  219.375;    0.000
671.944; 1497.125;  234.375;    0.000
672.057; 1545.125;  226.375;    0.000
672.169; 1568.125;  225.375;    0.000
672.281; 1575.125;  253.375;    0.000
672.394; 1505.125;  238.375;    0.000
672.506; 1530.125;  244.375;    0.000
672.618; 1524.125;  272.375;    0.000
672.731; 1557.125;  247.375;    0.000
672.843; 1555.125;  261.375;    0.000
672.955; 1540.125;  262.375;    0.000
673.067; 1548.125;  253.375;    0.000
673.180; 1491.125;  239.375;    0.000
673.292; 1542.125;  240.375;    0.000
673.404; 1457.125;  243.375;    0.000
673.516; 1455.125;  258.375;    0.000
673.628; 1523.125;  263.375;    0.000
673.740; 1457.125;  250.375;    0.000
673.852; 1510.125;  285.375;    0.000
673.964; 1602.125;  264.375;    0.000
674.076; 1521.125;  260.375;    0.000
674.188; 1509.125;  226.375;    0.000
674.300; 1498.125;  272.375;    0.000
674.412; 1498.125;  259.375;    0.000
674.524; 1544.125;  283.375;    0.000
674.636; 1494.125;  259.375;    0.000
674.748; 1428.125;  238.375;    0.000
674.860; 1470.125;  277.375;    0.000
674.972; 1476.125;  272.375;    0.000
675.084; 1489.125;  244.375;    0.000
675.196; 1410.125;  272.375;    0.000
675.307; 1459.125;  244.375;    0.000
675.419; 1458.125;  219.375;    0.000
675.531; 1487.125;  275.375;    0.000
675.643; 1502.125;  215.375;    0.000
675.755; 1396.125;  243.375;    0.000
675.866; 1435.125;  223.375;    0.000
675.978; 1378.125;  216.375;    0.000
676.090; 1451.125;  242.375;    0.000
676.201; 1430.125;  276.375;    0.000
676.313; 1427.125;  226.375;    0.000
676.425; 1447.125;  234.375;    0.000
676.536; 1406.125;  231.375;    0.000
676.648; 1457.125;  254.375;    0.000
676.759; 1490.125;  273.375;    0.000
676.871; 1409.125;  250.375;    0.000
676.983; 1391.125;  256.375;    0.000
677.094; 1426.125;  210.375;    0.000
677.206; 1356.125;  248.375;    0.000
677.317; 1416.125;  263.375;    0.000
677.429; 1376.125;  238.375;    0.000
677.540; 1343.125;  247.375;    0.000
677.651; 1366.125;  224.375;    0.000
677.763; 1397.125;  217.375;    0.000
677.874; 1377.125;  234.375;    0.000
677.986; 1363.125;  238.375;    0.000
678.097; 1371.125;  226.375;    0.000
678.208; 1372.125;  253.375;    0.000
678.320; 1366.125;  217.375;    0.000
678.431; 1314.125;  238.375;    0.000
678.542; 1377.125;  236.375;    0.000
678.653; 1307.125;  218.375;    0.000
678.765; 1355.125;  275.375;    0.000
678.876; 1286.125;  213.375;    0.000
678.987; 1338.125;  182.375;    0.000
679.098; 1316.125;  221.375;    0.000
679.209; 1347.125;  238.375;    0.000
679.320; 1317.125;  212.375;    0.000
679.432; 1344.125;  231.375;    0.000
679.543; 1346.125;  198.375;    0.000
679.654; 1387.125;  191.375;    0.000
679.765; 1337.125;  214.375;    0.000
679.876; 1264.125;  221.375;    0.000
679.987; 1317.125;  162.375;    0.000
680.098; 1336.125;  230.375;    0.000
680.209; 1319.125;  206.375;    0.000
680.320; 1352.125;  196.375;    0.000
680.431; 1347.125;  191.375;    0.000
680.542; 1300.125;  214.375;    0.000
680.653; 1359.125;  238.375;    0.000
680.763; 1247.125;  182.375;    0.000
680.874; 1279.125;  213.375;    0.000
680.985; 1331.125;  224.375;    0.000
681.096; 1375.125;  222.375;    0.000
681.207; 1339.125;  220.375;    0.000
681.318; 1333.125;  216.375;    0.000
681.428; 1299.125;  229.375;    0.000
681.539; 1241.125;  183.375;    0.000
681.650; 1267.125;  202.375;    0.000
681.760; 1221.125;  223.375;    0.000
681.871; 1294.125;  211.375;    0.000
681.982; 1287.125;  189.375;    0.000
682.093; 1264.125;  222.375;    0.000
682.203; 1251.125;  220.375;    0.000
682.314; 1308.125;  214.375;    0.000
682.424; 1244.125;  208.375;    0.000
682.535; 1231.125;  213.375;    0.000
682.646; 1313.125;  302.375;    0.000
682.756; 1327.125;  255.375;    0.000
682.867; 1241.125;  244.375;    0.000
682.977; 1277.125;  221.375;    0.000
683.088; 1313.125;  259.375;    0.000
683.198; 1282.125;  212.375;    0.000
683.308; 1273.125;  202.375;    0.000
683.419; 1282.125;  255.375;    0.000
683.529; 1310.125;  217.375;    0.000
683.640; 1326.125;  240.375;    0.000
683.750; 1268.125;  181.375;    0.000
683.860; 1318.125;  246.375;    0.000
683.971; 1324.125;  254.375;    0.000
684.081; 1300.125;  235.375;    0.000
684.191; 1348.125;  251.375;    0.000
684.301; 1313.125;  233.375;    0.000
684.412; 1270.125;  202.375;    0.000
684.522; 1223.125;  232.375;    0.000
684.632; 1251.125;  202.375;    0.000
684.742; 1329.125;  254.375;    0.000
684.852; 1262.125;  219.375;    0.000
684.963; 1270.125;  256.375;    0.000
685.073; 1235.125;  253.375;    0.000
685.183; 1297.125;  254.375;    0.000
685.293; 1292.125;  232.375;    0.000
685.403; 1282.125;  242.375;    0.000
685.513; 1316.125;  261.375;    0.000
685.623; 1301.125;  245.375;    0.000
685.733; 1306.125;  254.375;    0.000
685.843; 1309.125;  249.375;    0.000
685.953; 1266.125;  252.375;    0.000
686.063; 1205.125;  227.375;    0.000
686.173; 1208.125;  223.375;    0.000
686.283; 1266.125;  234.375;    0.000
686.393; 1288.125;  239.375;    0.000
686.503; 1286.125;  231.375;    0.000
686.612; 1272.125;  232.375;    0.000
686.722; 1327.125;  258.375;    0.000
686.832; 1284.125;  256.375;    0.000
686.942; 1277.125;  230.375;    0.000
687.052; 1228.125;  274.375;    0.000
687.161; 1341.125;  269.375;    0.000
687.271; 1151.125;  218.375;    0.000
687.381; 1219.125;  235.375;    0.000
687.491; 1248.125;  262.375;    0.000
687.600; 1213.125;  256.375;    0.000
687.710; 1260.125;  225.375;    0.000
687.820; 1199.125;  230.375;    0.000
687.929; 1191.125;  226.375;    0.000
688.039; 1295.125;  228.375;    0.000
688.148; 1282.125;  249.375;    0.000
688.258; 1215.125;  237.375;    0.000
688.367; 1229.125;  260.375;    0.000
688.477; 1233.125;  200.375;    0.000
688.586; 1223.125;  223.375;    0.000
688.696; 1174.125;  223.375;    0.000
688.805; 1183.125;  257.375;    0.000
688.915; 1192.125;  185.375;    0.000
689.024; 1168.125;  227.375;    0.000
689.134; 1197.125;  224.375;    0.000
689.243; 1244.125;  206.375;    0.000
689.352; 1279.125;  275.375;    0.000
689.462; 1225.125;  233.375;    0.000
689.571; 1239.125;  244.375;    0.000
689.680; 1172.125;  261.375;    0.000
689.790; 1209.125;  192.375;    0.000
689.899; 1231.125;  214.375;    0.000
690.008; 1176.125;  255.375;    0.000
690.117; 1205.125;  219.375;    0.000
690.227; 1273.125;  241.375;    0.000
690.336; 1208.125;  231.375;    0.000
690.445; 1221.125;  212.375;    0.000
690.554; 1167.125;  234.375;    0.000
690.663; 1214.125;  210.375;    0.000
690.772; 1220.125;  221.375;    0.000
690.881; 1245.125;  244.375;    0.000
690.990; 1242.125;  247.375;    0.000
691.099; 1213.125;  222.375;    0.000
691.209; 1232.125;  240.375;    0.000
691.318; 1245.125;  223.375;    0.000
691.427; 1208.125;  217.375;    0.000
691.536; 1184.125;  216.375;    0.000
691.644; 1166.125;  194.375;    0.000
691.753; 1189.125;  221.375;    0.000
691.862; 1234.125;  224.375;    0.000
691.971; 1241.125;  191.375;    0.000
692.080; 1277.125;  247.375;    0.000
692.189; 1270.125;  208.375;    0.000
692.298; 1194.125;  203.375;    0.000
692.406; 1194.125;  239.375;    0.000
692.515; 1238.125;  250.375;    0.000
692.624; 1160.125;  226.375;    0.000
692.733; 1202.125;  229.375;    0.000
692.842; 1178.125;  254.375;    0.000
692.950; 1184.125;  242.375;    0.000
693.059; 1188.125;  204.375;    0.000
693.168; 1207.125;  252.375;    0.000
693.276; 1188.125;  195.375;    0.000
693.385; 1178.125;  228.375;    0.000
693.494; 1195.125;  282.375;    0.000
693.602; 1199.125;  221.375;    0.000
693.711; 1153.125;  225.375;    0.000
693.819; 1179.125;  234.375;    0.000
693.928; 1162.125;  229.375;    0.000
694.036; 1205.125;  192.375;    0.000
694.145; 1223.125;  233.375;    0.000
694.253; 1228.125;  277.375;    0.000
694.362; 1185.125;  188.375;    0.000
694.470; 1286.125;  263.375;    0.000
694.579; 1182.125;  253.375;    0.000
694.687; 1249.125;  281.375;    0.000
694.795; 1113.125;  233.375;    0.000
694.904; 1146.125;  223.375;    0.000
695.012; 1196.125;  296.375;    0.000
695.120; 1202.125;  227.375;    0.000
695.229; 1202.125;  269.375;    0.000
695.337; 1174.125;  229.375;    0.000
695.445; 1236.125;  244.375;    0.000
695.553; 1223.125;  259.375;    0.000
695.662; 1214.125;  208.375;    0.000
695.770; 1152.125;  241.375;    0.000
695.878; 1190.125;  239.375;    0.000
695.986; 1193.125;  247.375;    0.000
696.094; 1149.125;  224.375;    0.000
696.202; 1170.125;  205.375;    0.000
696.310; 1179.125;  217.375;    0.000
696.419; 1154.125;  228.375;    0.000
696.527; 1190.125;  246.375;    0.000
696.635; 1208.125;  245.375;    0.000
696.743; 1150.125;  233.375;    0.000
696.851; 1207.125;  251.375;    0.000
696.959; 1220.125;  257.375;    0.000
697.067; 1178.125;  260.375;    0.000
697.174; 1277.125;  223.375;    0.000
697.282; 1230.125;  239.375;    0.000
697.390; 1151.125;  264.375;    0.000
697.498; 1137.125;  227.375;    0.000
697.606; 1174.125;  243.375;    0.000
697.714; 1220.125;  256.375;    0.000
697.822; 1204.125;  278.375;    0.000
697.929; 1191.125;  227.375;    0.000
698.037; 1174.125;  232.375;    0.000
698.145; 1126.125;  256.375;    0.000
698.253; 1127.125;  245.375;    0.000
698.360; 1193.125;  282.375;    0.000
698.468; 1167.125;  244.375;    0.000
698.576; 1210.125;  279.375;    0.000
698.683; 1252.125;  259.375;    0.000
698.791; 1209.125;  265.375;    0.000
698.899; 1182.125;  250.375;    0.000
699.006; 1205.125;  245.375;    0.000
699.114; 1202.125;  280.375;    0.000
699.221; 1207.125;  240.375;    0.000
699.329; 1230.125;  293.375;    0.000
699.436; 1162.125;  216.375;    0.000
699.544; 1140.125;  269.375;    0.000
699.651; 1168.125;  219.375;    0.000
699.759; 1139.125;  245.375;    0.000
699.866; 1178.125;  261.375;    0.000
699.974; 1162.125;  245.375;    0.000
700.081; 1181.125;  257.375;    0.000
700.188; 1163.125;  268.375;    0.000
700.296; 1155.125;  225.375;    0.000
700.403; 1164.125;  257.375;    0.000
700.510; 1168.125;  267.375;    0.000
700.618; 1202.125;  299.375;    0.000
700.725; 1173.125;  223.375;    0.000
700.832; 1191.125;  233.375;    0.000
700.940; 1163.125;  255.375;    0.000
701.047; 1167.125;  244.375;    0.000
701.154; 1148.125;  248.375;    0.000
701.261; 1162.125;  264.375;    0.000
701.368; 1199.125;  299.375;    0.000
701.475; 1173.125;  264.375;    0.000
701.582; 1175.125;  275.375;    0.000
701.690; 1093.125;  261.375;    0.000
701.797; 1198.125;  273.375;    0.000
701.904; 1233.125;  320.375;    0.000
702.011; 1244.125;  299.375;    0.000
702.118; 1219.125;  292.375;    0.000
702.225; 1192.125;  317.375;    0.000
702.332; 1164.125;  307.375;    0.000
702.439; 1192.125;  313.375;    0.000
702.546; 1235.125;  312.375;    0.000
702.652; 1211.125;  297.375;    0.000
702.759; 1279.125;  345.375;    0.000
702.866; 1245.125;  330.375;    0.000
702.973; 1279.125;  303.375;    0.000
703.080; 1243.125;  303.375;    0.000
703.187; 1249.125;  327.375;    0.000
703.294; 1199.125;  325.375;    0.000
703.400; 1152.125;  302.375;    0.000
703.507;  445.125;  344.375;    0.000
703.614;  335.125;  294.375;    0.000
703.720;  294.125;  322.375;    0.000
703.827;  343.125;  329.375;    0.000
703.934;  355.125;  318.375;    0.000
704.040;  292.125;  299.375;    0.000
704.147;  309.125;  352.375;    0.000
704.254;  344.125;  350.375;    0.000
704.360;  323.125;  347.375;    0.000
704.467;  347.125;  336.375;    0.000
704.573;  355.125;  344.375;    0.000
704.680;  314.125;  365.375;    0.000
704.786;  317.125;  332.375;    0.000
704.893;  309.125;  304.375;    0.000
704.999;  349.125;  299.375;    0.000
705.106;  337.125;  365.375;    0.000

