
Integration time [ms]:   1.000
Averaging Nr. [scans]: 1
Smoothing Nr. [pixels]: 0
Data measured with spectrometer [name]: NIR
Wave   ;Sample   ;Dark     ;Reference
[nm]   ;[counts] ;[counts] ;[counts] 

691.496; -111.075;  163.125;    0.000
691.696;  -49.075;  208.125;    0.000
691.896;  -98.075;  111.125;    0.000
692.096;  -55.075;  178.125;    0.000
692.296; -128.075;   93.125;    0.000
692.496;  -55.075;  161.125;    0.000
692.695;  -92.075;  135.125;    0.000
692.895;  -58.075;  179.125;    0.000
693.095; -101.075;  158.125;    0.000
693.295;  -77.075;  168.125;    0.000
693.495; -111.075;  170.125;    0.000
693.695;  -73.075;  155.125;    0.000
693.894;  -88.075;  151.125;    0.000
694.094;  -88.075;  164.125;    0.000
694.294; -100.075;  129.125;    0.000
694.494;  114.925;  170.125;    0.000
694.693; 2123.925;  137.125;    0.000
694.893; 2316.925;  163.125;    0.000
695.093; 2228.925;  121.125;    0.000
695.293; 2340.925;  144.125;    0.000
695.492; 2483.925;   88.125;    0.000
695.692; 2482.925;  148.125;    0.000
695.891; 2366.925;  125.125;    0.000
696.091; 2318.925;  184.125;    0.000
696.291; 2348.925;  153.125;    0.000
696.490; 2424.925;  131.125;    0.000
696.690; 2477.925;  123.125;    0.000
696.889; 2453.925;  180.125;    0.000
697.089; 2427.925;  147.125;    0.000
697.288; 2414.925;  164.125;    0.000
697.488; 2410.925;  133.125;    0.000
697.687; 2473.925;  153.125;    0.000
697.887; 2457.925;  119.125;    0.000
698.086; 2516.925;  143.125;    0.000
698.286; 2457.925;  125.125;    0.000
698.485; 2463.925;  120.125;    0.000
698.684; 2409.925;  116.125;    0.000
698.884; 2441.925;  131.125;    0.000
699.083; 2444.925;  115.125;    0.000
699.282; 2395.925;  144.125;    0.000
699.482; 2426.925;  109.125;    0.000
699.681; 2487.925;  115.125;    0.000
699.880; 2563.925;  125.125;    0.000
700.080; 2614.925;  139.125;    0.000
700.279; 2534.925;  111.125;    0.000
700.478; 2557.925;  146.125;    0.000
700.677; 2542.925;  131.125;    0.000
700.877; 2526.925;  156.125;    0.000
701.076; 2571.925;  153.125;    0.000
701.275; 2457.925;  123.125;    0.000
701.474; 2531.925;  150.125;    0.000
701.673; 2479.925;   97.125;    0.000
701.872; 2559.925;  139.125;    0.000
702.071; 2558.925;  108.125;    0.000
702.271; 2543.925;  125.125;    0.000
702.470; 2638.925;  108.125;    0.000
702.669; 2464.925;  102.125;    0.000
702.868; 2478.925;  153.125;    0.000
703.067; 2573.925;  145.125;    0.000
703.266; 2488.925;   96.125;    0.000
703.465; 2611.925;  165.125;    0.000
703.664; 2550.925;  106.125;    0.000
703.863; 2599.925;  144.125;    0.000
704.062; 2483.925;   86.125;    0.000
704.260; 2624.925;   99.125;    0.000
704.459; 2640.925;  112.125;    0.000
704.658; 2577.925;  106.125;    0.000
704.857; 2542.925;  129.125;    0.000
705.056; 2612.925;   98.125;    0.000
705.255; 2580.925;   97.125;    0.000
705.454; 2566.925;  101.125;    0.000
705.652; 2623.925;  142.125;    0.000
705.851; 2585.925;  100.125;    0.000
706.050; 2580.925;  162.125;    0.000
706.249; 2550.925;  146.125;    0.000
706.447; 2609.925;  120.125;    0.000
706.646; 2672.925;  114.125;    0.000
706.845; 2601.925;  117.125;    0.000
707.043; 2618.925;  136.125;    0.000
707.242; 2621.925;   90.125;    0.000
707.441; 2575.925;  131.125;    0.000
707.639; 2608.925;  120.125;    0.000
707.838; 2617.925;  122.125;    0.000
708.037; 2635.925;  109.125;    0.000
708.235; 2619.925;  122.125;    0.000
708.434; 2632.925;  109.125;    0.000
708.632; 2594.925;   47.125;    0.000
708.831; 2731.925;  122.125;    0.000
709.029; 2646.925;  130.125;    0.000
709.228; 2630.925;  112.125;    0.000
709.426; 2720.925;  128.125;    0.000
709.625; 2709.925;  129.125;    0.000
709.823; 2700.925;  130.125;    0.000
710.022; 2687.925;   90.125;    0.000
710.220; 2789.925;  131.125;    0.000
710.418; 2734.925;  133.125;    0.000
710.617; 2737.925;   82.125;    0.000
710.815; 2820.925;   90.125;    0.000
711.013; 2708.925;   86.125;    0.000
711.212; 2747.925;  117.125;    0.000
711.410; 2795.925;  106.125;    0.000
711.608; 2865.925;  138.125;    0.000
711.807; 2770.925;  116.125;    0.000
712.005; 2814.925;   82.125;    0.000
712.203; 2612.925;   90.125;    0.000
712.401; 2756.925;  124.125;    0.000
712.599; 2735.925;   64.125;    0.000
712.798; 2813.925;  113.125;    0.000
712.996; 2817.925;  100.125;    0.000
713.194; 2812.925;  130.125;    0.000
713.392; 2694.925;   89.125;    0.000
713.590; 2888.925;  105.125;    0.000
713.788; 2819.925;  100.125;    0.000
713.986; 2847.925;  117.125;    0.000
714.184; 2838.925;   72.125;    0.000
714.382; 2915.925;   88.125;    0.000
714.580; 2880.925;   88.125;    0.000
714.778; 2958.925;  129.125;    0.000
714.976; 2914.925;   90.125;    0.000
715.174; 3005.925;  119.125;    0.000
715.372; 3026.925;  117.125;    0.000
715.570; 3122.925;  101.125;    0.000
715.768; 3411.925;  122.125;    0.000
715.966; 3237.925;  114.125;    0.000
716.164; 3301.925;  135.125;    0.000
716.362; 3385.925;  126.125;    0.000
716.560; 3165.925;  126.125;    0.000
716.758; 3226.925;   98.125;    0.000
716.955; 3221.925;   76.125;    0.000
717.153; 3189.925;   45.125;    0.000
717.351; 3053.925;  106.125;    0.000
717.549; 3039.925;  108.125;    0.000
717.746; 3111.925;   66.125;    0.000
717.944; 3161.925;  127.125;    0.000
718.142; 3091.925;  148.125;    0.000
718.340; 3029.925;   94.125;    0.000
718.537; 3098.925;  107.125;    0.000
718.735; 3104.925;  130.125;    0.000
718.933; 3103.925;  111.125;    0.000
719.130; 3112.925;  107.125;    0.000
719.328; 3157.925;  128.125;    0.000
719.525; 3085.925;  141.125;    0.000
719.723; 3124.925;  122.125;    0.000
719.920; 3048.925;   85.125;    0.000
720.118; 3098.925;  115.125;    0.000
720.316; 3131.925;  153.125;    0.000
720.513; 3067.925;  120.125;    0.000
720.711; 3146.925;  134.125;    0.000
720.908; 3072.925;  126.125;    0.000
721.105; 3147.925;  119.125;    0.000
721.303; 3120.925;  112.125;    0.000
721.500; 3064.925;  125.125;    0.000
721.698; 3059.925;   94.125;    0.000
721.895; 3142.925;  118.125;    0.000
722.092; 3114.925;   77.125;    0.000
722.290; 3168.925;  135.125;    0.000
722.487; 3032.925;  154.125;    0.000
722.684; 3070.925;  122.125;    0.000
722.882; 2991.925;   90.125;    0.000
723.079; 3059.925;  132.125;    0.000
723.276; 3030.925;   95.125;    0.000
723.473; 3098.925;  106.125;    0.000
723.671; 3069.925;   80.125;    0.000
723.868; 3206.925;  112.125;    0.000
724.065; 3192.925;  107.125;    0.000
724.262; 3157.925;  119.125;    0.000
724.459; 3115.925;   80.125;    0.000
724.656; 3075.925;  109.125;    0.000
724.854; 3123.925;  107.125;    0.000
725.051; 3228.925;  103.125;    0.000
725.248; 3191.925;  101.125;    0.000
725.445; 3252.925;   93.125;    0.000
725.642; 3078.925;   92.125;    0.000
725.839; 3100.925;  157.125;    0.000
726.036; 3188.925;   71.125;    0.000
726.233; 3218.925;   80.125;    0.000
726.430; 3094.925;  146.125;    0.000
726.627; 3203.925;  103.125;    0.000
726.824; 3246.925;   46.125;    0.000
727.021; 3272.925;  149.125;    0.000
727.218; 3143.925;   87.125;    0.000
727.414; 3247.925;  112.125;    0.000
727.611; 3144.925;  111.125;    0.000
727.808; 3177.925;  122.125;    0.000
728.005; 3126.925;   58.125;    0.000
728.202; 3236.925;  129.125;    0.000
728.399; 3218.925;  111.125;    0.000
728.595; 3240.925;   93.125;    0.000
728.792; 3205.925;   78.125;    0.000
728.989; 3239.925;  104.125;    0.000
729.186; 3194.925;  110.125;    0.000
729.382; 3195.925;   93.125;    0.000
729.579; 3304.925;  102.125;    0.000
729.776; 3263.925;  112.125;    0.000
729.972; 3234.925;  101.125;    0.000
730.169; 3299.925;  150.125;    0.000
730.366; 3172.925;   92.125;    0.000
730.562; 3356.925;   74.125;    0.000
730.759; 3330.925;   97.125;    0.000
730.955; 3191.925;   86.125;    0.000
731.152; 3220.925;   88.125;    0.000
731.348; 3230.925;  117.125;    0.000
731.545; 3260.925;   62.125;    0.000
731.741; 3277.925;   84.125;    0.000
731.938; 3268.925;  108.125;    0.000
732.134; 3222.925;  115.125;    0.000
732.331; 3233.925;   88.125;    0.000
732.527; 3388.925;   96.125;    0.000
732.724; 3291.925;  103.125;    0.000
732.920; 3322.925;   93.125;    0.000
733.116; 3277.925;  109.125;    0.000
733.313; 3245.925;   77.125;    0.000
733.509; 3218.925;   81.125;    0.000
733.705; 3390.925;  141.125;    0.000
733.902; 3451.925;   88.125;    0.000
734.098; 3353.925;   56.125;    0.000
734.294; 3337.925;  122.125;    0.000
734.490; 3395.925;  102.125;    0.000
734.687; 3415.925;   70.125;    0.000
734.883; 3294.925;   73.125;    0.000
735.079; 3341.925;   65.125;    0.000
735.275; 3399.925;  112.125;    0.000
735.471; 3460.925;  124.125;    0.000
735.667; 3324.925;   94.125;    0.000
735.863; 3351.925;  106.125;    0.000
736.060; 3393.925;  106.125;    0.000
736.256; 3402.925;   95.125;    0.000
736.452; 3446.925;  103.125;    0.000
736.648; 3320.925;  106.125;    0.000
736.844; 3492.925;   98.125;    0.000
737.040; 3445.925;  118.125;    0.000
737.236; 3503.925;   95.125;    0.000
737.432; 3441.925;   59.125;    0.000
737.628; 3518.925;  120.125;    0.000
737.824; 3376.925;   78.125;    0.000
738.019; 3503.925;   98.125;    0.000
738.215; 3478.925;  127.125;    0.000
738.411; 3395.925;  111.125;    0.000
738.607; 3419.925;   69.125;    0.000
738.803; 3456.925;   40.125;    0.000
738.999; 3566.925;  128.125;    0.000
739.195; 3559.925;   81.125;    0.000
739.390; 3562.925;   97.125;    0.000
739.586; 3516.925;  100.125;    0.000
739.782; 3506.925;  135.125;    0.000
739.978; 3493.925;  121.125;    0.000
740.173; 3560.925;   92.125;    0.000
740.369; 3449.925;   92.125;    0.000
740.565; 3562.925;  119.125;    0.000
740.760; 3625.925;  139.125;    0.000
740.956; 3489.925;  134.125;    0.000
741.152; 3702.925;  107.125;    0.000
741.347; 3663.925;   63.125;    0.000
741.543; 3711.925;   99.125;    0.000
741.738; 3725.925;  119.125;    0.000
741.934; 3899.925;  156.125;    0.000
742.129; 3955.925;   87.125;    0.000
742.325; 4342.925;  143.125;    0.000
742.520; 4680.925;  109.125;    0.000
742.716; 4479.925;  135.125;    0.000
742.911; 4268.925;   77.125;    0.000
743.107; 4322.925;  117.125;    0.000
743.302; 4205.925;   93.125;    0.000
743.498; 4232.925;  118.125;    0.000
743.693; 4290.925;   95.125;    0.000
743.888; 4610.925;  122.125;    0.000
744.084; 4929.925;  104.125;    0.000
744.279; 5595.925;   94.125;    0.000
744.474; 5604.925;  138.125;    0.000
744.670; 5475.925;  113.125;    0.000
744.865; 5007.925;  116.125;    0.000
745.060; 4857.925;   89.125;    0.000
745.255; 4712.925;  144.125;    0.000
745.451; 4588.925;   98.125;    0.000
745.646; 4678.925;  110.125;    0.000
745.841; 4630.925;   87.125;    0.000
746.036; 4627.925;   98.125;    0.000
746.231; 4736.925;  153.125;    0.000
746.426; 4824.925;   90.125;    0.000
746.622; 5415.925;  154.125;    0.000
746.817; 6375.925;  111.125;    0.000
747.012; 7032.925;  110.125;    0.000
747.207; 6806.925;   76.125;    0.000
747.402; 6050.925;   94.125;    0.000
747.597; 5702.925;   68.125;    0.000
747.792; 5500.925;  125.125;    0.000
747.987; 5276.925;   92.125;    0.000
748.182; 5267.925;  113.125;    0.000
748.377; 5037.925;   72.125;    0.000
748.572; 4885.925;  135.125;    0.000
748.767; 4794.925;   98.125;    0.000
748.961; 4766.925;  123.125;    0.000
749.156; 4620.925;   96.125;    0.000
749.351; 4565.925;  121.125;    0.000
749.546; 4439.925;   95.125;    0.000
749.741; 4375.925;  144.125;    0.000
749.936; 4403.925;  105.125;    0.000
750.130; 4318.925;  101.125;    0.000
750.325; 4215.925;  126.125;    0.000
750.520; 4306.925;  113.125;    0.000
750.715; 4190.925;  135.125;    0.000
750.909; 4044.925;  138.125;    0.000
751.104; 4083.925;   96.125;    0.000
751.299; 4156.925;  118.125;    0.000
751.493; 4033.925;  124.125;    0.000
751.688; 4001.925;  131.125;    0.000
751.882; 3862.925;   96.125;    0.000
752.077; 3950.925;  123.125;    0.000
752.272; 3950.925;  112.125;    0.000
752.466; 3953.925;  143.125;    0.000
752.661; 3965.925;  107.125;    0.000
752.855; 3889.925;   97.125;    0.000
753.050; 3949.925;  125.125;    0.000
753.244; 3943.925;  161.125;    0.000
753.439; 3893.925;  101.125;    0.000
753.633; 3875.925;  129.125;    0.000
753.828; 3789.925;  114.125;    0.000
754.022; 3791.925;  118.125;    0.000
754.216; 3866.925;  126.125;    0.000
754.411; 3805.925;  148.125;    0.000
754.605; 3768.925;  100.125;    0.000
754.799; 3845.925;  146.125;    0.000
754.994; 3864.925;  116.125;    0.000
755.188; 3699.925;  146.125;    0.000
755.382; 3821.925;  103.125;    0.000
755.576; 3742.925;  119.125;    0.000
755.771; 3789.925;  100.125;    0.000
755.965; 3798.925;  129.125;    0.000
756.159; 3734.925;  100.125;    0.000
756.353; 3863.925;  153.125;    0.000
756.547; 3791.925;  113.125;    0.000
756.742; 3767.925;  129.125;    0.000
756.936; 3791.925;   70.125;    0.000
757.130; 3787.925;   91.125;    0.000
757.324; 3760.925;   92.125;    0.000
757.518; 3826.925;  128.125;    0.000
757.712; 3756.925;  146.125;    0.000
757.906; 3722.925;  114.125;    0.000
758.100; 3730.925;  153.125;    0.000
758.294; 3786.925;  133.125;    0.000
758.488; 3821.925;  149.125;    0.000
758.682; 3832.925;  132.125;    0.000
758.876; 3767.925;  128.125;    0.000
759.070; 3819.925;  178.125;    0.000
759.264; 3677.925;   98.125;    0.000
759.458; 3731.925;  168.125;    0.000
759.651; 3744.925;  131.125;    0.000
759.845; 3770.925;  133.125;    0.000
760.039; 3730.925;  120.125;    0.000
760.233; 3723.925;  116.125;    0.000
760.427; 3676.925;  121.125;    0.000
760.620; 3806.925;  163.125;    0.000
760.814; 3717.925;  106.125;    0.000
761.008; 3733.925;  119.125;    0.000
761.202; 3764.925;  121.125;    0.000
761.395; 3736.925;  136.125;    0.000
761.589; 3775.925;  111.125;    0.000
761.783; 3729.925;  116.125;    0.000
761.976; 3695.925;  139.125;    0.000
762.170; 3894.925;  140.125;    0.000
762.363; 3788.925;  115.125;    0.000
762.557; 3770.925;  129.125;    0.000
762.750; 3775.925;   85.125;    0.000
762.944; 3738.925;  107.125;    0.000
763.138; 3857.925;   99.125;    0.000
763.331; 3762.925;   97.125;    0.000
763.524; 3837.925;  100.125;    0.000
763.718; 3892.925;  130.125;    0.000
763.911; 3879.925;  127.125;    0.000
764.105; 3759.925;   69.125;    0.000
764.298; 3761.925;   94.125;    0.000
764.492; 3883.925;  129.125;    0.000
764.685; 3778.925;  114.125;    0.000
764.878; 3952.925;  145.125;    0.000
765.072; 3778.925;  124.125;    0.000
765.265; 3785.925;  124.125;    0.000
765.458; 3790.925;  108.125;    0.000
765.651; 3913.925;  132.125;    0.000
765.845; 3842.925;  106.125;    0.000
766.038; 4013.925;  155.125;    0.000
766.231; 4519.925;  153.125;    0.000
766.424; 6929.925;  165.125;    0.000
766.617; 7105.925;   85.125;    0.000
766.811; 4577.925;  140.125;    0.000
767.004; 3961.925;  151.125;    0.000
767.197; 4050.925;  178.125;    0.000
767.390; 3971.925;  112.125;    0.000
767.583; 3905.925;  134.125;    0.000
767.776; 3967.925;  101.125;    0.000
767.969; 3937.925;   99.125;    0.000
768.162; 3929.925;  152.125;    0.000
768.355; 3842.925;  115.125;    0.000
768.548; 3941.925;  154.125;    0.000
768.741; 3904.925;  124.125;    0.000
768.934; 3989.925;  129.125;    0.000
769.127; 4097.925;  137.125;    0.000
769.320; 3993.925;  115.125;    0.000
769.513; 4099.925;  144.125;    0.000
769.706; 4854.925;  107.125;    0.000
769.898; 6855.925;  134.125;    0.000
770.091; 5331.925;  128.125;    0.000
770.284; 4323.925;   97.125;    0.000
770.477; 4126.925;  135.125;    0.000
770.670; 4231.925;  137.125;    0.000
770.862; 4284.925;  112.125;    0.000
771.055; 4206.925;  127.125;    0.000
771.248; 4268.925;  116.125;    0.000
771.441; 4275.925;  101.125;    0.000
771.633; 4210.925;  130.125;    0.000
771.826; 4356.925;  147.125;    0.000
772.018; 4313.925;  117.125;    0.000
772.211; 4322.925;  141.125;    0.000
772.404; 4472.925;  104.125;    0.000
772.596; 4425.925;  128.125;    0.000
772.789; 4572.925;  131.125;    0.000
772.981; 4529.925;  134.125;    0.000
773.174; 4567.925;  108.125;    0.000
773.366; 4608.925;  153.125;    0.000
773.559; 4665.925;  137.125;    0.000
773.751; 4778.925;  119.125;    0.000
773.944; 4819.925;  148.125;    0.000
774.136; 4874.925;  155.125;    0.000
774.329; 5028.925;  126.125;    0.000
774.521; 5125.925;  116.125;    0.000
774.713; 5217.925;  119.125;    0.000
774.906; 5260.925;  179.125;    0.000
775.098; 5639.925;  127.125;    0.000
775.290; 5788.925;  146.125;    0.000
775.483; 5999.925;  123.125;    0.000
775.675; 6251.925;  119.125;    0.000
775.867; 6780.925;  119.125;    0.000
776.059; 7324.925;  137.125;    0.000
776.251; 7950.925;  154.125;    0.000
776.444; 8768.925;  101.125;    0.000
776.636; 9808.925;  153.125;    0.000
776.828;12056.925;  127.125;    0.000
777.020;16246.925;  140.125;    0.000
777.212;22861.926;  160.125;    0.000
777.404;25770.926;  170.125;    0.000
777.596;23976.926;  136.125;    0.000
777.788;18456.926;  137.125;    0.000
777.980;14613.925;  129.125;    0.000
778.172;12327.925;  139.125;    0.000
778.364;10787.925;  124.125;    0.000
778.556; 9718.925;  163.125;    0.000
778.748; 8782.925;  142.125;    0.000
778.940; 8219.925;  178.125;    0.000
779.132; 7640.925;  159.125;    0.000
779.324; 6950.925;  109.125;    0.000
779.516; 6693.925;  143.125;    0.000
779.708; 6439.925;  158.125;    0.000
779.900; 6044.925;  142.125;    0.000
780.091; 5768.925;  131.125;    0.000
780.283; 5619.925;  176.125;    0.000
780.475; 5433.925;  151.125;    0.000
780.667; 5376.925;  120.125;    0.000
780.859; 5132.925;  134.125;    0.000
781.050; 5038.925;  183.125;    0.000
781.242; 4854.925;   95.125;    0.000
781.434; 4845.925;  127.125;    0.000
781.625; 4794.925;  163.125;    0.000
781.817; 4750.925;  170.125;    0.000
782.008; 4629.925;  123.125;    0.000
782.200; 4479.925;  141.125;    0.000
782.392; 4491.925;  149.125;    0.000
782.583; 4423.925;  155.125;    0.000
782.775; 4327.925;  140.125;    0.000
782.966; 4373.925;  167.125;    0.000
783.158; 4276.925;  164.125;    0.000
783.349; 4258.925;  174.125;    0.000
783.541; 4352.925;  141.125;    0.000
783.732; 4230.925;  115.125;    0.000
783.924; 4211.925;  135.125;    0.000
784.115; 3998.925;  157.125;    0.000
784.306; 4001.925;  102.125;    0.000
784.498; 4084.925;  124.125;    0.000
784.689; 4013.925;  171.125;    0.000
784.880; 4040.925;  165.125;    0.000
785.072; 3943.925;  152.125;    0.000
785.263; 3927.925;  146.125;    0.000
785.454; 4006.925;  145.125;    0.000
785.645; 3877.925;  127.125;    0.000
785.837; 3888.925;  138.125;    0.000
786.028; 3864.925;  151.125;    0.000
786.219; 3908.925;  142.125;    0.000
786.410; 3801.925;  140.125;    0.000
786.601; 3861.925;  137.125;    0.000
786.792; 3926.925;  158.125;    0.000
786.984; 3880.925;  139.125;    0.000
787.175; 3922.925;  140.125;    0.000
787.366; 3879.925;  145.125;    0.000
787.557; 3873.925;  156.125;    0.000
787.748; 3861.925;  148.125;    0.000
787.939; 3890.925;  157.125;    0.000
788.130; 3893.925;  179.125;    0.000
788.321; 3838.925;  142.125;    0.000
788.512; 3987.925;  167.125;    0.000
788.703; 3959.925;  145.125;    0.000
788.894; 3903.925;  132.125;    0.000
789.084; 3913.925;  113.125;    0.000
789.275; 3923.925;  134.125;    0.000
789.466; 3890.925;  151.125;    0.000
789.657; 3906.925;  138.125;    0.000
789.848; 4026.925;  145.125;    0.000
790.039; 3931.925;  130.125;    0.000
790.229; 3910.925;  140.125;    0.000
790.420; 4033.925;  135.125;    0.000
790.611; 3985.925;  156.125;    0.000
790.801; 3893.925;   64.125;    0.000
790.992; 3842.925;  150.125;    0.000
791.183; 3973.925;  177.125;    0.000
791.373; 3899.925;   91.125;    0.000
791.564; 3893.925;   85.125;    0.000
791.755; 3889.925;  125.125;    0.000
791.945; 3867.925;   94.125;    0.000
792.136; 3833.925;   98.125;    0.000
792.326; 3896.925;  105.125;    0.000
792.517; 3867.925;  136.125;    0.000
792.707; 3961.925;  140.125;    0.000
792.898; 4046.925;  164.125;    0.000
793.088; 4013.925;  116.125;    0.000
793.279; 4042.925;  112.125;    0.000
793.469; 4088.925;  105.125;    0.000
793.660; 4065.925;  161.125;    0.000
793.850; 4267.925;  133.125;    0.000
794.040; 4237.925;  121.125;    0.000
794.231; 4501.925;  115.125;    0.000
794.421; 4640.925;  152.125;    0.000
794.611; 4971.925;  132.125;    0.000
794.802; 5442.925;  144.125;    0.000
794.992; 5855.925;  142.125;    0.000
795.182; 5995.925;  179.125;    0.000
795.372; 5772.925;  167.125;    0.000
795.563; 5266.925;  149.125;    0.000
795.753; 4919.925;  117.125;    0.000
795.943; 4732.925;  146.125;    0.000
796.133; 4492.925;  119.125;    0.000
796.323; 4468.925;  141.125;    0.000
796.513; 4205.925;  134.125;    0.000
796.703; 4204.925;  116.125;    0.000
796.893; 4096.925;  120.125;    0.000
797.083; 4130.925;  131.125;    0.000
797.273; 4086.925;  118.125;    0.000
797.463; 3975.925;  130.125;    0.000
797.653; 3838.925;   87.125;    0.000
797.843; 3928.925;  123.125;    0.000
798.033; 3865.925;  115.125;    0.000
798.223; 3837.925;  142.125;    0.000
798.413; 3752.925;  148.125;    0.000
798.603; 3683.925;  147.125;    0.000
798.793; 3594.925;  107.125;    0.000
798.983; 3423.925;  121.125;    0.000
799.172; 3479.925;  120.125;    0.000
799.362; 3516.925;  145.125;    0.000
799.552; 3522.925;  101.125;    0.000
799.742; 3557.925;  149.125;    0.000
799.932; 3444.925;  104.125;    0.000
800.121; 3456.925;  175.125;    0.000
800.311; 3414.925;  132.125;    0.000
800.501; 3459.925;  118.125;    0.000
800.690; 3481.925;  162.125;    0.000
800.880; 3428.925;  141.125;    0.000
801.070; 3408.925;  151.125;    0.000
801.259; 3511.925;  167.125;    0.000
801.449; 3374.925;  108.125;    0.000
801.638; 3455.925;  176.125;    0.000
801.828; 3368.925;  118.125;    0.000
802.017; 3326.925;  179.125;    0.000
802.207; 3358.925;  127.125;    0.000
802.396; 3295.925;  167.125;    0.000
802.586; 3268.925;  129.125;    0.000
802.775; 3322.925;  142.125;    0.000
802.965; 3147.925;  147.125;    0.000
803.154; 3271.925;  179.125;    0.000
803.343; 3260.925;  117.125;    0.000
803.533; 3246.925;  120.125;    0.000
803.722; 3189.925;  122.125;    0.000
803.911; 3242.925;  155.125;    0.000
804.101; 3180.925;  147.125;    0.000
804.290; 3134.925;  160.125;    0.000
804.479; 3323.925;  139.125;    0.000
804.668; 3175.925;  180.125;    0.000
804.857; 3097.925;  131.125;    0.000
805.047; 3078.925;  119.125;    0.000
805.236; 3275.925;  139.125;    0.000
805.425; 3202.925;  163.125;    0.000
805.614; 3210.925;  103.125;    0.000
805.803; 3235.925;  133.125;    0.000
805.992; 3183.925;  147.125;    0.000
806.181; 3180.925;  109.125;    0.000
806.370; 3229.925;  133.125;    0.000
806.559; 3187.925;  119.125;    0.000
806.748; 3222.925;  144.125;    0.000
806.937; 3116.925;  147.125;    0.000
807.126; 3112.925;  134.125;    0.000
807.315; 3091.925;  132.125;    0.000
807.504; 3182.925;  141.125;    0.000
807.693; 3165.925;  145.125;    0.000
807.882; 3118.925;   91.125;    0.000
808.071; 3118.925;  116.125;    0.000
808.260; 3114.925;  105.125;    0.000
808.448; 3127.925;  184.125;    0.000
808.637; 3153.925;  146.125;    0.000
808.826; 3135.925;  153.125;    0.000
809.015; 3191.925;  113.125;    0.000
809.203; 3149.925;  166.125;    0.000
809.392; 3248.925;  117.125;    0.000
809.581; 3175.925;  186.125;    0.000
809.770; 3076.925;  122.125;    0.000
809.958; 3160.925;  140.125;    0.000
810.147; 3177.925;  130.125;    0.000
810.335; 3138.925;  112.125;    0.000
810.524; 3190.925;  106.125;    0.000
810.713; 3212.925;  154.125;    0.000
810.901; 3246.925;  131.125;    0.000
811.090; 3229.925;  164.125;    0.000
811.278; 3255.925;  159.125;    0.000
811.467; 3325.925;  194.125;    0.000
811.655; 3322.925;  164.125;    0.000
811.844; 3281.925;  149.125;    0.000
812.032; 3289.925;  169.125;    0.000
812.220; 3364.925;  163.125;    0.000
812.409; 3223.925;  134.125;    0.000
812.597; 3373.925;  165.125;    0.000
812.785; 3367.925;  180.125;    0.000
812.974; 3401.925;  166.125;    0.000
813.162; 3260.925;  171.125;    0.000
813.350; 3400.925;  142.125;    0.000
813.539; 3279.925;  126.125;    0.000
813.727; 3408.925;  153.125;    0.000
813.915; 3369.925;  138.125;    0.000
814.103; 3424.925;  191.125;    0.000
814.291; 3394.925;  142.125;    0.000
814.479; 3350.925;  156.125;    0.000
814.668; 3454.925;  152.125;    0.000
814.856; 3421.925;  150.125;    0.000
815.044; 3556.925;  165.125;    0.000
815.232; 3607.925;  172.125;    0.000
815.420; 3559.925;  147.125;    0.000
815.608; 3483.925;  143.125;    0.000
815.796; 3591.925;  126.125;    0.000
815.984; 3714.925;  152.125;    0.000
816.172; 3728.925;  129.125;    0.000
816.360; 3866.925;  177.125;    0.000
816.548; 3870.925;  141.125;    0.000
816.736; 3964.925;  142.125;    0.000
816.924; 4099.925;  161.125;    0.000
817.111; 4334.925;  138.125;    0.000
817.299; 4409.925;  112.125;    0.000
817.487; 4623.925;  180.125;    0.000
817.675; 4906.925;  138.125;    0.000
817.863; 5392.925;  172.125;    0.000
818.050; 6861.925;  142.125;    0.000
818.238;10935.925;  151.125;    0.000
818.426;14918.925;  129.125;    0.000
818.613;11163.925;  124.125;    0.000
818.801; 9790.925;  209.125;    0.000
818.989; 9543.925;  178.125;    0.000
819.176; 9870.925;  155.125;    0.000
819.364;13277.925;  174.125;    0.000
819.552;19006.926;  131.125;    0.000
819.739;13567.925;  184.125;    0.000
819.927;10144.925;  132.125;    0.000
820.114; 8833.925;  173.125;    0.000
820.302; 7967.925;  140.125;    0.000
820.489; 7633.925;  133.125;    0.000
820.677; 7216.925;  167.125;    0.000
820.864; 7128.925;  161.125;    0.000
821.052; 7257.925;  134.125;    0.000
821.239; 7504.925;  149.125;    0.000
821.426; 8073.925;  160.125;    0.000
821.614; 9188.925;  143.125;    0.000
821.801; 9932.925;  118.125;    0.000
821.988; 8945.925;  154.125;    0.000
822.176; 8526.925;  112.125;    0.000
822.363; 8609.925;  131.125;    0.000
822.550; 8298.925;  131.125;    0.000
822.737; 7522.925;  104.125;    0.000
822.924; 6985.925;  160.125;    0.000
823.112; 6761.925;  161.125;    0.000
823.299; 6233.925;  169.125;    0.000
823.486; 6135.925;  129.125;    0.000
823.673; 5801.925;  135.125;    0.000
823.860; 5661.925;  169.125;    0.000
824.047; 5705.925;  124.125;    0.000
824.234; 6195.925;  160.125;    0.000
824.421; 6248.925;  114.125;    0.000
824.608; 5529.925;  191.125;    0.000
824.795; 5217.925;  160.125;    0.000
824.982; 5059.925;  139.125;    0.000
825.169; 4600.925;  121.125;    0.000
825.356; 4440.925;  148.125;    0.000
825.543; 4345.925;  167.125;    0.000
825.730; 4201.925;  103.125;    0.000
825.917; 4040.925;  113.125;    0.000
826.104; 3972.925;  188.125;    0.000
826.290; 3854.925;  193.125;    0.000
826.477; 3849.925;  175.125;    0.000
826.664; 3699.925;  151.125;    0.000
826.851; 3576.925;  122.125;    0.000
827.038; 3636.925;  121.125;    0.000
827.224; 3431.925;  124.125;    0.000
827.411; 3455.925;  155.125;    0.000
827.598; 3462.925;  127.125;    0.000
827.784; 3424.925;  140.125;    0.000
827.971; 3284.925;  114.125;    0.000
828.157; 3314.925;  135.125;    0.000
828.344; 3250.925;  173.125;    0.000
828.531; 3285.925;  113.125;    0.000
828.717; 3132.925;  137.125;    0.000
828.904; 3130.925;  158.125;    0.000
829.090; 3179.925;  199.125;    0.000
829.277; 3081.925;  156.125;    0.000
829.463; 2993.925;  154.125;    0.000
829.650; 3018.925;  174.125;    0.000
829.836; 3053.925;  136.125;    0.000
830.022; 2952.925;  143.125;    0.000
830.209; 2961.925;  157.125;    0.000
830.395; 2955.925;  156.125;    0.000
830.581; 2897.925;  148.125;    0.000
830.768; 2767.925;  169.125;    0.000
830.954; 2902.925;  169.125;    0.000
831.140; 2837.925;  124.125;    0.000
831.327; 2876.925;  157.125;    0.000
831.513; 2839.925;  163.125;    0.000
831.699; 2866.925;  176.125;    0.000
831.885; 2791.925;  154.125;    0.000
832.071; 2871.925;  159.125;    0.000
832.257; 2736.925;  142.125;    0.000
832.444; 2802.925;  159.125;    0.000
832.630; 2737.925;  129.125;    0.000
832.816; 2758.925;  132.125;    0.000
833.002; 2704.925;  125.125;    0.000
833.188; 2646.925;  144.125;    0.000
833.374; 2689.925;  131.125;    0.000
833.560; 2655.925;  154.125;    0.000
833.746; 2669.925;  171.125;    0.000
833.932; 2604.925;  162.125;    0.000
834.118; 2557.925;  131.125;    0.000
834.303; 2691.925;  113.125;    0.000
834.489; 2630.925;  170.125;    0.000
834.675; 2633.925;  177.125;    0.000
834.861; 2546.925;  154.125;    0.000
835.047; 2641.925;  171.125;    0.000
835.233; 2524.925;   98.125;    0.000
835.418; 2527.925;  138.125;    0.000
835.604; 2573.925;  140.125;    0.000
835.790; 2487.925;  130.125;    0.000
835.976; 2535.925;  129.125;    0.000
836.161; 2456.925;  142.125;    0.000
836.347; 2446.925;  128.125;    0.000
836.533; 2573.925;  143.125;    0.000
836.718; 2566.925;  164.125;    0.000
836.904; 2546.925;  172.125;    0.000
837.089; 2510.925;  152.125;    0.000
837.275; 2455.925;  143.125;    0.000
837.460; 2491.925;  125.125;    0.000
837.646; 2479.925;  137.125;    0.000
837.831; 2475.925;  153.125;    0.000
838.017; 2609.925;  171.125;    0.000
838.202; 2470.925;  111.125;    0.000
838.388; 2486.925;  140.125;    0.000
838.573; 2490.925;  158.125;    0.000
838.759; 2648.925;  188.125;    0.000
838.944; 2521.925;  125.125;    0.000
839.129; 2515.925;  123.125;    0.000
839.315; 2541.925;  181.125;    0.000
839.500; 2581.925;  150.125;    0.000
839.685; 2504.925;  109.125;    0.000
839.870; 2499.925;  202.125;    0.000
840.056; 2444.925;  101.125;    0.000
840.241; 2481.925;  184.125;    0.000
840.426; 2493.925;  192.125;    0.000
840.611; 2602.925;  180.125;    0.000
840.796; 2602.925;  156.125;    0.000
840.981; 2556.925;  142.125;    0.000
841.166; 2671.925;  161.125;    0.000
841.352; 2581.925;  185.125;    0.000
841.537; 2621.925;  139.125;    0.000
841.722; 2681.925;  143.125;    0.000
841.907; 2704.925;  140.125;    0.000
842.092; 2686.925;  176.125;    0.000
842.277; 2813.925;  136.125;    0.000
842.461; 2693.925;  155.125;    0.000
842.646; 2863.925;  163.125;    0.000
842.831; 2858.925;  153.125;    0.000
843.016; 2987.925;  187.125;    0.000
843.201; 2993.925;  179.125;    0.000
843.386; 3153.925;  167.125;    0.000
843.571; 3232.925;  129.125;    0.000
843.755; 3391.925;  136.125;    0.000
843.940; 3518.925;  121.125;    0.000
844.125; 3805.925;  157.125;    0.000
844.310; 4465.925;  175.125;    0.000
844.494; 5574.925;  164.125;    0.000
844.679; 7162.925;  167.125;    0.000
844.864; 7139.925;  166.125;    0.000
845.048; 5973.925;  132.125;    0.000
845.233; 5205.925;  175.125;    0.000
845.418; 4683.925;  159.125;    0.000
845.602; 4297.925;  147.125;    0.000
845.787; 3926.925;  132.125;    0.000
845.971; 3701.925;  187.125;    0.000
846.156; 3587.925;  141.125;    0.000
846.340; 3440.925;  153.125;    0.000
846.525; 3169.925;  157.125;    0.000
846.709; 3101.925;  117.125;    0.000
846.893; 3035.925;  147.125;    0.000
847.078; 2950.925;  170.125;    0.000
847.262; 2862.925;  150.125;    0.000
847.447; 2799.925;  132.125;    0.000
847.631; 2763.925;  144.125;    0.000
847.815; 2626.925;  157.125;    0.000
848.000; 2535.925;  164.125;    0.000
848.184; 2629.925;  174.125;    0.000
848.368; 2570.925;  149.125;    0.000
848.552; 2616.925;  143.125;    0.000
848.736; 2535.925;  132.125;    0.000
848.921; 2470.925;  147.125;    0.000
849.105; 2519.925;  150.125;    0.000
849.289; 2463.925;  146.125;    0.000
849.473; 2404.925;  167.125;    0.000
849.657; 2420.925;  149.125;    0.000
849.841; 2423.925;  181.125;    0.000
850.025; 2474.925;  154.125;    0.000
850.209; 2394.925;  152.125;    0.000
850.393; 2390.925;  139.125;    0.000
850.577; 2380.925;  128.125;    0.000
850.761; 2382.925;  194.125;    0.000
850.945; 2351.925;  152.125;    0.000
851.129; 2287.925;  157.125;    0.000
851.313; 2267.925;  181.125;    0.000
851.497; 2248.925;  145.125;    0.000
851.680; 2237.925;  168.125;    0.000
851.864; 2300.925;  185.125;    0.000
852.048; 2176.925;  170.125;    0.000
852.232; 2314.925;  192.125;    0.000
852.416; 2268.925;  182.125;    0.000
852.599; 2355.925;  169.125;    0.000
852.783; 2254.925;  168.125;    0.000
852.967; 2332.925;  184.125;    0.000
853.150; 2267.925;  163.125;    0.000
853.334; 2212.925;  164.125;    0.000
853.518; 2226.925;  190.125;    0.000
853.701; 2295.925;  137.125;    0.000
853.885; 2240.925;  177.125;    0.000
854.068; 2198.925;  163.125;    0.000
854.252; 2190.925;  139.125;    0.000
854.435; 2205.925;  152.125;    0.000
854.619; 2122.925;  148.125;    0.000
854.802; 2244.925;  168.125;    0.000
854.986; 2173.925;  157.125;    0.000
855.169; 2191.925;  147.125;    0.000
855.353; 2253.925;  173.125;    0.000
855.536; 2215.925;  127.125;    0.000
855.719; 2238.925;  191.125;    0.000
855.903; 2279.925;  186.125;    0.000
856.086; 2200.925;  145.125;    0.000
856.269; 2215.925;  130.125;    0.000
856.452; 2264.925;  153.125;    0.000
856.636; 2351.925;  129.125;    0.000
856.819; 2404.925;  134.125;    0.000
857.002; 2420.925;  152.125;    0.000
857.185; 2412.925;  140.125;    0.000
857.368; 2390.925;  170.125;    0.000
857.552; 2370.925;  132.125;    0.000
857.735; 2344.925;  160.125;    0.000
857.918; 2340.925;  139.125;    0.000
858.101; 2312.925;  159.125;    0.000
858.284; 2269.925;  136.125;    0.000
858.467; 2265.925;  147.125;    0.000
858.650; 2392.925;  153.125;    0.000
858.833; 2430.925;  113.125;    0.000
859.016; 2464.925;  167.125;    0.000
859.199; 2517.925;  141.125;    0.000
859.382; 2617.925;  155.125;    0.000
859.564; 2814.925;  136.125;    0.000
859.747; 2825.925;  142.125;    0.000
859.930; 2682.925;  141.125;    0.000
860.113; 2655.925;  156.125;    0.000
860.296; 2569.925;  167.125;    0.000
860.478; 2459.925;  121.125;    0.000
860.661; 2507.925;  230.125;    0.000
860.844; 2583.925;  186.125;    0.000
861.027; 2480.925;  155.125;    0.000
861.209; 2471.925;  151.125;    0.000
861.392; 2478.925;  162.125;    0.000
861.575; 2554.925;  150.125;    0.000
861.757; 2520.925;  162.125;    0.000
861.940; 2522.925;  207.125;    0.000
862.122; 2526.925;  113.125;    0.000
862.305; 2577.925;  114.125;    0.000
862.487; 2733.925;  162.125;    0.000
862.670; 2912.925;  148.125;    0.000
862.852; 3159.925;  131.125;    0.000
863.035; 3637.925;  174.125;    0.000
863.217; 3585.925;  170.125;    0.000
863.400; 3375.925;  148.125;    0.000
863.582; 3306.925;  129.125;    0.000
863.764; 3112.925;  181.125;    0.000
863.947; 3007.925;  152.125;    0.000
864.129; 2953.925;  178.125;    0.000
864.311; 2948.925;  139.125;    0.000
864.493; 2897.925;  166.125;    0.000
864.676; 2932.925;  148.125;    0.000
864.858; 2878.925;  123.125;    0.000
865.040; 2835.925;  180.125;    0.000
865.222; 2864.925;  131.125;    0.000
865.404; 2873.925;  146.125;    0.000
865.587; 2926.925;  175.125;    0.000
865.769; 3127.925;  183.125;    0.000
865.951; 3068.925;  171.125;    0.000
866.133; 3096.925;  165.125;    0.000
866.315; 3033.925;  138.125;    0.000
866.497; 3147.925;  139.125;    0.000
866.679; 3210.925;  167.125;    0.000
866.861; 3294.925;  151.125;    0.000
867.043; 3396.925;  190.125;    0.000
867.225; 3533.925;  140.125;    0.000
867.407; 3800.925;  125.125;    0.000
867.589; 4255.925;  141.125;    0.000
867.770; 4885.925;  149.125;    0.000
867.952; 6380.925;  138.125;    0.000
868.134; 7979.925;  153.125;    0.000
868.316; 8100.925;  148.125;    0.000
868.498; 7854.925;  180.125;    0.000
868.679; 6977.925;  152.125;    0.000
868.861; 6126.925;  174.125;    0.000
869.043; 5286.925;  152.125;    0.000
869.224; 4764.925;  177.125;    0.000
869.406; 4451.925;  171.125;    0.000
869.588; 4177.925;  177.125;    0.000
869.769; 3911.925;  174.125;    0.000
869.951; 3849.925;  167.125;    0.000
870.132; 3934.925;  144.125;    0.000
870.314; 4082.925;  143.125;    0.000
870.495; 4195.925;  162.125;    0.000
870.677; 3910.925;  136.125;    0.000
870.858; 4003.925;  155.125;    0.000
871.040; 3975.925;  179.125;    0.000
871.221; 4283.925;  177.125;    0.000
871.403; 4134.925;  180.125;    0.000
871.584; 3911.925;  157.125;    0.000
871.765; 4056.925;  183.125;    0.000
871.947; 4248.925;  169.125;    0.000
872.128; 3744.925;  162.125;    0.000
872.309; 3497.925;  159.125;    0.000
872.491; 3202.925;  148.125;    0.000
872.672; 3102.925;  163.125;    0.000
872.853; 3006.925;  152.125;    0.000
873.034; 2940.925;  166.125;    0.000
873.215; 2841.925;  155.125;    0.000
873.396; 2785.925;  147.125;    0.000
873.578; 2635.925;  147.125;    0.000
873.759; 2695.925;  153.125;    0.000
873.940; 2498.925;  194.125;    0.000
874.121; 2395.925;  179.125;    0.000
874.302; 2457.925;  155.125;    0.000
874.483; 2394.925;  131.125;    0.000
874.664; 2320.925;  106.125;    0.000
874.845; 2417.925;  122.125;    0.000
875.026; 2308.925;  127.125;    0.000
875.207; 2245.925;  151.125;    0.000
875.388; 2301.925;  149.125;    0.000
875.568; 2292.925;  164.125;    0.000
875.749; 2175.925;  176.125;    0.000
875.930; 2234.925;  207.125;    0.000
876.111; 2191.925;  177.125;    0.000
876.292; 2205.925;  178.125;    0.000
876.472; 2154.925;  163.125;    0.000
876.653; 2194.925;  159.125;    0.000
876.834; 2131.925;  177.125;    0.000
877.015; 2186.925;  212.125;    0.000
877.195; 2027.925;  166.125;    0.000
877.376; 2087.925;  157.125;    0.000
877.556; 2103.925;  175.125;    0.000
877.737; 2130.925;  220.125;    0.000
877.918; 2063.925;  163.125;    0.000
878.098; 1972.925;  166.125;    0.000
878.279; 2006.925;  136.125;    0.000
878.459; 2032.925;  167.125;    0.000
878.640; 2015.925;  167.125;    0.000
878.820; 2028.925;  155.125;    0.000
879.000; 1926.925;  158.125;    0.000
879.181; 1965.925;  155.125;    0.000
879.361; 2068.925;  181.125;    0.000
879.542; 1988.925;  181.125;    0.000
879.722; 2002.925;  117.125;    0.000
879.902; 1999.925;  180.125;    0.000
880.083; 2075.925;  139.125;    0.000
880.263; 2074.925;  168.125;    0.000
880.443; 2104.925;  206.125;    0.000
880.623; 2377.925;  132.125;    0.000
880.803; 2622.925;  149.125;    0.000
880.984; 2348.925;  189.125;    0.000
881.164; 2121.925;  171.125;    0.000
881.344; 2196.925;  150.125;    0.000
881.524; 2237.925;  185.125;    0.000
881.704; 2105.925;  152.125;    0.000
881.884; 2076.925;  188.125;    0.000
882.064; 2159.925;  155.125;    0.000
882.244; 2204.925;  182.125;    0.000
882.424; 2163.925;  154.125;    0.000
882.604; 2115.925;  175.125;    0.000
882.784; 2130.925;  137.125;    0.000
882.964; 2066.925;  135.125;    0.000
883.144; 1962.925;  142.125;    0.000
883.324; 1992.925;  192.125;    0.000
883.504; 1990.925;  193.125;    0.000
883.683; 1939.925;  208.125;    0.000
883.863; 1939.925;  127.125;    0.000
884.043; 1967.925;  140.125;    0.000
884.223; 1920.925;  167.125;    0.000
884.402; 1947.925;  156.125;    0.000
884.582; 1866.925;  185.125;    0.000
884.762; 1912.925;  187.125;    0.000
884.941; 1980.925;  201.125;    0.000
885.121; 1860.925;  157.125;    0.000
885.301; 1958.925;  173.125;    0.000
885.480; 1913.925;  158.125;    0.000
885.660; 1856.925;  153.125;    0.000
885.839; 1892.925;  144.125;    0.000
886.019; 1882.925;  184.125;    0.000
886.198; 1857.925;  132.125;    0.000
886.378; 1771.925;  124.125;    0.000
886.557; 1900.925;  146.125;    0.000
886.737; 1802.925;  157.125;    0.000
886.916; 1893.925;  203.125;    0.000
887.095; 1837.925;  151.125;    0.000
887.275; 1778.925;  143.125;    0.000
887.454; 1832.925;  140.125;    0.000
887.633; 1841.925;  196.125;    0.000
887.813; 1783.925;  161.125;    0.000
887.992; 1853.925;  183.125;    0.000
888.171; 1803.925;  153.125;    0.000
888.350; 1880.925;  185.125;    0.000
888.530; 1881.925;  163.125;    0.000
888.709; 1716.925;  174.125;    0.000
888.888; 1795.925;  179.125;    0.000
889.067; 1786.925;  178.125;    0.000
889.246; 1806.925;  184.125;    0.000
889.425; 1805.925;  169.125;    0.000
889.604; 1900.925;  210.125;    0.000
889.783; 1826.925;  183.125;    0.000
889.962; 1803.925;  116.125;    0.000
890.141; 1853.925;  179.125;    0.000
890.320; 1771.925;  182.125;    0.000
890.499; 1834.925;  188.125;    0.000
890.678; 1803.925;  167.125;    0.000
890.857; 1858.925;  141.125;    0.000
891.036; 1813.925;  179.125;    0.000
891.214; 1736.925;  156.125;    0.000
891.393; 1797.925;  209.125;    0.000
891.572; 1828.925;  181.125;    0.000
891.751; 1853.925;  172.125;    0.000
891.930; 1821.925;  169.125;    0.000
892.108; 1786.925;  131.125;    0.000
892.287; 1839.925;  162.125;    0.000
892.466; 1836.925;  178.125;    0.000
892.644; 1823.925;  161.125;    0.000
892.823; 1779.925;  180.125;    0.000
893.001; 1795.925;  179.125;    0.000
893.180; 1730.925;  152.125;    0.000
893.359; 1786.925;  184.125;    0.000
893.537; 1818.925;  178.125;    0.000
893.716; 1692.925;  169.125;    0.000
893.894; 1794.925;  159.125;    0.000
894.073; 1757.925;  179.125;    0.000
894.251; 1765.925;  167.125;    0.000
894.429; 1749.925;  142.125;    0.000
894.608; 1762.925;  166.125;    0.000
894.786; 1777.925;  153.125;    0.000
894.964; 1803.925;  181.125;    0.000
895.143; 1799.925;  161.125;    0.000
895.321; 1819.925;  198.125;    0.000
895.499; 1785.925;  184.125;    0.000
895.677; 1757.925;  178.125;    0.000
895.856; 1708.925;  226.125;    0.000
896.034; 1802.925;  180.125;    0.000
896.212; 1850.925;  200.125;    0.000
896.390; 1817.925;  161.125;    0.000
896.568; 1837.925;  204.125;    0.000
896.746; 1740.925;  136.125;    0.000
896.924; 1787.925;  171.125;    0.000
897.102; 1785.925;  203.125;    0.000
897.280; 1825.925;  142.125;    0.000
897.458; 1737.925;  159.125;    0.000
897.636; 1798.925;  163.125;    0.000
897.814; 1812.925;  137.125;    0.000
897.992; 1899.925;  199.125;    0.000
898.170; 1809.925;  176.125;    0.000
898.348; 1867.925;  195.125;    0.000
898.526; 1819.925;  199.125;    0.000
898.704; 1900.925;  260.125;    0.000
898.882; 1822.925;  185.125;    0.000
899.059; 1873.925;  169.125;    0.000
899.237; 1862.925;  197.125;    0.000
899.415; 1838.925;  207.125;    0.000
899.593; 1798.925;  169.125;    0.000
899.770; 1839.925;  182.125;    0.000
899.948; 1899.925;  198.125;    0.000
900.125; 1835.925;  200.125;    0.000
900.303; 1885.925;  165.125;    0.000
900.481; 1831.925;  182.125;    0.000
900.658; 1918.925;  206.125;    0.000
900.836; 1922.925;  188.125;    0.000
901.013; 1896.925;  169.125;    0.000
901.191; 1869.925;  172.125;    0.000
901.368; 1906.925;  170.125;    0.000
901.546; 1959.925;  234.125;    0.000
901.723; 1969.925;  173.125;    0.000
901.901; 2042.925;  190.125;    0.000
902.078; 2019.925;  145.125;    0.000
902.255; 1999.925;  204.125;    0.000
902.433; 2104.925;  198.125;    0.000
902.610; 2017.925;  190.125;    0.000
902.787; 2101.925;  204.125;    0.000
902.964; 2106.925;  208.125;    0.000
903.142; 2138.925;  187.125;    0.000
903.319; 2184.925;  216.125;    0.000
903.496; 2211.925;  186.125;    0.000
903.673; 2209.925;  201.125;    0.000
903.850; 2145.925;  195.125;    0.000
904.027; 2221.925;  211.125;    0.000
904.204; 2282.925;  197.125;    0.000
904.381; 2432.925;  198.125;    0.000
904.558; 2653.925;  188.125;    0.000
904.735; 2915.925;  207.125;    0.000
904.912; 2927.925;  217.125;    0.000
905.089; 2987.925;  188.125;    0.000
905.266; 2820.925;  160.125;    0.000
905.443; 2747.925;  221.125;    0.000
905.620; 2540.925;  163.125;    0.000
905.797; 2460.925;  186.125;    0.000
905.974; 2464.925;  205.125;    0.000
906.151; 2346.925;  159.125;    0.000
906.327; 2418.925;  206.125;    0.000
906.504; 2374.925;  201.125;    0.000
906.681; 2322.925;  202.125;    0.000
906.858; 2314.925;  188.125;    0.000
907.034; 2287.925;  207.125;    0.000
907.211; 2261.925;  182.125;    0.000
907.388; 2085.925;  184.125;    0.000
907.564; 2119.925;  148.125;    0.000
907.741; 2065.925;  181.125;    0.000
907.917; 2142.925;  191.125;    0.000
908.094; 2103.925;  210.125;    0.000
908.271; 2049.925;  171.125;    0.000
908.447; 2104.925;  241.125;    0.000
908.623; 2061.925;  188.125;    0.000
908.800; 2043.925;  205.125;    0.000
908.976; 2022.925;  210.125;    0.000
909.153; 2055.925;  193.125;    0.000
909.329; 2016.925;  206.125;    0.000
909.505; 2063.925;  181.125;    0.000
909.682; 2016.925;  192.125;    0.000
909.858; 1843.925;  134.125;    0.000
910.034; 1978.925;  214.125;    0.000
910.211; 1930.925;  182.125;    0.000
910.387; 2038.925;  194.125;    0.000
910.563; 1884.925;  199.125;    0.000
910.739; 1980.925;  188.125;    0.000
910.915; 1941.925;  192.125;    0.000
911.091; 1915.925;  198.125;    0.000
911.268; 2015.925;  178.125;    0.000
911.444; 1976.925;  201.125;    0.000
911.620; 1836.925;  181.125;    0.000
911.796; 1923.925;  185.125;    0.000
911.972; 1928.925;  176.125;    0.000
912.148; 1940.925;  196.125;    0.000
912.324; 1914.925;  192.125;    0.000
912.500; 1866.925;  204.125;    0.000
912.676; 1870.925;  164.125;    0.000
912.851; 1942.925;  193.125;    0.000
913.027; 1942.925;  175.125;    0.000
913.203; 1791.925;  193.125;    0.000
913.379; 1793.925;  213.125;    0.000
913.555; 1927.925;  211.125;    0.000
913.730; 1879.925;  194.125;    0.000
913.906; 1873.925;  153.125;    0.000
914.082; 1946.925;  212.125;    0.000
914.258; 1957.925;  194.125;    0.000
914.433; 1938.925;  191.125;    0.000
914.609; 1882.925;  208.125;    0.000
914.784; 1875.925;  176.125;    0.000
914.960; 1803.925;  227.125;    0.000
915.136; 1951.925;  152.125;    0.000
915.311; 1957.925;  171.125;    0.000
915.487; 1939.925;  173.125;    0.000
915.662; 1912.925;  189.125;    0.000
915.838; 1972.925;  179.125;    0.000
916.013; 1868.925;  191.125;    0.000
916.189; 1873.925;  207.125;    0.000
916.364; 1990.925;  194.125;    0.000
916.539; 1906.925;  174.125;    0.000
916.715; 1936.925;  207.125;    0.000
916.890; 2020.925;  193.125;    0.000
917.065; 1813.925;  199.125;    0.000
917.240; 1951.925;  214.125;    0.000
917.416; 1949.925;  194.125;    0.000
917.591; 1952.925;  213.125;    0.000
917.766; 1932.925;  194.125;    0.000
917.941; 1977.925;  201.125;    0.000
918.116; 1930.925;  198.125;    0.000
918.292; 1963.925;  176.125;    0.000
918.467; 1892.925;  190.125;    0.000
918.642; 1962.925;  200.125;    0.000
918.817; 1917.925;  186.125;    0.000
918.992; 1941.925;  174.125;    0.000
919.167; 2002.925;  197.125;    0.000
919.342; 1904.925;  188.125;    0.000
919.517; 1947.925;  179.125;    0.000
919.692; 1949.925;  182.125;    0.000
919.867; 2011.925;  216.125;    0.000
920.041; 2049.925;  208.125;    0.000
920.216; 2030.925;  223.125;    0.000
920.391; 2186.925;  203.125;    0.000
920.566; 2053.925;  202.125;    0.000
920.741; 2062.925;  197.125;    0.000
920.915; 2123.925;  223.125;    0.000
921.090; 2215.925;  183.125;    0.000
921.265; 2441.925;  169.125;    0.000
921.439; 2669.925;  212.125;    0.000
921.614; 2539.925;  190.125;    0.000
921.789; 2384.925;  177.125;    0.000
921.963; 2294.925;  233.125;    0.000
922.138; 2187.925;  156.125;    0.000
922.312; 2253.925;  193.125;    0.000
922.487; 2256.925;  208.125;    0.000
922.661; 2358.925;  212.125;    0.000
922.836; 2357.925;  210.125;    0.000
923.010; 2416.925;  183.125;    0.000
923.185; 2289.925;  228.125;    0.000
923.359; 2262.925;  227.125;    0.000
923.534; 2271.925;  189.125;    0.000
923.708; 2335.925;  210.125;    0.000
923.882; 2398.925;  217.125;    0.000
924.057; 2311.925;  195.125;    0.000
924.231; 2209.925;  201.125;    0.000
924.405; 2320.925;  188.125;    0.000
924.579; 2224.925;  188.125;    0.000
924.753; 2253.925;  174.125;    0.000
924.928; 2166.925;  179.125;    0.000
925.102; 2067.925;  186.125;    0.000
925.276; 2138.925;  201.125;    0.000
925.450; 2252.925;  211.125;    0.000
925.624; 2149.925;  238.125;    0.000
925.798; 2291.925;  191.125;    0.000
925.972; 2384.925;  192.125;    0.000
926.146; 2417.925;  198.125;    0.000
926.320; 2418.925;  151.125;    0.000
926.494; 2593.925;  202.125;    0.000
926.668; 2696.925;  197.125;    0.000
926.842; 2884.925;  177.125;    0.000
927.016; 2795.925;  202.125;    0.000
927.190; 2767.925;  207.125;    0.000
927.363; 2687.925;  180.125;    0.000
927.537; 2630.925;  212.125;    0.000
927.711; 2544.925;  148.125;    0.000
927.885; 2476.925;  196.125;    0.000
928.058; 2478.925;  173.125;    0.000
928.232; 2494.925;  219.125;    0.000
928.406; 2507.925;  141.125;    0.000
928.579; 2360.925;  157.125;    0.000
928.753; 2386.925;  205.125;    0.000
928.927; 2391.925;  196.125;    0.000
929.100; 2279.925;  237.125;    0.000
929.274; 2250.925;  166.125;    0.000
929.447; 2358.925;  150.125;    0.000
929.621; 2245.925;  188.125;    0.000
929.794; 2200.925;  169.125;    0.000
929.968; 2124.925;  194.125;    0.000
930.141; 2253.925;  226.125;    0.000
930.315; 2125.925;  196.125;    0.000
930.488; 2245.925;  233.125;    0.000
930.661; 2142.925;  188.125;    0.000
930.835; 2130.925;  170.125;    0.000
931.008; 2103.925;  176.125;    0.000
931.181; 2119.925;  175.125;    0.000
931.354; 2065.925;  212.125;    0.000
931.528; 2031.925;  177.125;    0.000
931.701; 2051.925;  218.125;    0.000
931.874; 2068.925;  175.125;    0.000
932.047; 2066.925;  157.125;    0.000
932.220; 2095.925;  187.125;    0.000
932.393; 1926.925;  166.125;    0.000
932.566; 1956.925;  168.125;    0.000
932.739; 1936.925;  203.125;    0.000
932.912; 2055.925;  202.125;    0.000
933.085; 2100.925;  209.125;    0.000
933.258; 1977.925;  196.125;    0.000
933.431; 1942.925;  207.125;    0.000
933.604; 1974.925;  201.125;    0.000
933.777; 1942.925;  202.125;    0.000
933.950; 2000.925;  184.125;    0.000
934.123; 1913.925;  167.125;    0.000
934.296; 1965.925;  209.125;    0.000
934.468; 2027.925;  216.125;    0.000
934.641; 1923.925;  156.125;    0.000
934.814; 1954.925;  215.125;    0.000
934.987; 1989.925;  201.125;    0.000
935.159; 2019.925;  176.125;    0.000
935.332; 1956.925;  203.125;    0.000
935.505; 1880.925;  163.125;    0.000
935.677; 1929.925;  169.125;    0.000
935.850; 1865.925;  178.125;    0.000
936.022; 1884.925;  187.125;    0.000
936.195; 1942.925;  207.125;    0.000
936.367; 1978.925;  191.125;    0.000
936.540; 2019.925;  214.125;    0.000
936.712; 1945.925;  202.125;    0.000
936.885; 1960.925;  195.125;    0.000
937.057; 1945.925;  173.125;    0.000
937.229; 1981.925;  179.125;    0.000
937.402; 1990.925;  174.125;    0.000
937.574; 2011.925;  140.125;    0.000
937.746; 2110.925;  153.125;    0.000
937.919; 2071.925;  196.125;    0.000
938.091; 2131.925;  173.125;    0.000
938.263; 2259.925;  206.125;    0.000
938.435; 2290.925;  213.125;    0.000
938.608; 2519.925;  204.125;    0.000
938.780; 2922.925;  199.125;    0.000
938.952; 2892.925;  190.125;    0.000
939.124; 2830.925;  182.125;    0.000
939.296; 3245.925;  188.125;    0.000
939.468; 3226.925;  119.125;    0.000
939.640; 2973.925;  171.125;    0.000
939.812; 2904.925;  222.125;    0.000
939.984; 2655.925;  172.125;    0.000
940.156; 2631.925;  171.125;    0.000
940.328; 2395.925;  215.125;    0.000
940.500; 2379.925;  179.125;    0.000
940.672; 2290.925;  178.125;    0.000
940.843; 2238.925;  193.125;    0.000
941.015; 2180.925;  207.125;    0.000
941.187; 2158.925;  179.125;    0.000
941.359; 2222.925;  191.125;    0.000
941.531; 2143.925;  160.125;    0.000
941.702; 2221.925;  208.125;    0.000
941.874; 2064.925;  143.125;    0.000
942.046; 2065.925;  189.125;    0.000
942.217; 2053.925;  167.125;    0.000
942.389; 2020.925;  199.125;    0.000
942.560; 1965.925;  179.125;    0.000
942.732; 1954.925;  209.125;    0.000
942.904; 1965.925;  180.125;    0.000
943.075; 1835.925;  197.125;    0.000
943.247; 1886.925;  207.125;    0.000
943.418; 1891.925;  183.125;    0.000
943.589; 1933.925;  176.125;    0.000
943.761; 1857.925;  165.125;    0.000
943.932; 1922.925;  170.125;    0.000
944.104; 1939.925;  147.125;    0.000
944.275; 1824.925;  149.125;    0.000
944.446; 1853.925;  191.125;    0.000
944.617; 1869.925;  128.125;    0.000
944.789; 1807.925;  166.125;    0.000
944.960; 1860.925;  195.125;    0.000
945.131; 1816.925;  164.125;    0.000
945.302; 1759.925;  229.125;    0.000
945.473; 1763.925;  153.125;    0.000
945.645; 1874.925;  166.125;    0.000
945.816; 1914.925;  187.125;    0.000
945.987; 1904.925;  193.125;    0.000
946.158; 1864.925;  166.125;    0.000
946.329; 1920.925;  196.125;    0.000
946.500; 1887.925;  152.125;    0.000
946.671; 1777.925;  161.125;    0.000
946.842; 1782.925;  176.125;    0.000
947.013; 1780.925;  188.125;    0.000
947.183; 1866.925;  213.125;    0.000
947.354; 1710.925;  163.125;    0.000
947.525; 1779.925;  204.125;    0.000
947.696; 1813.925;  159.125;    0.000
947.867; 1818.925;  197.125;    0.000
948.037; 1769.925;  174.125;    0.000
948.208; 1839.925;  163.125;    0.000
948.379; 1766.925;  189.125;    0.000
948.550; 1811.925;  173.125;    0.000
948.720; 1737.925;  186.125;    0.000
948.891; 1737.925;  166.125;    0.000
949.061; 1776.925;  197.125;    0.000
949.232; 1703.925;  168.125;    0.000
949.403; 1670.925;  188.125;    0.000
949.573; 1737.925;  164.125;    0.000
949.744; 1683.925;  194.125;    0.000
949.914; 1782.925;  154.125;    0.000
950.085; 1742.925;  197.125;    0.000
950.255; 1787.925;  187.125;    0.000
950.425; 1705.925;  193.125;    0.000
950.596; 1722.925;  182.125;    0.000
950.766; 1747.925;  202.125;    0.000
950.936; 1779.925;  230.125;    0.000
951.107; 1704.925;  133.125;    0.000
951.277; 1727.925;  234.125;    0.000
951.447; 1679.925;  200.125;    0.000
951.617; 1772.925;  212.125;    0.000
951.788; 1642.925;  176.125;    0.000
951.958; 1722.925;  218.125;    0.000
952.128; 1644.925;  198.125;    0.000
952.298; 1686.925;  185.125;    0.000
952.468; 1682.925;  231.125;    0.000
952.638; 1647.925;  213.125;    0.000
952.808; 1699.925;  218.125;    0.000
952.978; 1682.925;  252.125;    0.000
953.148; 1763.925;  200.125;    0.000
953.318; 1721.925;  243.125;    0.000
953.488; 1624.925;  140.125;    0.000
953.658; 1708.925;  208.125;    0.000
953.828; 1719.925;  179.125;    0.000
953.998; 1744.925;  211.125;    0.000
954.167; 1691.925;  197.125;    0.000
954.337; 1696.925;  217.125;    0.000
954.507; 1768.925;  219.125;    0.000
954.677; 1678.925;  201.125;    0.000
954.846; 1750.925;  241.125;    0.000
955.016; 1684.925;  222.125;    0.000
955.186; 1620.925;  200.125;    0.000
955.355; 1680.925;  247.125;    0.000
955.525; 1677.925;  212.125;    0.000
955.695; 1657.925;  200.125;    0.000
955.864; 1704.925;  196.125;    0.000
956.034; 1620.925;  195.125;    0.000
956.203; 1772.925;  243.125;    0.000
956.373; 1631.925;  197.125;    0.000
956.542; 1713.925;  237.125;    0.000
956.711; 1656.925;  249.125;    0.000
956.881; 1648.925;  235.125;    0.000
957.050; 1658.925;  259.125;    0.000
957.220; 1690.925;  234.125;    0.000
957.389; 1691.925;  250.125;    0.000
957.558; 1618.925;  214.125;    0.000
957.727; 1612.925;  225.125;    0.000
957.897; 1639.925;  211.125;    0.000
958.066; 1631.925;  200.125;    0.000
958.235; 1648.925;  202.125;    0.000
958.404; 1613.925;  242.125;    0.000
958.573; 1610.925;  222.125;    0.000
958.743; 1584.925;  191.125;    0.000
958.912; 1578.925;  183.125;    0.000
959.081; 1614.925;  212.125;    0.000
959.250; 1589.925;  192.125;    0.000
959.419; 1665.925;  238.125;    0.000
959.588; 1580.925;  205.125;    0.000
959.757; 1649.925;  213.125;    0.000
959.926; 1633.925;  217.125;    0.000
960.094; 1635.925;  215.125;    0.000
960.263; 1641.925;  220.125;    0.000
960.432; 1600.925;  164.125;    0.000
960.601; 1623.925;  228.125;    0.000
960.770; 1599.925;  176.125;    0.000
960.939; 1610.925;  201.125;    0.000
961.107; 1563.925;  183.125;    0.000
961.276; 1624.925;  199.125;    0.000
961.445; 1578.925;  205.125;    0.000
961.613; 1604.925;  183.125;    0.000
961.782; 1617.925;  216.125;    0.000
961.951; 1516.925;  169.125;    0.000
962.119; 1630.925;  211.125;    0.000
962.288; 1573.925;  204.125;    0.000
962.456; 1596.925;  187.125;    0.000
962.625; 1659.925;  223.125;    0.000
962.793; 1588.925;  200.125;    0.000
962.962; 1609.925;  185.125;    0.000
963.130; 1639.925;  195.125;    0.000
963.298; 1610.925;  187.125;    0.000
963.467; 1668.925;  247.125;    0.000
963.635; 1632.925;  165.125;    0.000
963.803; 1631.925;  192.125;    0.000
963.972; 1572.925;  191.125;    0.000
964.140; 1621.925;  163.125;    0.000
964.308; 1596.925;  161.125;    0.000
964.477; 1582.925;  182.125;    0.000
964.645; 1650.925;  195.125;    0.000
964.813; 1624.925;  165.125;    0.000
964.981; 1603.925;  193.125;    0.000
965.149; 1568.925;  174.125;    0.000
965.317; 1651.925;  194.125;    0.000
965.485; 1617.925;  209.125;    0.000
965.653; 1654.925;  210.125;    0.000
965.821; 1578.925;  194.125;    0.000
965.989; 1576.925;  182.125;    0.000
966.157; 1580.925;  180.125;    0.000
966.325; 1553.925;  198.125;    0.000
966.493; 1565.925;  182.125;    0.000
966.661; 1577.925;  200.125;    0.000
966.829; 1528.925;  190.125;    0.000
966.996; 1594.925;  221.125;    0.000
967.164; 1581.925;  176.125;    0.000
967.332; 1631.925;  228.125;    0.000
967.500; 1553.925;  177.125;    0.000
967.667; 1528.925;  202.125;    0.000
967.835; 1661.925;  220.125;    0.000
968.003; 1523.925;  183.125;    0.000
968.170; 1590.925;  163.125;    0.000
968.338; 1547.925;  162.125;    0.000
968.505; 1564.925;  198.125;    0.000
968.673; 1525.925;  213.125;    0.000
968.841; 1530.925;  131.125;    0.000
969.008; 1547.925;  225.125;    0.000
969.175; 1574.925;  202.125;    0.000
969.343; 1546.925;  222.125;    0.000
969.510; 1573.925;  230.125;    0.000
969.678; 1589.925;  161.125;    0.000
969.845; 1594.925;  208.125;    0.000
970.012; 1599.925;  186.125;    0.000
970.180; 1633.925;  226.125;    0.000
970.347; 1597.925;  222.125;    0.000
970.514; 1673.925;  206.125;    0.000
970.681; 1547.925;  173.125;    0.000
970.849; 1588.925;  190.125;    0.000
971.016; 1659.925;  220.125;    0.000
971.183; 1679.925;  202.125;    0.000
971.350; 1557.925;  196.125;    0.000
971.517; 1634.925;  218.125;    0.000
971.684; 1670.925;  228.125;    0.000
971.851; 1698.925;  235.125;    0.000
972.018; 1610.925;  200.125;    0.000
972.185; 1579.925;  183.125;    0.000
972.352; 1587.925;  216.125;    0.000
972.519; 1565.925;  227.125;    0.000
972.686; 1595.925;  209.125;    0.000
972.853; 1623.925;  157.125;    0.000
973.020; 1596.925;  179.125;    0.000
973.186; 1562.925;  173.125;    0.000
973.353; 1587.925;  189.125;    0.000
973.520; 1612.925;  228.125;    0.000
973.687; 1610.925;  190.125;    0.000
973.853; 1564.925;  197.125;    0.000
974.020; 1627.925;  208.125;    0.000
974.187; 1606.925;  158.125;    0.000
974.353; 1694.925;  201.125;    0.000
974.520; 1657.925;  158.125;    0.000
974.687; 1682.925;  192.125;    0.000
974.853; 1644.925;  177.125;    0.000
975.020; 1581.925;  212.125;    0.000
975.186; 1653.925;  200.125;    0.000
975.353; 1589.925;  208.125;    0.000
975.519; 1695.925;  169.125;    0.000
975.685; 1632.925;  176.125;    0.000
975.852; 1649.925;  201.125;    0.000
976.018; 1649.925;  209.125;    0.000
976.184; 1623.925;  197.125;    0.000
976.351; 1596.925;  196.125;    0.000
976.517; 1628.925;  243.125;    0.000
976.683; 1585.925;  210.125;    0.000
976.849; 1609.925;  226.125;    0.000
977.016; 1596.925;  218.125;    0.000
977.182; 1536.925;  213.125;    0.000
977.348; 1524.925;  205.125;    0.000
977.514; 1547.925;  210.125;    0.000
977.680; 1619.925;  226.125;    0.000
977.846; 1528.925;  206.125;    0.000
978.012; 1546.925;  222.125;    0.000
978.178; 1586.925;  216.125;    0.000
978.344; 1528.925;  172.125;    0.000
978.510; 1554.925;  210.125;    0.000
978.676; 1600.925;  184.125;    0.000
978.842; 1583.925;  190.125;    0.000
979.008; 1521.925;  203.125;    0.000
979.174; 1538.925;  211.125;    0.000
979.340; 1629.925;  190.125;    0.000
979.505; 1608.925;  235.125;    0.000
979.671; 1566.925;  182.125;    0.000
979.837; 1567.925;  235.125;    0.000
980.003; 1617.925;  183.125;    0.000
980.168; 1561.925;  220.125;    0.000
980.334; 1658.925;  161.125;    0.000
980.499; 1613.925;  212.125;    0.000
980.665; 1572.925;  219.125;    0.000
980.831; 1609.925;  201.125;    0.000
980.996; 1593.925;  189.125;    0.000
981.162; 1651.925;  222.125;    0.000
981.327; 1587.925;  173.125;    0.000
981.493; 1640.925;  197.125;    0.000
981.658; 1613.925;  178.125;    0.000
981.823; 1549.925;  196.125;    0.000
981.989; 1524.925;  248.125;    0.000
982.154; 1624.925;  222.125;    0.000
982.319; 1602.925;  226.125;    0.000
982.485; 1615.925;  188.125;    0.000
982.650; 1595.925;  203.125;    0.000
982.815; 1698.925;  237.125;    0.000
982.980; 1626.925;  210.125;    0.000
983.146; 1585.925;  202.125;    0.000
983.311; 1572.925;  195.125;    0.000
983.476; 1578.925;  207.125;    0.000
983.641; 1589.925;  198.125;    0.000
983.806; 1607.925;  136.125;    0.000
983.971; 1585.925;  248.125;    0.000
984.136; 1540.925;  213.125;    0.000
984.301; 1561.925;  181.125;    0.000
984.466; 1619.925;  210.125;    0.000
984.631; 1656.925;  219.125;    0.000
984.796; 1615.925;  207.125;    0.000
984.961; 1590.925;  214.125;    0.000
985.126; 1649.925;  218.125;    0.000
985.291; 1530.925;  214.125;    0.000
985.455; 1566.925;  187.125;    0.000
985.620; 1580.925;  191.125;    0.000
985.785; 1585.925;  190.125;    0.000
985.950; 1591.925;  184.125;    0.000
986.114; 1591.925;  242.125;    0.000
986.279; 1543.925;  251.125;    0.000
986.444; 1656.925;  177.125;    0.000
986.608; 1633.925;  216.125;    0.000
986.773; 1598.925;  211.125;    0.000
986.937; 1726.925;  244.125;    0.000
987.102; 1624.925;  187.125;    0.000
987.266; 1596.925;  178.125;    0.000
987.431; 1571.925;  205.125;    0.000
987.595; 1563.925;  221.125;    0.000
987.760; 1605.925;  205.125;    0.000
987.924; 1630.925;  195.125;    0.000
988.088; 1598.925;  184.125;    0.000
988.253; 1600.925;  188.125;    0.000
988.417; 1558.925;  196.125;    0.000
988.581; 1589.925;  218.125;    0.000
988.746; 1657.925;  203.125;    0.000
988.910; 1557.925;  195.125;    0.000
989.074; 1564.925;  187.125;    0.000
989.238; 1609.925;  243.125;    0.000
989.402; 1679.925;  242.125;    0.000
989.566; 1621.925;  205.125;    0.000
989.731; 1595.925;  195.125;    0.000
989.895; 1590.925;  211.125;    0.000
990.059; 1551.925;  175.125;    0.000
990.223; 1614.925;  176.125;    0.000
990.387; 1617.925;  234.125;    0.000
990.551; 1602.925;  231.125;    0.000
990.714; 1613.925;  209.125;    0.000
990.878; 1518.925;  187.125;    0.000
991.042; 1625.925;  183.125;    0.000
991.206; 1587.925;  216.125;    0.000
991.370; 1681.925;  257.125;    0.000
991.534; 1589.925;  188.125;    0.000
991.697; 1637.925;  203.125;    0.000
991.861; 1629.925;  219.125;    0.000
992.025; 1596.925;  221.125;    0.000
992.188; 1599.925;  188.125;    0.000
992.352; 1609.925;  205.125;    0.000
992.516; 1579.925;  189.125;    0.000
992.679; 1621.925;  207.125;    0.000
992.843; 1624.925;  210.125;    0.000
993.006; 1598.925;  191.125;    0.000
993.170; 1617.925;  228.125;    0.000
993.333; 1582.925;  142.125;    0.000
993.497; 1645.925;  175.125;    0.000
993.660; 1574.925;  220.125;    0.000
993.824; 1617.925;  193.125;    0.000
993.987; 1631.925;  219.125;    0.000
994.150; 1601.925;  166.125;    0.000
994.314; 1679.925;  207.125;    0.000
994.477; 1591.925;  227.125;    0.000
994.640; 1647.925;  210.125;    0.000
994.803; 1586.925;  219.125;    0.000
994.967; 1575.925;  192.125;    0.000
995.130; 1708.925;  197.125;    0.000
995.293; 1626.925;  189.125;    0.000
995.456; 1576.925;  180.125;    0.000
995.619; 1553.925;  239.125;    0.000
995.782; 1666.925;  209.125;    0.000
995.945; 1604.925;  216.125;    0.000
996.108; 1595.925;  198.125;    0.000
996.271; 1594.925;  205.125;    0.000
996.434; 1553.925;  205.125;    0.000
996.597; 1645.925;  208.125;    0.000
996.760; 1564.925;  205.125;    0.000
996.923; 1642.925;  174.125;    0.000
997.086; 1567.925;  198.125;    0.000
997.248; 1539.925;  214.125;    0.000
997.411; 1559.925;  237.125;    0.000
997.574; 1594.925;  182.125;    0.000
997.737; 1639.925;  188.125;    0.000
997.899; 1582.925;  216.125;    0.000
998.062; 1568.925;  210.125;    0.000
998.225; 1610.925;  202.125;    0.000
998.387; 1573.925;  202.125;    0.000
998.550; 1560.925;  193.125;    0.000
998.712; 1531.925;  225.125;    0.000
998.875; 1628.925;  228.125;    0.000
999.037; 1547.925;  186.125;    0.000
999.200; 1609.925;  212.125;    0.000
999.362; 1584.925;  234.125;    0.000
999.525; 1508.925;  170.125;    0.000
999.687; 1570.925;  191.125;    0.000
999.849; 1600.925;  218.125;    0.000
1000.012; 1601.925;  187.125;    0.000
1000.174; 1626.925;  216.125;    0.000
1000.336; 1570.925;  194.125;    0.000
1000.499; 1711.925;  209.125;    0.000
1000.661; 1602.925;  208.125;    0.000
1000.823; 1615.925;  197.125;    0.000
1000.985; 1569.925;  201.125;    0.000
1001.147; 1733.925;  234.125;    0.000
1001.309; 1676.925;  180.125;    0.000
1001.471; 1637.925;  223.125;    0.000
1001.633; 1686.925;  198.125;    0.000
1001.796; 1677.925;  200.125;    0.000
1001.958; 1695.925;  204.125;    0.000
1002.119; 1740.925;  193.125;    0.000
1002.281; 1753.925;  205.125;    0.000
1002.443; 1885.925;  236.125;    0.000
1002.605; 1939.925;  197.125;    0.000
1002.767; 2050.925;  223.125;    0.000
1002.929; 2096.925;  220.125;    0.000
1003.091; 2243.925;  214.125;    0.000
1003.252; 2451.925;  233.125;    0.000
1003.414; 2420.925;  230.125;    0.000
1003.576; 2521.925;  203.125;    0.000
1003.738; 2692.925;  201.125;    0.000
1003.899; 2862.925;  222.125;    0.000
1004.061; 3014.925;  208.125;    0.000
1004.222; 3072.925;  194.125;    0.000
1004.384; 3185.925;  205.125;    0.000
1004.546; 3294.925;  162.125;    0.000
1004.707; 3375.925;  232.125;    0.000
1004.869; 3223.925;  223.125;    0.000
1005.030; 3380.925;  204.125;    0.000
1005.191; 3251.925;  214.125;    0.000
1005.353; 3217.925;  226.125;    0.000
1005.514; 2858.925;  201.125;    0.000
1005.675; 2806.925;  205.125;    0.000
1005.837; 2700.925;  235.125;    0.000
1005.998; 2626.925;  210.125;    0.000
1006.159; 2555.925;  214.125;    0.000
1006.321; 2603.925;  236.125;    0.000
1006.482; 2725.925;  214.125;    0.000
1006.643; 2768.925;  213.125;    0.000
1006.804; 2961.925;  204.125;    0.000
1006.965; 3100.925;  212.125;    0.000
1007.126; 3102.925;  251.125;    0.000
1007.287; 3111.925;  238.125;    0.000
1007.448; 2990.925;  198.125;    0.000
1007.609; 2947.925;  241.125;    0.000
1007.770; 2880.925;  213.125;    0.000
1007.931; 2895.925;  225.125;    0.000
1008.092; 2912.925;  204.125;    0.000
1008.253; 3051.925;  220.125;    0.000
1008.414; 3122.925;  180.125;    0.000
1008.575; 3190.925;  224.125;    0.000
1008.736; 2992.925;  164.125;    0.000
1008.896; 3090.925;  247.125;    0.000
1009.057; 3018.925;  263.125;    0.000
1009.218; 3093.925;  233.125;    0.000
1009.379; 3045.925;  207.125;    0.000
1009.539; 3108.925;  221.125;    0.000
1009.700; 3225.925;  209.125;    0.000
1009.860; 3191.925;  217.125;    0.000
1010.021; 3095.925;  182.125;    0.000
1010.182; 3039.925;  233.125;    0.000
1010.342; 3018.925;  210.125;    0.000
1010.503; 3141.925;  232.125;    0.000
1010.663; 3290.925;  228.125;    0.000
1010.823; 3230.925;  212.125;    0.000
1010.984; 3330.925;  244.125;    0.000
1011.144; 3305.925;  200.125;    0.000
1011.305; 3359.925;  237.125;    0.000
1011.465; 3493.925;  225.125;    0.000
1011.625; 3479.925;  215.125;    0.000
1011.785; 3467.925;  235.125;    0.000
1011.946; 3645.925;  231.125;    0.000
1012.106; 3454.925;  206.125;    0.000
1012.266; 3511.925;  218.125;    0.000
1012.426; 3532.925;  249.125;    0.000
1012.586; 3448.925;  217.125;    0.000
1012.746; 3549.925;  231.125;    0.000
1012.906; 3431.925;  230.125;    0.000
1013.066; 3586.925;  260.125;    0.000
1013.226; 3488.925;  206.125;    0.000
1013.386; 3414.925;  220.125;    0.000
1013.546; 3435.925;  233.125;    0.000
1013.706; 3358.925;  194.125;    0.000
1013.866; 3417.925;  209.125;    0.000
1014.026; 3438.925;  204.125;    0.000
1014.186; 3553.925;  203.125;    0.000
1014.346; 3532.925;  244.125;    0.000
1014.505; 3567.925;  206.125;    0.000
1014.665; 3707.925;  210.125;    0.000
1014.825; 3617.925;  235.125;    0.000
1014.985; 3567.925;  227.125;    0.000
1015.144; 3906.925;  237.125;    0.000
1015.304; 4012.925;  196.125;    0.000
1015.464; 3996.925;  228.125;    0.000
1015.623; 3933.925;  235.125;    0.000
1015.783; 4328.925;  187.125;    0.000
1015.942; 4573.925;  184.125;    0.000
1016.102; 4366.925;  245.125;    0.000
1016.261; 4394.925;  203.125;    0.000
1016.420; 4927.925;  209.125;    0.000
1016.580; 5474.925;  235.125;    0.000
1016.739; 5177.925;  175.125;    0.000
1016.899; 4977.925;  220.125;    0.000
1017.058; 5357.925;  219.125;    0.000
1017.217; 5622.925;  238.125;    0.000
1017.376; 5279.925;  235.125;    0.000
1017.536; 4713.925;  195.125;    0.000
1017.695; 4807.925;  215.125;    0.000
1017.854; 4921.925;  231.125;    0.000
1018.013; 4693.925;  184.125;    0.000
1018.172; 4566.925;  179.125;    0.000
1018.331; 4673.925;  205.125;    0.000
1018.490; 4892.925;  203.125;    0.000
1018.649; 5113.925;  261.125;    0.000
1018.808; 5185.925;  253.125;    0.000
1018.967; 5207.925;  201.125;    0.000
1019.126; 5455.925;  216.125;    0.000
1019.285; 5584.925;  169.125;    0.000
1019.444; 5429.925;  226.125;    0.000
1019.603; 5191.925;  252.125;    0.000
1019.762; 5034.925;  206.125;    0.000
1019.921; 5066.925;  235.125;    0.000
1020.079; 5356.925;  192.125;    0.000
1020.238; 5971.925;  226.125;    0.000
1020.397; 5634.925;  231.125;    0.000
1020.555; 5279.925;  218.125;    0.000
1020.714; 5267.925;  235.125;    0.000
1020.873; 5490.925;  229.125;    0.000
1021.031; 5780.925;  234.125;    0.000
1021.190; 5489.925;  223.125;    0.000
1021.348; 5410.925;  186.125;    0.000
1021.507; 5888.925;  201.125;    0.000
1021.665; 6113.925;  222.125;    0.000
1021.824; 5756.925;  208.125;    0.000
1021.982; 5577.925;  209.125;    0.000
1022.141; 5447.925;  224.125;    0.000
1022.299; 6140.925;  214.125;    0.000
1022.457; 6335.925;  176.125;    0.000
1022.616; 5846.925;  211.125;    0.000
1022.774; 5357.925;  218.125;    0.000
1022.932; 5686.925;  205.125;    0.000
1023.090; 6268.925;  246.125;    0.000
1023.249; 6310.925;  249.125;    0.000
1023.407; 5887.925;  235.125;    0.000
1023.565; 5467.925;  202.125;    0.000
1023.723; 5873.925;  210.125;    0.000
1023.881; 6376.925;  206.125;    0.000
1024.039; 6519.925;  240.125;    0.000
1024.197; 6144.925;  275.125;    0.000
1024.355; 5844.925;  228.125;    0.000
1024.513; 5891.925;  234.125;    0.000
1024.671; 6386.925;  222.125;    0.000
1024.829; 6500.925;  241.125;    0.000
1024.987; 6232.925;  209.125;    0.000
1025.145; 5712.925;  227.125;    0.000
1025.302; 6062.925;  208.125;    0.000
1025.460; 6345.925;  210.125;    0.000
1025.618; 6730.925;  192.125;    0.000
1025.776; 6340.925;  220.125;    0.000
1025.933; 6010.925;  223.125;    0.000
1026.091; 6037.925;  189.125;    0.000
1026.249; 6593.925;  210.125;    0.000
1026.406; 6953.925;  231.125;    0.000
1026.564; 6754.925;  247.125;    0.000
1026.721; 6379.925;  213.125;    0.000
1026.879; 6073.925;  208.125;    0.000
1027.036; 6423.925;  222.125;    0.000
1027.194; 6859.925;  253.125;    0.000
1027.351; 6947.925;  239.125;    0.000
1027.509; 6596.925;  232.125;    0.000
1027.666; 6437.925;  251.125;    0.000
1027.823; 6708.925;  212.125;    0.000
1027.981; 7004.925;  260.125;    0.000
1028.138; 7178.925;  263.125;    0.000
1028.295; 6868.925;  251.125;    0.000
1028.452; 6599.925;  249.125;    0.000
1028.609; 6614.925;  259.125;    0.000
1028.767; 6886.925;  255.125;    0.000
1028.924; 7133.925;  201.125;    0.000
1029.081; 7066.925;  217.125;    0.000
1029.238; 7098.925;  230.125;    0.000
1029.395; 6715.925;  263.125;    0.000
1029.552; 6999.925;  207.125;    0.000
1029.709; 7333.925;  220.125;    0.000
1029.866; 7391.925;  214.125;    0.000
1030.023; 7139.925;  224.125;    0.000
1030.180; 6686.925;  209.125;    0.000
1030.337; 6980.925;  269.125;    0.000
1030.494; 7405.925;  207.125;    0.000
1030.650; 7612.925;  230.125;    0.000
1030.807; 7854.925;  217.125;    0.000
1030.964; 7035.925;  212.125;    0.000
1031.121; 6882.925;  220.125;    0.000
1031.277; 6795.925;  233.125;    0.000
1031.434; 7480.925;  266.125;    0.000
1031.591; 8063.925;  270.125;    0.000
1031.747; 7952.925;  229.125;    0.000
1031.904; 7779.925;  227.125;    0.000
1032.060; 7368.925;  210.125;    0.000
1032.217; 7238.925;  218.125;    0.000
1032.373; 8334.925;  190.125;    0.000
1032.530; 8512.925;  236.125;    0.000
1032.686; 9352.925;  199.125;    0.000
1032.843; 8858.925;  216.125;    0.000
1032.999; 8365.925;  204.125;    0.000
1033.155; 8535.925;  208.125;    0.000
1033.312; 8736.925;  231.125;    0.000
1033.468;10388.925;  213.125;    0.000
1033.624;11395.925;  235.125;    0.000
1033.780;11559.925;  233.125;    0.000
1033.937;11354.925;  201.125;    0.000
1034.093;10246.925;  233.125;    0.000
1034.249;10746.925;  214.125;    0.000
1034.405;10986.925;  245.125;    0.000
1034.561;11858.925;  228.125;    0.000
1034.717;13145.925;  234.125;    0.000
1034.873;12515.925;  248.125;    0.000
1035.029;12897.925;  220.125;    0.000
1035.185;11791.925;  294.125;    0.000
1035.341;11455.925;  231.125;    0.000
1035.497;12735.925;  254.125;    0.000
1035.653;12822.925;  225.125;    0.000
1035.809;14197.925;  243.125;    0.000
1035.964;14520.925;  216.125;    0.000
1036.120;13994.925;  199.125;    0.000
1036.276;13924.925;  220.125;    0.000
1036.432;13705.925;  210.125;    0.000
1036.587;13043.925;  225.125;    0.000
1036.743;13706.925;  245.125;    0.000
1036.899;15045.925;  219.125;    0.000
1037.054;15056.925;  157.125;    0.000
1037.210;16819.926;  208.125;    0.000
1037.365;17046.926;  230.125;    0.000
1037.521;15093.925;  236.125;    0.000
1037.676;15241.925;  193.125;    0.000
1037.832;14252.925;  246.125;    0.000
1037.987;14540.925;  231.125;    0.000
1038.143;15247.925;  234.125;    0.000
1038.298;17209.926;  219.125;    0.000
1038.453;16931.926;  230.125;    0.000
1038.609;18838.926;  254.125;    0.000
1038.764;19144.926;  249.125;    0.000
1038.919;16994.926;  224.125;    0.000
1039.074;17233.926;  209.125;    0.000
1039.229;16166.925;  214.125;    0.000
1039.385;16119.925;  268.125;    0.000
1039.540;16416.926;  268.125;    0.000
1039.695;18661.926;  229.125;    0.000
1039.850;20097.926;  252.125;    0.000
1040.005;21705.926;  248.125;    0.000
1040.160;23170.926;  215.125;    0.000
1040.315;22152.926;  239.125;    0.000
1040.470;20823.926;  210.125;    0.000
1040.625;20237.926;  239.125;    0.000
1040.780;18947.926;  251.125;    0.000
1040.935;19229.926;  247.125;    0.000
1041.089;19542.926;  215.125;    0.000
1041.244;23490.926;  210.125;    0.000
1041.399;23725.926;  237.125;    0.000
1041.554;24266.926;  253.125;    0.000
1041.708;27741.926;  227.125;    0.000
1041.863;27051.926;  219.125;    0.000
1042.018;26273.926;  246.125;    0.000
1042.172;25749.926;  236.125;    0.000
1042.327;23833.926;  272.125;    0.000
1042.481;24179.926;  197.125;    0.000
1042.636;24526.926;  213.125;    0.000
1042.791;24905.926;  250.125;    0.000
1042.945;30109.926;  267.125;    0.000
1043.099;30275.926;  257.125;    0.000
1043.254;30058.926;  206.125;    0.000
1043.408;33301.926;  266.125;    0.000
1043.563;32947.926;  232.125;    0.000
1043.717;31709.926;  241.125;    0.000
1043.871;29606.926;  248.125;    0.000
1044.025;29667.926;  234.125;    0.000
1044.180;29867.926;  222.125;    0.000
1044.334;30618.926;  235.125;    0.000
1044.488;30571.926;  270.125;    0.000
1044.642;31573.926;  215.125;    0.000
1044.796;36264.926;  212.125;    0.000
1044.950;41396.926;  228.125;    0.000
1045.104;41643.926;  223.125;    0.000
1045.258;42730.926;  236.125;    0.000
1045.412;41827.926;  225.125;    0.000
1045.566;39072.926;  245.125;    0.000
1045.720;38874.926;  201.125;    0.000
1045.874;35422.926;  229.125;    0.000
1046.028;34339.926;  243.125;    0.000
1046.182;33472.926;  212.125;    0.000
1046.336;34914.926;  256.125;    0.000
1046.489;35357.926;  234.125;    0.000
1046.643;37271.926;  246.125;    0.000
1046.797;41676.926;  219.125;    0.000
1046.951;43364.926;  231.125;    0.000
1047.104;44059.926;  285.125;    0.000
1047.258;46711.926;  256.125;    0.000
1047.411;47688.926;  232.125;    0.000
1047.565;47750.926;  269.125;    0.000
1047.719;44660.926;  213.125;    0.000
1047.872;44164.926;  210.125;    0.000
1048.026;42026.926;  251.125;    0.000
1048.179;42062.926;  213.125;    0.000
1048.332;42603.926;  212.125;    0.000
1048.486;41010.926;  218.125;    0.000
1048.639;41614.926;  218.125;    0.000
1048.792;42667.926;  247.125;    0.000
1048.946;46219.926;  208.125;    0.000
1049.099;48524.926;  247.125;    0.000
1049.252;49541.926;  274.125;    0.000
1049.406;47087.926;  232.125;    0.000
1049.559;47914.926;  251.125;    0.000
1049.712;52760.926;  243.125;    0.000
1049.865;55778.926;  219.125;    0.000
1050.018;56839.926;  216.125;    0.000
1050.171;49310.926;  237.125;    0.000
1050.324;47337.926;  291.125;    0.000
1050.477;51388.926;  241.125;    0.000
1050.630;55235.926;  245.125;    0.000
1050.783;55572.926;  213.125;    0.000
1050.936;53577.926;  246.125;    0.000
1051.089;50711.926;  255.125;    0.000
1051.242;53708.926;  228.125;    0.000
1051.394;58296.926;  276.125;    0.000
1051.547;60858.926;  246.125;    0.000
1051.700;57971.926;  252.125;    0.000
1051.853;53780.926;  267.125;    0.000
1052.005;55192.926;  261.125;    0.000
1052.158;61616.926;  313.125;    0.000
1052.311;65068.926;  264.125;    0.000
1052.463;65068.926;  271.125;    0.000
1052.616;61086.926;  291.125;    0.000
1052.768;55196.926;  298.125;    0.000
1052.921;53122.926;  262.125;    0.000
1053.073;57053.926;  307.125;    0.000
1053.226;62841.926;  301.125;    0.000
1053.378;65068.926;  309.125;    0.000
1053.531;65068.926;  280.125;    0.000
1053.683;65068.926;  258.125;    0.000
1053.835;62787.926;  267.125;    0.000
1053.988;48237.926;  294.125;    0.000
1054.140; 8645.925;  292.125;    0.000
1054.292; 2069.925;  249.125;    0.000
1054.444; 1668.925;  288.125;    0.000
1054.596; 1484.925;  275.125;    0.000
1054.749; 1329.925;  284.125;    0.000
1054.901; 1245.925;  291.125;    0.000
1055.053; 1199.925;  274.125;    0.000
1055.205; 1104.925;  313.125;    0.000
1055.357; 1034.925;  309.125;    0.000
1055.509; 1027.925;  283.125;    0.000
1055.661; 1037.925;  341.125;    0.000
1055.813;  946.925;  288.125;    0.000
1055.965;  982.925;  300.125;    0.000
1056.116;  913.925;  296.125;    0.000
1056.268;  956.925;  319.125;    0.000
1056.420;  939.925;  298.125;    0.000

