
Integration time [ms]:   1.000
Averaging Nr. [scans]: 1
Smoothing Nr. [pixels]: 0
Data measured with spectrometer [name]: VIS
Wave   ;Sample   ;Dark     ;Reference
[nm]   ;[counts] ;[counts] ;[counts] 

450.961;  174.925;    0.000;    0.000
451.100;  224.925;    0.000;    0.000
451.239;  193.925;    0.000;    0.000
451.377;  273.925;    0.000;    0.000
451.516;  183.925;    0.000;    0.000
451.655;  238.925;    0.000;    0.000
451.794;  187.925;    0.000;    0.000
451.932;  234.925;    0.000;    0.000
452.071;  202.925;    0.000;    0.000
452.210;  229.925;    0.000;    0.000
452.348;  202.925;    0.000;    0.000
452.487;  233.925;    0.000;    0.000
452.626;  216.925;    0.000;    0.000
452.764;  196.925;    0.000;    0.000
452.903;  220.925;    0.000;    0.000
453.042;  306.925;    0.000;    0.000
453.180; 4516.925;    0.000;    0.000
453.319; 4553.925;    0.000;    0.000
453.458; 4551.925;    0.000;    0.000
453.596; 4591.925;    0.000;    0.000
453.735; 4672.925;    0.000;    0.000
453.873; 4647.925;    0.000;    0.000
454.012; 4796.925;    0.000;    0.000
454.150; 4825.925;    0.000;    0.000
454.289; 4903.925;    0.000;    0.000
454.427; 4821.925;    0.000;    0.000
454.566; 4917.925;    0.000;    0.000
454.704; 4953.925;    0.000;    0.000
454.843; 5084.925;    0.000;    0.000
454.981; 5059.925;    0.000;    0.000
455.120; 5026.925;    0.000;    0.000
455.258; 5100.925;    0.000;    0.000
455.397; 5146.925;    0.000;    0.000
455.535; 5085.925;    0.000;    0.000
455.674; 5227.925;    0.000;    0.000
455.812; 5176.925;    0.000;    0.000
455.951; 5343.925;    0.000;    0.000
456.089; 5400.925;    0.000;    0.000
456.227; 5322.925;    0.000;    0.000
456.366; 5363.925;    0.000;    0.000
456.504; 5547.925;    0.000;    0.000
456.642; 5561.925;    0.000;    0.000
456.781; 5503.925;    0.000;    0.000
456.919; 5418.925;    0.000;    0.000
457.057; 5305.925;    0.000;    0.000
457.196; 5339.925;    0.000;    0.000
457.334; 5462.925;    0.000;    0.000
457.472; 5463.925;    0.000;    0.000
457.610; 5474.925;    0.000;    0.000
457.749; 5612.925;    0.000;    0.000
457.887; 5799.925;    0.000;    0.000
458.025; 5968.925;    0.000;    0.000
458.163; 6033.925;    0.000;    0.000
458.301; 6106.925;    0.000;    0.000
458.440; 6103.925;    0.000;    0.000
458.578; 6261.925;    0.000;    0.000
458.716; 6265.925;    0.000;    0.000
458.854; 6328.925;    0.000;    0.000
458.992; 6308.925;    0.000;    0.000
459.130; 6353.925;    0.000;    0.000
459.269; 6368.925;    0.000;    0.000
459.407; 6394.925;    0.000;    0.000
459.545; 6537.925;    0.000;    0.000
459.683; 6489.925;    0.000;    0.000
459.821; 6398.925;    0.000;    0.000
459.959; 6623.925;    0.000;    0.000
460.097; 6678.925;    0.000;    0.000
460.235; 6782.925;    0.000;    0.000
460.373; 6734.925;    0.000;    0.000
460.511; 6688.925;    0.000;    0.000
460.649; 6743.925;    0.000;    0.000
460.787; 6940.925;    0.000;    0.000
460.925; 6982.925;    0.000;    0.000
461.063; 6996.925;    0.000;    0.000
461.201; 6915.925;    0.000;    0.000
461.339; 7031.925;    0.000;    0.000
461.477; 7033.925;    0.000;    0.000
461.615; 7146.925;    0.000;    0.000
461.753; 7197.925;    0.000;    0.000
461.891; 7097.925;    0.000;    0.000
462.029; 7283.925;    0.000;    0.000
462.166; 7366.925;    0.000;    0.000
462.304; 7390.925;    0.000;    0.000
462.442; 7596.925;    0.000;    0.000
462.580; 7666.925;    0.000;    0.000
462.718; 7615.925;    0.000;    0.000
462.856; 7570.925;    0.000;    0.000
462.993; 7576.925;    0.000;    0.000
463.131; 7445.925;    0.000;    0.000
463.269; 7546.925;    0.000;    0.000
463.407; 7599.925;    0.000;    0.000
463.545; 7372.925;    0.000;    0.000
463.682; 7463.925;    0.000;    0.000
463.820; 7600.925;    0.000;    0.000
463.958; 7868.925;    0.000;    0.000
464.095; 7873.925;    0.000;    0.000
464.233; 7885.925;    0.000;    0.000
464.371; 7855.925;    0.000;    0.000
464.509; 7811.925;    0.000;    0.000
464.646; 7835.925;    0.000;    0.000
464.784; 7952.925;    0.000;    0.000
464.921; 7898.925;    0.000;    0.000
465.059; 7831.925;    0.000;    0.000
465.197; 7665.925;    0.000;    0.000
465.334; 7609.925;    0.000;    0.000
465.472; 7669.925;    0.000;    0.000
465.609; 7686.925;    0.000;    0.000
465.747; 7607.925;    0.000;    0.000
465.885; 7568.925;    0.000;    0.000
466.022; 7480.925;    0.000;    0.000
466.160; 7604.925;    0.000;    0.000
466.297; 7574.925;    0.000;    0.000
466.435; 7493.925;    0.000;    0.000
466.572; 7551.925;    0.000;    0.000
466.710; 7615.925;    0.000;    0.000
466.847; 7485.925;    0.000;    0.000
466.985; 7458.925;    0.000;    0.000
467.122; 7500.925;    0.000;    0.000
467.260; 7471.925;    0.000;    0.000
467.397; 7509.925;    0.000;    0.000
467.534; 7568.925;    0.000;    0.000
467.672; 7464.925;    0.000;    0.000
467.809; 7333.925;    0.000;    0.000
467.947; 7431.925;    0.000;    0.000
468.084; 7390.925;    0.000;    0.000
468.221; 7431.925;    0.000;    0.000
468.359; 7477.925;    0.000;    0.000
468.496; 7328.925;    0.000;    0.000
468.633; 7469.925;    0.000;    0.000
468.771; 7560.925;    0.000;    0.000
468.908; 7475.925;    0.000;    0.000
469.045; 7580.925;    0.000;    0.000
469.183; 7621.925;    0.000;    0.000
469.320; 7508.925;    0.000;    0.000
469.457; 7527.925;    0.000;    0.000
469.594; 7637.925;    0.000;    0.000
469.732; 7671.925;    0.000;    0.000
469.869; 7638.925;    0.000;    0.000
470.006; 7667.925;    0.000;    0.000
470.143; 7741.925;    0.000;    0.000
470.280; 7868.925;    0.000;    0.000
470.417; 7825.925;    0.000;    0.000
470.555; 7830.925;    0.000;    0.000
470.692; 7829.925;    0.000;    0.000
470.829; 7850.925;    0.000;    0.000
470.966; 7845.925;    0.000;    0.000
471.103; 7860.925;    0.000;    0.000
471.240; 7952.925;    0.000;    0.000
471.377; 7904.925;    0.000;    0.000
471.514; 7776.925;    0.000;    0.000
471.651; 7756.925;    0.000;    0.000
471.789; 7875.925;    0.000;    0.000
471.926; 7837.925;    0.000;    0.000
472.063; 7775.925;    0.000;    0.000
472.200; 7691.925;    0.000;    0.000
472.337; 7685.925;    0.000;    0.000
472.474; 7621.925;    0.000;    0.000
472.611; 7602.925;    0.000;    0.000
472.748; 7589.925;    0.000;    0.000
472.884; 7671.925;    0.000;    0.000
473.021; 7700.925;    0.000;    0.000
473.158; 7712.925;    0.000;    0.000
473.295; 7528.925;    0.000;    0.000
473.432; 7612.925;    0.000;    0.000
473.569; 7693.925;    0.000;    0.000
473.706; 7751.925;    0.000;    0.000
473.843; 7605.925;    0.000;    0.000
473.980; 7609.925;    0.000;    0.000
474.117; 7747.925;    0.000;    0.000
474.253; 7652.925;    0.000;    0.000
474.390; 7599.925;    0.000;    0.000
474.527; 7686.925;    0.000;    0.000
474.664; 7686.925;    0.000;    0.000
474.801; 7673.925;    0.000;    0.000
474.937; 7763.925;    0.000;    0.000
475.074; 7641.925;    0.000;    0.000
475.211; 7678.925;    0.000;    0.000
475.348; 7782.925;    0.000;    0.000
475.484; 7628.925;    0.000;    0.000
475.621; 7899.925;    0.000;    0.000
475.758; 7722.925;    0.000;    0.000
475.894; 7696.925;    0.000;    0.000
476.031; 8052.925;    0.000;    0.000
476.168; 7699.925;    0.000;    0.000
476.304; 7917.925;    0.000;    0.000
476.441; 7854.925;    0.000;    0.000
476.578; 7867.925;    0.000;    0.000
476.714; 7785.925;    0.000;    0.000
476.851; 7867.925;    0.000;    0.000
476.987; 7950.925;    0.000;    0.000
477.124; 8050.925;    0.000;    0.000
477.261; 7939.925;    0.000;    0.000
477.397; 8024.925;    0.000;    0.000
477.534; 7907.925;    0.000;    0.000
477.670; 8168.925;    0.000;    0.000
477.807; 8168.925;    0.000;    0.000
477.943; 8135.925;    0.000;    0.000
478.080; 8173.925;    0.000;    0.000
478.216; 8337.925;    0.000;    0.000
478.353; 8311.925;    0.000;    0.000
478.489; 8311.925;    0.000;    0.000
478.626; 8379.925;    0.000;    0.000
478.762; 8438.925;    0.000;    0.000
478.898; 8526.925;    0.000;    0.000
479.035; 8453.925;    0.000;    0.000
479.171; 8295.925;    0.000;    0.000
479.308; 8447.925;    0.000;    0.000
479.444; 8224.925;    0.000;    0.000
479.580; 8390.925;    0.000;    0.000
479.717; 8210.925;    0.000;    0.000
479.853; 8331.925;    0.000;    0.000
479.989; 8447.925;    0.000;    0.000
480.126; 8393.925;    0.000;    0.000
480.262; 8466.925;    0.000;    0.000
480.398; 8560.925;    0.000;    0.000
480.535; 8551.925;    0.000;    0.000
480.671; 8453.925;    0.000;    0.000
480.807; 8514.925;    0.000;    0.000
480.943; 8406.925;    0.000;    0.000
481.080; 8563.925;    0.000;    0.000
481.216; 8503.925;    0.000;    0.000
481.352; 8490.925;    0.000;    0.000
481.488; 8336.925;    0.000;    0.000
481.624; 8396.925;    0.000;    0.000
481.760; 8487.925;    0.000;    0.000
481.897; 8471.925;    0.000;    0.000
482.033; 8352.925;    0.000;    0.000
482.169; 8627.925;    0.000;    0.000
482.305; 8351.925;    0.000;    0.000
482.441; 8411.925;    0.000;    0.000
482.577; 8211.925;    0.000;    0.000
482.713; 8543.925;    0.000;    0.000
482.849; 8293.925;    0.000;    0.000
482.985; 8307.925;    0.000;    0.000
483.121; 8393.925;    0.000;    0.000
483.258; 8307.925;    0.000;    0.000
483.394; 8333.925;    0.000;    0.000
483.530; 8340.925;    0.000;    0.000
483.665; 8165.925;    0.000;    0.000
483.801; 8444.925;    0.000;    0.000
483.937; 8419.925;    0.000;    0.000
484.073; 8332.925;    0.000;    0.000
484.209; 8443.925;    0.000;    0.000
484.345; 8478.925;    0.000;    0.000
484.481; 8565.925;    0.000;    0.000
484.617; 8489.925;    0.000;    0.000
484.753; 8443.925;    0.000;    0.000
484.889; 8481.925;    0.000;    0.000
485.025; 8346.925;    0.000;    0.000
485.161; 8526.925;    0.000;    0.000
485.296; 8374.925;    0.000;    0.000
485.432; 8485.925;    0.000;    0.000
485.568; 8570.925;    0.000;    0.000
485.704; 8490.925;    0.000;    0.000
485.840; 8624.925;    0.000;    0.000
485.975; 8406.925;    0.000;    0.000
486.111; 8496.925;    0.000;    0.000
486.247; 8508.925;    0.000;    0.000
486.383; 8576.925;    0.000;    0.000
486.518; 8443.925;    0.000;    0.000
486.654; 8340.925;    0.000;    0.000
486.790; 8579.925;    0.000;    0.000
486.926; 8505.925;    0.000;    0.000
487.061; 8391.925;    0.000;    0.000
487.197; 8461.925;    0.000;    0.000
487.333; 8547.925;    0.000;    0.000
487.468; 8563.925;    0.000;    0.000
487.604; 8372.925;    0.000;    0.000
487.740; 8527.925;    0.000;    0.000
487.875; 8610.925;    0.000;    0.000
488.011; 8497.925;    0.000;    0.000
488.146; 8471.925;    0.000;    0.000
488.282; 8373.925;    0.000;    0.000
488.417; 8657.925;    0.000;    0.000
488.553; 8634.925;    0.000;    0.000
488.688; 8422.925;    0.000;    0.000
488.824; 8587.925;    0.000;    0.000
488.960; 8650.925;    0.000;    0.000
489.095; 8540.925;    0.000;    0.000
489.230; 8602.925;    0.000;    0.000
489.366; 8500.925;    0.000;    0.000
489.501; 8569.925;    0.000;    0.000
489.637; 8542.925;    0.000;    0.000
489.772; 8665.925;    0.000;    0.000
489.908; 8676.925;    0.000;    0.000
490.043; 8685.925;    0.000;    0.000
490.178; 8720.925;    0.000;    0.000
490.314; 8692.925;    0.000;    0.000
490.449; 8646.925;    0.000;    0.000
490.585; 8771.925;    0.000;    0.000
490.720; 8574.925;    0.000;    0.000
490.855; 8623.925;    0.000;    0.000
490.991; 8507.925;    0.000;    0.000
491.126; 8674.925;    0.000;    0.000
491.261; 8621.925;    0.000;    0.000
491.396; 8586.925;    0.000;    0.000
491.532; 8615.925;    0.000;    0.000
491.667; 8665.925;    0.000;    0.000
491.802; 8820.925;    0.000;    0.000
491.937; 8750.925;    0.000;    0.000
492.073; 8836.925;    0.000;    0.000
492.208; 8723.925;    0.000;    0.000
492.343; 8796.925;    0.000;    0.000
492.478; 8723.925;    0.000;    0.000
492.613; 8898.925;    0.000;    0.000
492.749; 8727.925;    0.000;    0.000
492.884; 8755.925;    0.000;    0.000
493.019; 8805.925;    0.000;    0.000
493.154; 8899.925;    0.000;    0.000
493.289; 8682.925;    0.000;    0.000
493.424; 8661.925;    0.000;    0.000
493.559; 8721.925;    0.000;    0.000
493.694; 8736.925;    0.000;    0.000
493.829; 8703.925;    0.000;    0.000
493.964; 8814.925;    0.000;    0.000
494.099; 8698.925;    0.000;    0.000
494.234; 8876.925;    0.000;    0.000
494.369; 8843.925;    0.000;    0.000
494.504; 8771.925;    0.000;    0.000
494.639; 8850.925;    0.000;    0.000
494.774; 8624.925;    0.000;    0.000
494.909; 8659.925;    0.000;    0.000
495.044; 8803.925;    0.000;    0.000
495.179; 8781.925;    0.000;    0.000
495.314; 8740.925;    0.000;    0.000
495.449; 8777.925;    0.000;    0.000
495.584; 8831.925;    0.000;    0.000
495.719; 8725.925;    0.000;    0.000
495.854; 8658.925;    0.000;    0.000
495.988; 8685.925;    0.000;    0.000
496.123; 8826.925;    0.000;    0.000
496.258; 8943.925;    0.000;    0.000
496.393; 8906.925;    0.000;    0.000
496.528; 8912.925;    0.000;    0.000
496.663; 9020.925;    0.000;    0.000
496.797; 9048.925;    0.000;    0.000
496.932; 9161.925;    0.000;    0.000
497.067; 9296.925;    0.000;    0.000
497.202; 9169.925;    0.000;    0.000
497.336; 9287.925;    0.000;    0.000
497.471; 9539.925;    0.000;    0.000
497.606; 9476.925;    0.000;    0.000
497.740; 9569.925;    0.000;    0.000
497.875; 9882.925;    0.000;    0.000
498.010; 9903.925;    0.000;    0.000
498.144; 9931.925;    0.000;    0.000
498.279;10149.925;    0.000;    0.000
498.414;10204.925;    0.000;    0.000
498.548;10332.925;    0.000;    0.000
498.683;10331.925;    0.000;    0.000
498.817;10353.925;    0.000;    0.000
498.952;10464.925;    0.000;    0.000
499.087;10593.925;    0.000;    0.000
499.221;10651.925;    0.000;    0.000
499.356;10841.925;    0.000;    0.000
499.490;11056.925;    0.000;    0.000
499.625;11061.925;    0.000;    0.000
499.759;11364.925;    0.000;    0.000
499.894;11563.925;    0.000;    0.000
500.028;11570.925;    0.000;    0.000
500.162;11751.925;    0.000;    0.000
500.297;11584.925;    0.000;    0.000
500.431;11937.925;    0.000;    0.000
500.566;11839.925;    0.000;    0.000
500.700;11708.925;    0.000;    0.000
500.835;11607.925;    0.000;    0.000
500.969;11309.925;    0.000;    0.000
501.103;11168.925;    0.000;    0.000
501.238;11345.925;    0.000;    0.000
501.372;10853.925;    0.000;    0.000
501.506;10849.925;    0.000;    0.000
501.641;10656.925;    0.000;    0.000
501.775;10299.925;    0.000;    0.000
501.909;10222.925;    0.000;    0.000
502.043;10100.925;    0.000;    0.000
502.178; 9940.925;    0.000;    0.000
502.312; 9863.925;    0.000;    0.000
502.446; 9891.925;    0.000;    0.000
502.580; 9476.925;    0.000;    0.000
502.715; 9671.925;    0.000;    0.000
502.849; 9389.925;    0.000;    0.000
502.983; 9397.925;    0.000;    0.000
503.117; 9257.925;    0.000;    0.000
503.251; 9273.925;    0.000;    0.000
503.385; 9041.925;    0.000;    0.000
503.520; 8986.925;    0.000;    0.000
503.654; 8958.925;    0.000;    0.000
503.788; 8840.925;    0.000;    0.000
503.922; 8624.925;    0.000;    0.000
504.056; 8642.925;    0.000;    0.000
504.190; 8516.925;    0.000;    0.000
504.324; 8646.925;    0.000;    0.000
504.458; 8687.925;    0.000;    0.000
504.592; 8315.925;    0.000;    0.000
504.726; 8216.925;    0.000;    0.000
504.860; 8329.925;    0.000;    0.000
504.994; 8122.925;    0.000;    0.000
505.128; 8041.925;    0.000;    0.000
505.262; 8107.925;    0.000;    0.000
505.396; 7897.925;    0.000;    0.000
505.530; 7838.925;    0.000;    0.000
505.664; 7706.925;    0.000;    0.000
505.798; 7676.925;    0.000;    0.000
505.932; 7663.925;    0.000;    0.000
506.066; 7696.925;    0.000;    0.000
506.199; 7522.925;    0.000;    0.000
506.333; 7534.925;    0.000;    0.000
506.467; 7417.925;    0.000;    0.000
506.601; 7269.925;    0.000;    0.000
506.735; 7395.925;    0.000;    0.000
506.869; 7312.925;    0.000;    0.000
507.002; 7378.925;    0.000;    0.000
507.136; 7254.925;    0.000;    0.000
507.270; 7296.925;    0.000;    0.000
507.404; 7075.925;    0.000;    0.000
507.537; 7209.925;    0.000;    0.000
507.671; 7312.925;    0.000;    0.000
507.805; 7092.925;    0.000;    0.000
507.939; 7063.925;    0.000;    0.000
508.072; 7187.925;    0.000;    0.000
508.206; 7032.925;    0.000;    0.000
508.340; 6965.925;    0.000;    0.000
508.473; 6945.925;    0.000;    0.000
508.607; 7007.925;    0.000;    0.000
508.740; 7031.925;    0.000;    0.000
508.874; 6955.925;    0.000;    0.000
509.008; 6900.925;    0.000;    0.000
509.141; 6936.925;    0.000;    0.000
509.275; 6935.925;    0.000;    0.000
509.408; 6883.925;    0.000;    0.000
509.542; 6809.925;    0.000;    0.000
509.675; 6903.925;    0.000;    0.000
509.809; 6915.925;    0.000;    0.000
509.942; 6817.925;    0.000;    0.000
510.076; 6855.925;    0.000;    0.000
510.209; 6566.925;    0.000;    0.000
510.343; 6727.925;    0.000;    0.000
510.476; 6645.925;    0.000;    0.000
510.610; 6630.925;    0.000;    0.000
510.743; 6565.925;    0.000;    0.000
510.877; 6700.925;    0.000;    0.000
511.010; 6601.925;    0.000;    0.000
511.143; 6558.925;    0.000;    0.000
511.277; 6728.925;    0.000;    0.000
511.410; 6564.925;    0.000;    0.000
511.543; 6685.925;    0.000;    0.000
511.677; 6664.925;    0.000;    0.000
511.810; 6528.925;    0.000;    0.000
511.943; 6765.925;    0.000;    0.000
512.077; 6697.925;    0.000;    0.000
512.210; 6454.925;    0.000;    0.000
512.343; 6661.925;    0.000;    0.000
512.476; 6567.925;    0.000;    0.000
512.610; 6494.925;    0.000;    0.000
512.743; 6502.925;    0.000;    0.000
512.876; 6634.925;    0.000;    0.000
513.009; 6638.925;    0.000;    0.000
513.142; 6579.925;    0.000;    0.000
513.276; 6504.925;    0.000;    0.000
513.409; 6568.925;    0.000;    0.000
513.542; 6654.925;    0.000;    0.000
513.675; 6576.925;    0.000;    0.000
513.808; 6559.925;    0.000;    0.000
513.941; 6585.925;    0.000;    0.000
514.074; 6673.925;    0.000;    0.000
514.207; 6682.925;    0.000;    0.000
514.340; 6631.925;    0.000;    0.000
514.474; 6673.925;    0.000;    0.000
514.607; 6774.925;    0.000;    0.000
514.740; 6670.925;    0.000;    0.000
514.873; 6630.925;    0.000;    0.000
515.006; 6835.925;    0.000;    0.000
515.139; 6772.925;    0.000;    0.000
515.272; 6794.925;    0.000;    0.000
515.404; 6912.925;    0.000;    0.000
515.537; 6906.925;    0.000;    0.000
515.670; 6921.925;    0.000;    0.000
515.803; 7003.925;    0.000;    0.000
515.936; 6934.925;    0.000;    0.000
516.069; 6971.925;    0.000;    0.000
516.202; 7132.925;    0.000;    0.000
516.335; 7284.925;    0.000;    0.000
516.468; 7775.925;    0.000;    0.000
516.600; 9334.925;    0.000;    0.000
516.733;11685.925;    0.000;    0.000
516.866;11865.925;    0.000;    0.000
516.999;10463.925;    0.000;    0.000
517.132;13403.925;    0.000;    0.000
517.264;18648.926;    0.000;    0.000
517.397;18154.926;    0.000;    0.000
517.530;13442.925;    0.000;    0.000
517.663;11451.925;    0.000;    0.000
517.795;10293.925;    0.000;    0.000
517.928;10075.925;    0.000;    0.000
518.061;10292.925;    0.000;    0.000
518.193;13790.925;    0.000;    0.000
518.326;21705.926;    0.000;    0.000
518.459;23492.926;    0.000;    0.000
518.591;17289.926;    0.000;    0.000
518.724;13449.925;    0.000;    0.000
518.857;11282.925;    0.000;    0.000
518.989;10424.925;    0.000;    0.000
519.122; 9525.925;    0.000;    0.000
519.254; 9056.925;    0.000;    0.000
519.387; 8670.925;    0.000;    0.000
519.519; 8296.925;    0.000;    0.000
519.652; 7791.925;    0.000;    0.000
519.784; 7736.925;    0.000;    0.000
519.917; 7451.925;    0.000;    0.000
520.049; 7384.925;    0.000;    0.000
520.182; 7243.925;    0.000;    0.000
520.314; 7199.925;    0.000;    0.000
520.447; 7011.925;    0.000;    0.000
520.579; 6905.925;    0.000;    0.000
520.712; 6853.925;    0.000;    0.000
520.844; 6791.925;    0.000;    0.000
520.976; 6561.925;    0.000;    0.000
521.109; 6521.925;    0.000;    0.000
521.241; 6540.925;    0.000;    0.000
521.373; 6502.925;    0.000;    0.000
521.506; 6513.925;    0.000;    0.000
521.638; 6382.925;    0.000;    0.000
521.770; 6344.925;    0.000;    0.000
521.903; 6335.925;    0.000;    0.000
522.035; 6258.925;    0.000;    0.000
522.167; 6204.925;    0.000;    0.000
522.300; 6280.925;    0.000;    0.000
522.432; 6159.925;    0.000;    0.000
522.564; 6149.925;    0.000;    0.000
522.696; 6112.925;    0.000;    0.000
522.828; 6205.925;    0.000;    0.000
522.961; 6061.925;    0.000;    0.000
523.093; 6117.925;    0.000;    0.000
523.225; 6126.925;    0.000;    0.000
523.357; 5969.925;    0.000;    0.000
523.489; 6076.925;    0.000;    0.000
523.621; 5848.925;    0.000;    0.000
523.753; 5978.925;    0.000;    0.000
523.885; 5862.925;    0.000;    0.000
524.018; 5886.925;    0.000;    0.000
524.150; 5777.925;    0.000;    0.000
524.282; 5857.925;    0.000;    0.000
524.414; 5814.925;    0.000;    0.000
524.546; 5764.925;    0.000;    0.000
524.678; 5816.925;    0.000;    0.000
524.810; 5732.925;    0.000;    0.000
524.942; 5646.925;    0.000;    0.000
525.074; 5734.925;    0.000;    0.000
525.206; 5613.925;    0.000;    0.000
525.338; 5687.925;    0.000;    0.000
525.469; 5559.925;    0.000;    0.000
525.601; 5602.925;    0.000;    0.000
525.733; 5664.925;    0.000;    0.000
525.865; 5514.925;    0.000;    0.000
525.997; 5567.925;    0.000;    0.000
526.129; 5649.925;    0.000;    0.000
526.261; 5630.925;    0.000;    0.000
526.393; 5407.925;    0.000;    0.000
526.524; 5520.925;    0.000;    0.000
526.656; 5473.925;    0.000;    0.000
526.788; 5404.925;    0.000;    0.000
526.920; 5484.925;    0.000;    0.000
527.052; 5465.925;    0.000;    0.000
527.183; 5553.925;    0.000;    0.000
527.315; 5470.925;    0.000;    0.000
527.447; 5403.925;    0.000;    0.000
527.578; 5367.925;    0.000;    0.000
527.710; 5456.925;    0.000;    0.000
527.842; 5424.925;    0.000;    0.000
527.973; 5492.925;    0.000;    0.000
528.105; 5315.925;    0.000;    0.000
528.237; 5427.925;    0.000;    0.000
528.368; 5255.925;    0.000;    0.000
528.500; 5345.925;    0.000;    0.000
528.632; 5361.925;    0.000;    0.000
528.763; 5367.925;    0.000;    0.000
528.895; 5251.925;    0.000;    0.000
529.026; 5355.925;    0.000;    0.000
529.158; 5370.925;    0.000;    0.000
529.289; 5358.925;    0.000;    0.000
529.421; 5343.925;    0.000;    0.000
529.552; 5397.925;    0.000;    0.000
529.684; 5449.925;    0.000;    0.000
529.815; 5382.925;    0.000;    0.000
529.947; 5306.925;    0.000;    0.000
530.078; 5423.925;    0.000;    0.000
530.210; 5352.925;    0.000;    0.000
530.341; 5300.925;    0.000;    0.000
530.472; 5244.925;    0.000;    0.000
530.604; 5212.925;    0.000;    0.000
530.735; 5349.925;    0.000;    0.000
530.867; 5337.925;    0.000;    0.000
530.998; 5485.925;    0.000;    0.000
531.129; 5365.925;    0.000;    0.000
531.260; 5377.925;    0.000;    0.000
531.392; 5276.925;    0.000;    0.000
531.523; 5312.925;    0.000;    0.000
531.654; 5494.925;    0.000;    0.000
531.786; 5432.925;    0.000;    0.000
531.917; 5456.925;    0.000;    0.000
532.048; 5371.925;    0.000;    0.000
532.179; 5527.925;    0.000;    0.000
532.311; 5290.925;    0.000;    0.000
532.442; 5381.925;    0.000;    0.000
532.573; 5401.925;    0.000;    0.000
532.704; 5363.925;    0.000;    0.000
532.835; 5389.925;    0.000;    0.000
532.966; 5412.925;    0.000;    0.000
533.097; 5316.925;    0.000;    0.000
533.229; 5340.925;    0.000;    0.000
533.360; 5265.925;    0.000;    0.000
533.491; 5282.925;    0.000;    0.000
533.622; 5323.925;    0.000;    0.000
533.753; 5263.925;    0.000;    0.000
533.884; 5299.925;    0.000;    0.000
534.015; 5422.925;    0.000;    0.000
534.146; 5334.925;    0.000;    0.000
534.277; 5423.925;    0.000;    0.000
534.408; 5311.925;    0.000;    0.000
534.539; 5409.925;    0.000;    0.000
534.670; 5298.925;    0.000;    0.000
534.801; 5202.925;    0.000;    0.000
534.932; 5267.925;    0.000;    0.000
535.063; 5241.925;    0.000;    0.000
535.194; 5196.925;    0.000;    0.000
535.324; 5360.925;    0.000;    0.000
535.455; 5140.925;    0.000;    0.000
535.586; 5271.925;    0.000;    0.000
535.717; 5274.925;    0.000;    0.000
535.848; 5227.925;    0.000;    0.000
535.979; 5189.925;    0.000;    0.000
536.109; 5187.925;    0.000;    0.000
536.240; 5171.925;    0.000;    0.000
536.371; 5148.925;    0.000;    0.000
536.502; 5165.925;    0.000;    0.000
536.632; 5136.925;    0.000;    0.000
536.763; 5187.925;    0.000;    0.000
536.894; 5127.925;    0.000;    0.000
537.025; 5191.925;    0.000;    0.000
537.155; 5206.925;    0.000;    0.000
537.286; 5079.925;    0.000;    0.000
537.417; 5185.925;    0.000;    0.000
537.547; 5023.925;    0.000;    0.000
537.678; 5131.925;    0.000;    0.000
537.808; 5072.925;    0.000;    0.000
537.939; 5153.925;    0.000;    0.000
538.070; 5112.925;    0.000;    0.000
538.200; 5097.925;    0.000;    0.000
538.331; 5151.925;    0.000;    0.000
538.461; 5209.925;    0.000;    0.000
538.592; 5232.925;    0.000;    0.000
538.722; 5137.925;    0.000;    0.000
538.853; 5120.925;    0.000;    0.000
538.983; 5183.925;    0.000;    0.000
539.114; 5078.925;    0.000;    0.000
539.244; 5159.925;    0.000;    0.000
539.375; 5080.925;    0.000;    0.000
539.505; 5137.925;    0.000;    0.000
539.636; 5025.925;    0.000;    0.000
539.766; 5240.925;    0.000;    0.000
539.896; 5149.925;    0.000;    0.000
540.027; 5119.925;    0.000;    0.000
540.157; 5114.925;    0.000;    0.000
540.287; 5192.925;    0.000;    0.000
540.418; 5147.925;    0.000;    0.000
540.548; 5142.925;    0.000;    0.000
540.678; 5235.925;    0.000;    0.000
540.809; 5212.925;    0.000;    0.000
540.939; 5233.925;    0.000;    0.000
541.069; 5223.925;    0.000;    0.000
541.200; 5172.925;    0.000;    0.000
541.330; 5219.925;    0.000;    0.000
541.460; 5219.925;    0.000;    0.000
541.590; 5284.925;    0.000;    0.000
541.720; 5123.925;    0.000;    0.000
541.851; 5297.925;    0.000;    0.000
541.981; 5305.925;    0.000;    0.000
542.111; 5317.925;    0.000;    0.000
542.241; 5253.925;    0.000;    0.000
542.371; 5377.925;    0.000;    0.000
542.501; 5384.925;    0.000;    0.000
542.631; 5402.925;    0.000;    0.000
542.761; 5434.925;    0.000;    0.000
542.891; 5440.925;    0.000;    0.000
543.021; 5384.925;    0.000;    0.000
543.151; 5511.925;    0.000;    0.000
543.281; 5466.925;    0.000;    0.000
543.411; 5486.925;    0.000;    0.000
543.542; 5337.925;    0.000;    0.000
543.671; 5321.925;    0.000;    0.000
543.801; 5469.925;    0.000;    0.000
543.931; 5410.925;    0.000;    0.000
544.061; 5394.925;    0.000;    0.000
544.191; 5356.925;    0.000;    0.000
544.321; 5450.925;    0.000;    0.000
544.451; 5470.925;    0.000;    0.000
544.581; 5462.925;    0.000;    0.000
544.711; 5424.925;    0.000;    0.000
544.841; 5523.925;    0.000;    0.000
544.970; 5624.925;    0.000;    0.000
545.100; 5626.925;    0.000;    0.000
545.230; 5686.925;    0.000;    0.000
545.360; 5799.925;    0.000;    0.000
545.490; 5657.925;    0.000;    0.000
545.619; 5533.925;    0.000;    0.000
545.749; 5366.925;    0.000;    0.000
545.879; 5384.925;    0.000;    0.000
546.009; 5339.925;    0.000;    0.000
546.138; 5504.925;    0.000;    0.000
546.268; 5224.925;    0.000;    0.000
546.398; 5264.925;    0.000;    0.000
546.527; 5313.925;    0.000;    0.000
546.657; 5325.925;    0.000;    0.000
546.786; 5325.925;    0.000;    0.000
546.916; 5373.925;    0.000;    0.000
547.046; 5347.925;    0.000;    0.000
547.175; 5382.925;    0.000;    0.000
547.305; 5326.925;    0.000;    0.000
547.434; 5420.925;    0.000;    0.000
547.564; 5324.925;    0.000;    0.000
547.693; 5259.925;    0.000;    0.000
547.823; 5324.925;    0.000;    0.000
547.953; 5300.925;    0.000;    0.000
548.082; 5367.925;    0.000;    0.000
548.211; 5381.925;    0.000;    0.000
548.341; 5305.925;    0.000;    0.000
548.470; 5289.925;    0.000;    0.000
548.600; 5355.925;    0.000;    0.000
548.729; 5331.925;    0.000;    0.000
548.859; 5268.925;    0.000;    0.000
548.988; 5488.925;    0.000;    0.000
549.117; 5306.925;    0.000;    0.000
549.247; 5357.925;    0.000;    0.000
549.376; 5355.925;    0.000;    0.000
549.505; 5375.925;    0.000;    0.000
549.635; 5411.925;    0.000;    0.000
549.764; 5426.925;    0.000;    0.000
549.893; 5388.925;    0.000;    0.000
550.023; 5401.925;    0.000;    0.000
550.152; 5473.925;    0.000;    0.000
550.281; 5521.925;    0.000;    0.000
550.410; 5488.925;    0.000;    0.000
550.539; 5499.925;    0.000;    0.000
550.669; 5450.925;    0.000;    0.000
550.798; 5494.925;    0.000;    0.000
550.927; 5466.925;    0.000;    0.000
551.056; 5459.925;    0.000;    0.000
551.185; 5483.925;    0.000;    0.000
551.314; 5508.925;    0.000;    0.000
551.443; 5508.925;    0.000;    0.000
551.573; 5532.925;    0.000;    0.000
551.702; 5375.925;    0.000;    0.000
551.831; 5493.925;    0.000;    0.000
551.960; 5543.925;    0.000;    0.000
552.089; 5611.925;    0.000;    0.000
552.218; 5649.925;    0.000;    0.000
552.347; 5595.925;    0.000;    0.000
552.476; 5532.925;    0.000;    0.000
552.605; 5579.925;    0.000;    0.000
552.734; 5693.925;    0.000;    0.000
552.863; 5836.925;    0.000;    0.000
552.992; 5941.925;    0.000;    0.000
553.121; 5959.925;    0.000;    0.000
553.249; 5927.925;    0.000;    0.000
553.378; 5708.925;    0.000;    0.000
553.507; 5769.925;    0.000;    0.000
553.636; 5628.925;    0.000;    0.000
553.765; 5679.925;    0.000;    0.000
553.894; 5611.925;    0.000;    0.000
554.023; 5547.925;    0.000;    0.000
554.151; 5520.925;    0.000;    0.000
554.280; 5685.925;    0.000;    0.000
554.409; 5557.925;    0.000;    0.000
554.538; 5629.925;    0.000;    0.000
554.666; 5591.925;    0.000;    0.000
554.795; 5481.925;    0.000;    0.000
554.924; 5494.925;    0.000;    0.000
555.052; 5418.925;    0.000;    0.000
555.181; 5538.925;    0.000;    0.000
555.310; 5553.925;    0.000;    0.000
555.439; 5588.925;    0.000;    0.000
555.567; 5440.925;    0.000;    0.000
555.696; 5538.925;    0.000;    0.000
555.824; 5488.925;    0.000;    0.000
555.953; 5644.925;    0.000;    0.000
556.082; 5437.925;    0.000;    0.000
556.210; 5479.925;    0.000;    0.000
556.339; 5336.925;    0.000;    0.000
556.467; 5453.925;    0.000;    0.000
556.596; 5381.925;    0.000;    0.000
556.724; 5448.925;    0.000;    0.000
556.853; 5457.925;    0.000;    0.000
556.981; 5337.925;    0.000;    0.000
557.110; 5392.925;    0.000;    0.000
557.238; 5520.925;    0.000;    0.000
557.367; 5487.925;    0.000;    0.000
557.495; 5416.925;    0.000;    0.000
557.623; 5346.925;    0.000;    0.000
557.752; 5393.925;    0.000;    0.000
557.880; 5523.925;    0.000;    0.000
558.008; 5401.925;    0.000;    0.000
558.137; 5493.925;    0.000;    0.000
558.265; 5396.925;    0.000;    0.000
558.393; 5528.925;    0.000;    0.000
558.522; 5329.925;    0.000;    0.000
558.650; 5450.925;    0.000;    0.000
558.778; 5498.925;    0.000;    0.000
558.906; 5413.925;    0.000;    0.000
559.035; 5517.925;    0.000;    0.000
559.163; 5446.925;    0.000;    0.000
559.291; 5350.925;    0.000;    0.000
559.419; 5552.925;    0.000;    0.000
559.548; 5466.925;    0.000;    0.000
559.676; 5522.925;    0.000;    0.000
559.804; 5634.925;    0.000;    0.000
559.932; 5542.925;    0.000;    0.000
560.060; 5547.925;    0.000;    0.000
560.188; 5704.925;    0.000;    0.000
560.316; 5586.925;    0.000;    0.000
560.444; 5496.925;    0.000;    0.000
560.572; 5716.925;    0.000;    0.000
560.700; 5681.925;    0.000;    0.000
560.828; 5637.925;    0.000;    0.000
560.956; 5738.925;    0.000;    0.000
561.085; 5765.925;    0.000;    0.000
561.212; 5711.925;    0.000;    0.000
561.340; 5782.925;    0.000;    0.000
561.468; 5832.925;    0.000;    0.000
561.596; 5848.925;    0.000;    0.000
561.724; 5790.925;    0.000;    0.000
561.852; 5769.925;    0.000;    0.000
561.980; 5834.925;    0.000;    0.000
562.108; 5809.925;    0.000;    0.000
562.236; 5927.925;    0.000;    0.000
562.364; 5774.925;    0.000;    0.000
562.492; 5894.925;    0.000;    0.000
562.619; 5864.925;    0.000;    0.000
562.747; 5862.925;    0.000;    0.000
562.875; 6159.925;    0.000;    0.000
563.003; 6016.925;    0.000;    0.000
563.130; 5974.925;    0.000;    0.000
563.258; 6153.925;    0.000;    0.000
563.386; 6178.925;    0.000;    0.000
563.514; 6161.925;    0.000;    0.000
563.641; 6175.925;    0.000;    0.000
563.769; 6280.925;    0.000;    0.000
563.897; 6206.925;    0.000;    0.000
564.024; 6396.925;    0.000;    0.000
564.152; 6530.925;    0.000;    0.000
564.280; 6367.925;    0.000;    0.000
564.407; 6585.925;    0.000;    0.000
564.535; 6482.925;    0.000;    0.000
564.662; 6575.925;    0.000;    0.000
564.790; 6612.925;    0.000;    0.000
564.917; 6513.925;    0.000;    0.000
565.045; 6600.925;    0.000;    0.000
565.173; 6630.925;    0.000;    0.000
565.300; 6765.925;    0.000;    0.000
565.428; 6777.925;    0.000;    0.000
565.555; 6794.925;    0.000;    0.000
565.682; 6867.925;    0.000;    0.000
565.810; 6890.925;    0.000;    0.000
565.937; 7078.925;    0.000;    0.000
566.065; 7144.925;    0.000;    0.000
566.192; 7268.925;    0.000;    0.000
566.320; 7305.925;    0.000;    0.000
566.447; 7320.925;    0.000;    0.000
566.574; 7416.925;    0.000;    0.000
566.702; 7621.925;    0.000;    0.000
566.829; 7537.925;    0.000;    0.000
566.956; 7744.925;    0.000;    0.000
567.083; 7707.925;    0.000;    0.000
567.211; 7635.925;    0.000;    0.000
567.338; 7702.925;    0.000;    0.000
567.465; 7742.925;    0.000;    0.000
567.593; 7807.925;    0.000;    0.000
567.720; 7709.925;    0.000;    0.000
567.847; 7805.925;    0.000;    0.000
567.974; 7940.925;    0.000;    0.000
568.101; 8114.925;    0.000;    0.000
568.228; 8883.925;    0.000;    0.000
568.356; 9298.925;    0.000;    0.000
568.483; 8980.925;    0.000;    0.000
568.610; 9061.925;    0.000;    0.000
568.737;10038.925;    0.000;    0.000
568.864;11205.925;    0.000;    0.000
568.991;10520.925;    0.000;    0.000
569.118; 9617.925;    0.000;    0.000
569.245; 8970.925;    0.000;    0.000
569.372; 8642.925;    0.000;    0.000
569.499; 8190.925;    0.000;    0.000
569.626; 7907.925;    0.000;    0.000
569.753; 7878.925;    0.000;    0.000
569.880; 7644.925;    0.000;    0.000
570.007; 7612.925;    0.000;    0.000
570.134; 7480.925;    0.000;    0.000
570.261; 7471.925;    0.000;    0.000
570.388; 7394.925;    0.000;    0.000
570.515; 7293.925;    0.000;    0.000
570.642; 7293.925;    0.000;    0.000
570.768; 7049.925;    0.000;    0.000
570.895; 7025.925;    0.000;    0.000
571.022; 7008.925;    0.000;    0.000
571.149; 7076.925;    0.000;    0.000
571.276; 6984.925;    0.000;    0.000
571.402; 6872.925;    0.000;    0.000
571.529; 6814.925;    0.000;    0.000
571.656; 6823.925;    0.000;    0.000
571.783; 6763.925;    0.000;    0.000
571.909; 6789.925;    0.000;    0.000
572.036; 6577.925;    0.000;    0.000
572.163; 6680.925;    0.000;    0.000
572.289; 6713.925;    0.000;    0.000
572.416; 6659.925;    0.000;    0.000
572.543; 6570.925;    0.000;    0.000
572.669; 6644.925;    0.000;    0.000
572.796; 6585.925;    0.000;    0.000
572.922; 6536.925;    0.000;    0.000
573.049; 6685.925;    0.000;    0.000
573.176; 6472.925;    0.000;    0.000
573.302; 6403.925;    0.000;    0.000
573.429; 6544.925;    0.000;    0.000
573.555; 6497.925;    0.000;    0.000
573.682; 6538.925;    0.000;    0.000
573.808; 6415.925;    0.000;    0.000
573.935; 6295.925;    0.000;    0.000
574.061; 6519.925;    0.000;    0.000
574.188; 6378.925;    0.000;    0.000
574.314; 6400.925;    0.000;    0.000
574.440; 6357.925;    0.000;    0.000
574.567; 6373.925;    0.000;    0.000
574.693; 6437.925;    0.000;    0.000
574.820; 6440.925;    0.000;    0.000
574.946; 6509.925;    0.000;    0.000
575.072; 6390.925;    0.000;    0.000
575.198; 6400.925;    0.000;    0.000
575.325; 6368.925;    0.000;    0.000
575.451; 6507.925;    0.000;    0.000
575.577; 6412.925;    0.000;    0.000
575.704; 6404.925;    0.000;    0.000
575.830; 6375.925;    0.000;    0.000
575.956; 6283.925;    0.000;    0.000
576.082; 6297.925;    0.000;    0.000
576.208; 6351.925;    0.000;    0.000
576.335; 6339.925;    0.000;    0.000
576.461; 6311.925;    0.000;    0.000
576.587; 6325.925;    0.000;    0.000
576.713; 6268.925;    0.000;    0.000
576.839; 6239.925;    0.000;    0.000
576.965; 6323.925;    0.000;    0.000
577.091; 6245.925;    0.000;    0.000
577.217; 6460.925;    0.000;    0.000
577.343; 6361.925;    0.000;    0.000
577.469; 6291.925;    0.000;    0.000
577.596; 6375.925;    0.000;    0.000
577.722; 6310.925;    0.000;    0.000
577.848; 6289.925;    0.000;    0.000
577.974; 6274.925;    0.000;    0.000
578.099; 6327.925;    0.000;    0.000
578.225; 6399.925;    0.000;    0.000
578.351; 6330.925;    0.000;    0.000
578.477; 6390.925;    0.000;    0.000
578.603; 6410.925;    0.000;    0.000
578.729; 6293.925;    0.000;    0.000
578.855; 6335.925;    0.000;    0.000
578.981; 6438.925;    0.000;    0.000
579.107; 6398.925;    0.000;    0.000
579.232; 6440.925;    0.000;    0.000
579.358; 6384.925;    0.000;    0.000
579.484; 6501.925;    0.000;    0.000
579.610; 6466.925;    0.000;    0.000
579.735; 6452.925;    0.000;    0.000
579.861; 6551.925;    0.000;    0.000
579.987; 6585.925;    0.000;    0.000
580.113; 6532.925;    0.000;    0.000
580.238; 6488.925;    0.000;    0.000
580.364; 6657.925;    0.000;    0.000
580.490; 6537.925;    0.000;    0.000
580.615; 6560.925;    0.000;    0.000
580.741; 6687.925;    0.000;    0.000
580.867; 6603.925;    0.000;    0.000
580.992; 6600.925;    0.000;    0.000
581.118; 6626.925;    0.000;    0.000
581.243; 6715.925;    0.000;    0.000
581.369; 6727.925;    0.000;    0.000
581.494; 6805.925;    0.000;    0.000
581.620; 6771.925;    0.000;    0.000
581.745; 6950.925;    0.000;    0.000
581.871; 6977.925;    0.000;    0.000
581.996; 7057.925;    0.000;    0.000
582.122; 7004.925;    0.000;    0.000
582.247; 6945.925;    0.000;    0.000
582.373; 6900.925;    0.000;    0.000
582.498; 7150.925;    0.000;    0.000
582.624; 7236.925;    0.000;    0.000
582.749; 7077.925;    0.000;    0.000
582.874; 7314.925;    0.000;    0.000
583.000; 7345.925;    0.000;    0.000
583.125; 7306.925;    0.000;    0.000
583.250; 7459.925;    0.000;    0.000
583.376; 7466.925;    0.000;    0.000
583.501; 7448.925;    0.000;    0.000
583.626; 7724.925;    0.000;    0.000
583.751; 7638.925;    0.000;    0.000
583.877; 7831.925;    0.000;    0.000
584.002; 7890.925;    0.000;    0.000
584.127; 7733.925;    0.000;    0.000
584.252; 8021.925;    0.000;    0.000
584.377; 8098.925;    0.000;    0.000
584.503; 8167.925;    0.000;    0.000
584.628; 8462.925;    0.000;    0.000
584.753; 8468.925;    0.000;    0.000
584.878; 8536.925;    0.000;    0.000
585.003; 8646.925;    0.000;    0.000
585.128; 9115.925;    0.000;    0.000
585.253; 9728.925;    0.000;    0.000
585.378; 9419.925;    0.000;    0.000
585.503; 9123.925;    0.000;    0.000
585.628; 9206.925;    0.000;    0.000
585.753; 9443.925;    0.000;    0.000
585.878; 9781.925;    0.000;    0.000
586.003; 9891.925;    0.000;    0.000
586.128;10069.925;    0.000;    0.000
586.253;10452.925;    0.000;    0.000
586.378;10665.925;    0.000;    0.000
586.503;10998.925;    0.000;    0.000
586.628;11053.925;    0.000;    0.000
586.753;11584.925;    0.000;    0.000
586.878;12037.925;    0.000;    0.000
587.003;12588.925;    0.000;    0.000
587.127;13154.925;    0.000;    0.000
587.252;13640.925;    0.000;    0.000
587.377;14457.925;    0.000;    0.000
587.502;15064.925;    0.000;    0.000
587.627;16317.925;    0.000;    0.000
587.751;17090.926;    0.000;    0.000
587.876;18393.926;    0.000;    0.000
588.001;19946.926;    0.000;    0.000
588.125;21875.926;    0.000;    0.000
588.250;24146.926;    0.000;    0.000
588.375;27096.926;    0.000;    0.000
588.499;31126.926;    0.000;    0.000
588.624;36764.926;    0.000;    0.000
588.749;45471.926;    0.000;    0.000
588.873;54384.926;    0.000;    0.000
588.998;60835.926;    0.000;    0.000
589.122;62952.926;    0.000;    0.000
589.247;59493.926;    0.000;    0.000
589.372;54831.926;    0.000;    0.000
589.496;56187.926;    0.000;    0.000
589.621;59353.926;    0.000;    0.000
589.745;57011.926;    0.000;    0.000
589.870;48548.926;    0.000;    0.000
589.994;40123.926;    0.000;    0.000
590.118;34203.926;    0.000;    0.000
590.243;30116.926;    0.000;    0.000
590.367;26775.926;    0.000;    0.000
590.492;24417.926;    0.000;    0.000
590.616;22159.926;    0.000;    0.000
590.740;20581.926;    0.000;    0.000
590.865;19219.926;    0.000;    0.000
590.989;17789.926;    0.000;    0.000
591.114;16568.926;    0.000;    0.000
591.238;15983.925;    0.000;    0.000
591.362;15112.925;    0.000;    0.000
591.486;14661.925;    0.000;    0.000
591.611;14092.925;    0.000;    0.000
591.735;13525.925;    0.000;    0.000
591.859;12901.925;    0.000;    0.000
591.983;12695.925;    0.000;    0.000
592.107;12270.925;    0.000;    0.000
592.232;11845.925;    0.000;    0.000
592.356;11498.925;    0.000;    0.000
592.480;11238.925;    0.000;    0.000
592.604;11077.925;    0.000;    0.000
592.728;10588.925;    0.000;    0.000
592.852;10518.925;    0.000;    0.000
592.976;10274.925;    0.000;    0.000
593.100;10210.925;    0.000;    0.000
593.224;10108.925;    0.000;    0.000
593.349; 9921.925;    0.000;    0.000
593.473; 9576.925;    0.000;    0.000
593.597; 9568.925;    0.000;    0.000
593.721; 9344.925;    0.000;    0.000
593.844; 9223.925;    0.000;    0.000
593.968; 9118.925;    0.000;    0.000
594.092; 8871.925;    0.000;    0.000
594.216; 9051.925;    0.000;    0.000
594.340; 8893.925;    0.000;    0.000
594.464; 8751.925;    0.000;    0.000
594.588; 8510.925;    0.000;    0.000
594.712; 8533.925;    0.000;    0.000
594.836; 8361.925;    0.000;    0.000
594.959; 8170.925;    0.000;    0.000
595.083; 8039.925;    0.000;    0.000
595.207; 8118.925;    0.000;    0.000
595.331; 7998.925;    0.000;    0.000
595.455; 7928.925;    0.000;    0.000
595.578; 7934.925;    0.000;    0.000
595.702; 7801.925;    0.000;    0.000
595.826; 7788.925;    0.000;    0.000
595.949; 7576.925;    0.000;    0.000
596.073; 7505.925;    0.000;    0.000
596.197; 7600.925;    0.000;    0.000
596.320; 7538.925;    0.000;    0.000
596.444; 7483.925;    0.000;    0.000
596.568; 7409.925;    0.000;    0.000
596.691; 7324.925;    0.000;    0.000
596.815; 7393.925;    0.000;    0.000
596.938; 7294.925;    0.000;    0.000
597.062; 7221.925;    0.000;    0.000
597.186; 7122.925;    0.000;    0.000
597.309; 7063.925;    0.000;    0.000
597.433; 6986.925;    0.000;    0.000
597.556; 7056.925;    0.000;    0.000
597.680; 7034.925;    0.000;    0.000
597.803; 6960.925;    0.000;    0.000
597.926; 6957.925;    0.000;    0.000
598.050; 6934.925;    0.000;    0.000
598.173; 6965.925;    0.000;    0.000
598.297; 6870.925;    0.000;    0.000
598.420; 6825.925;    0.000;    0.000
598.543; 6758.925;    0.000;    0.000
598.667; 6788.925;    0.000;    0.000
598.790; 6810.925;    0.000;    0.000
598.913; 6702.925;    0.000;    0.000
599.037; 6676.925;    0.000;    0.000
599.160; 6636.925;    0.000;    0.000
599.283; 6551.925;    0.000;    0.000
599.406; 6588.925;    0.000;    0.000
599.530; 6604.925;    0.000;    0.000
599.653; 6525.925;    0.000;    0.000
599.776; 6479.925;    0.000;    0.000
599.899; 6545.925;    0.000;    0.000
600.022; 6491.925;    0.000;    0.000
600.145; 6301.925;    0.000;    0.000
600.269; 6388.925;    0.000;    0.000
600.392; 6367.925;    0.000;    0.000
600.515; 6360.925;    0.000;    0.000
600.638; 6371.925;    0.000;    0.000
600.761; 6490.925;    0.000;    0.000
600.884; 6263.925;    0.000;    0.000
601.007; 6433.925;    0.000;    0.000
601.130; 6393.925;    0.000;    0.000
601.253; 6361.925;    0.000;    0.000
601.376; 6312.925;    0.000;    0.000
601.499; 6233.925;    0.000;    0.000
601.622; 6342.925;    0.000;    0.000
601.745; 6254.925;    0.000;    0.000
601.868; 6252.925;    0.000;    0.000
601.991; 6227.925;    0.000;    0.000
602.113; 6234.925;    0.000;    0.000
602.236; 6210.925;    0.000;    0.000
602.359; 6112.925;    0.000;    0.000
602.482; 6145.925;    0.000;    0.000
602.605; 6063.925;    0.000;    0.000
602.728; 6108.925;    0.000;    0.000
602.850; 6052.925;    0.000;    0.000
602.973; 6183.925;    0.000;    0.000
603.096; 5998.925;    0.000;    0.000
603.219; 6143.925;    0.000;    0.000
603.341; 6025.925;    0.000;    0.000
603.464; 6151.925;    0.000;    0.000
603.587; 5957.925;    0.000;    0.000
603.709; 6024.925;    0.000;    0.000
603.832; 5813.925;    0.000;    0.000
603.955; 5924.925;    0.000;    0.000
604.077; 5851.925;    0.000;    0.000
604.200; 5854.925;    0.000;    0.000
604.323; 5817.925;    0.000;    0.000
604.445; 5884.925;    0.000;    0.000
604.568; 5707.925;    0.000;    0.000
604.690; 5683.925;    0.000;    0.000
604.813; 5858.925;    0.000;    0.000
604.935; 5776.925;    0.000;    0.000
605.058; 5801.925;    0.000;    0.000
605.180; 5889.925;    0.000;    0.000
605.303; 5771.925;    0.000;    0.000
605.425; 5842.925;    0.000;    0.000
605.547; 5759.925;    0.000;    0.000
605.670; 5714.925;    0.000;    0.000
605.792; 5840.925;    0.000;    0.000
605.915; 5785.925;    0.000;    0.000
606.037; 5684.925;    0.000;    0.000
606.159; 5711.925;    0.000;    0.000
606.282; 5668.925;    0.000;    0.000
606.404; 5703.925;    0.000;    0.000
606.526; 5788.925;    0.000;    0.000
606.648; 5655.925;    0.000;    0.000
606.771; 5657.925;    0.000;    0.000
606.893; 5605.925;    0.000;    0.000
607.015; 5771.925;    0.000;    0.000
607.137; 5733.925;    0.000;    0.000
607.260; 5579.925;    0.000;    0.000
607.382; 5532.925;    0.000;    0.000
607.504; 5616.925;    0.000;    0.000
607.626; 5821.925;    0.000;    0.000
607.748; 5768.925;    0.000;    0.000
607.870; 5589.925;    0.000;    0.000
607.992; 5657.925;    0.000;    0.000
608.114; 5677.925;    0.000;    0.000
608.237; 5712.925;    0.000;    0.000
608.359; 5631.925;    0.000;    0.000
608.481; 5536.925;    0.000;    0.000
608.603; 5620.925;    0.000;    0.000
608.725; 5536.925;    0.000;    0.000
608.847; 5617.925;    0.000;    0.000
608.969; 5711.925;    0.000;    0.000
609.090; 5617.925;    0.000;    0.000
609.212; 5605.925;    0.000;    0.000
609.334; 5649.925;    0.000;    0.000
609.456; 5684.925;    0.000;    0.000
609.578; 5571.925;    0.000;    0.000
609.700; 5582.925;    0.000;    0.000
609.822; 5526.925;    0.000;    0.000
609.944; 5568.925;    0.000;    0.000
610.065; 5613.925;    0.000;    0.000
610.187; 5547.925;    0.000;    0.000
610.309; 5580.925;    0.000;    0.000
610.431; 5670.925;    0.000;    0.000
610.552; 5575.925;    0.000;    0.000
610.674; 5654.925;    0.000;    0.000
610.796; 5455.925;    0.000;    0.000
610.918; 5611.925;    0.000;    0.000
611.039; 5616.925;    0.000;    0.000
611.161; 5567.925;    0.000;    0.000
611.282; 5470.925;    0.000;    0.000
611.404; 5573.925;    0.000;    0.000
611.526; 5711.925;    0.000;    0.000
611.647; 5617.925;    0.000;    0.000
611.769; 5555.925;    0.000;    0.000
611.890; 5490.925;    0.000;    0.000
612.012; 5624.925;    0.000;    0.000
612.133; 5639.925;    0.000;    0.000
612.255; 5532.925;    0.000;    0.000
612.377; 5545.925;    0.000;    0.000
612.498; 5492.925;    0.000;    0.000
612.619; 5565.925;    0.000;    0.000
612.741; 5557.925;    0.000;    0.000
612.862; 5491.925;    0.000;    0.000
612.984; 5398.925;    0.000;    0.000
613.105; 5581.925;    0.000;    0.000
613.226; 5422.925;    0.000;    0.000
613.348; 5644.925;    0.000;    0.000
613.469; 5591.925;    0.000;    0.000
613.590; 5618.925;    0.000;    0.000
613.712; 5580.925;    0.000;    0.000
613.833; 5586.925;    0.000;    0.000
613.954; 5639.925;    0.000;    0.000
614.076; 5587.925;    0.000;    0.000
614.197; 5638.925;    0.000;    0.000
614.318; 5625.925;    0.000;    0.000
614.439; 5636.925;    0.000;    0.000
614.560; 5675.925;    0.000;    0.000
614.682; 5519.925;    0.000;    0.000
614.803; 5542.925;    0.000;    0.000
614.924; 5608.925;    0.000;    0.000
615.045; 5583.925;    0.000;    0.000
615.166; 5681.925;    0.000;    0.000
615.287; 5831.925;    0.000;    0.000
615.408; 6154.925;    0.000;    0.000
615.529; 6193.925;    0.000;    0.000
615.650; 6021.925;    0.000;    0.000
615.771; 5966.925;    0.000;    0.000
615.892; 5883.925;    0.000;    0.000
616.013; 6584.925;    0.000;    0.000
616.134; 7020.925;    0.000;    0.000
616.255; 6642.925;    0.000;    0.000
616.376; 6030.925;    0.000;    0.000
616.497; 5811.925;    0.000;    0.000
616.618; 5731.925;    0.000;    0.000
616.739; 5645.925;    0.000;    0.000
616.860; 5534.925;    0.000;    0.000
616.981; 5628.925;    0.000;    0.000
617.102; 5533.925;    0.000;    0.000
617.222; 5583.925;    0.000;    0.000
617.343; 5552.925;    0.000;    0.000
617.464; 5420.925;    0.000;    0.000
617.585; 5585.925;    0.000;    0.000
617.705; 5430.925;    0.000;    0.000
617.826; 5461.925;    0.000;    0.000
617.947; 5365.925;    0.000;    0.000
618.068; 5303.925;    0.000;    0.000
618.188; 5282.925;    0.000;    0.000
618.309; 5364.925;    0.000;    0.000
618.430; 5298.925;    0.000;    0.000
618.550; 5292.925;    0.000;    0.000
618.671; 5155.925;    0.000;    0.000
618.791; 5236.925;    0.000;    0.000
618.912; 5167.925;    0.000;    0.000
619.033; 5276.925;    0.000;    0.000
619.153; 5233.925;    0.000;    0.000
619.274; 5247.925;    0.000;    0.000
619.394; 5285.925;    0.000;    0.000
619.515; 5195.925;    0.000;    0.000
619.635; 5213.925;    0.000;    0.000
619.756; 5146.925;    0.000;    0.000
619.876; 5211.925;    0.000;    0.000
619.996; 5314.925;    0.000;    0.000
620.117; 5147.925;    0.000;    0.000
620.237; 5220.925;    0.000;    0.000
620.358; 5212.925;    0.000;    0.000
620.478; 5147.925;    0.000;    0.000
620.598; 5258.925;    0.000;    0.000
620.719; 5235.925;    0.000;    0.000
620.839; 5237.925;    0.000;    0.000
620.959; 5183.925;    0.000;    0.000
621.079; 5235.925;    0.000;    0.000
621.200; 5128.925;    0.000;    0.000
621.320; 5305.925;    0.000;    0.000
621.440; 5208.925;    0.000;    0.000
621.560; 5149.925;    0.000;    0.000
621.681; 5161.925;    0.000;    0.000
621.801; 5207.925;    0.000;    0.000
621.921; 5210.925;    0.000;    0.000
622.041; 5087.925;    0.000;    0.000
622.161; 5120.925;    0.000;    0.000
622.281; 5204.925;    0.000;    0.000
622.401; 5201.925;    0.000;    0.000
622.521; 5178.925;    0.000;    0.000
622.641; 5077.925;    0.000;    0.000
622.761; 5267.925;    0.000;    0.000
622.882; 5117.925;    0.000;    0.000
623.002; 5156.925;    0.000;    0.000
623.121; 5110.925;    0.000;    0.000
623.241; 5204.925;    0.000;    0.000
623.361; 5149.925;    0.000;    0.000
623.481; 5156.925;    0.000;    0.000
623.601; 5111.925;    0.000;    0.000
623.721; 5258.925;    0.000;    0.000
623.841; 5199.925;    0.000;    0.000
623.961; 5164.925;    0.000;    0.000
624.081; 4877.925;    0.000;    0.000
624.201; 5223.925;    0.000;    0.000
624.320; 5022.925;    0.000;    0.000
624.440; 5113.925;    0.000;    0.000
624.560; 5197.925;    0.000;    0.000
624.680; 5168.925;    0.000;    0.000
624.799; 5121.925;    0.000;    0.000
624.919; 5112.925;    0.000;    0.000
625.039; 4872.925;    0.000;    0.000
625.159; 5044.925;    0.000;    0.000
625.278; 5011.925;    0.000;    0.000
625.398; 4960.925;    0.000;    0.000
625.518; 4973.925;    0.000;    0.000
625.637; 4971.925;    0.000;    0.000
625.757; 4943.925;    0.000;    0.000
625.876; 5003.925;    0.000;    0.000
625.996; 5031.925;    0.000;    0.000
626.115; 4980.925;    0.000;    0.000
626.235; 4861.925;    0.000;    0.000
626.354; 5101.925;    0.000;    0.000
626.474; 5073.925;    0.000;    0.000
626.594; 5001.925;    0.000;    0.000
626.713; 5037.925;    0.000;    0.000
626.832; 5058.925;    0.000;    0.000
626.952; 4868.925;    0.000;    0.000
627.071; 4962.925;    0.000;    0.000
627.191; 4988.925;    0.000;    0.000
627.310; 4944.925;    0.000;    0.000
627.429; 4934.925;    0.000;    0.000
627.549; 4959.925;    0.000;    0.000
627.668; 4890.925;    0.000;    0.000
627.787; 4999.925;    0.000;    0.000
627.907; 4901.925;    0.000;    0.000
628.026; 4846.925;    0.000;    0.000
628.145; 4803.925;    0.000;    0.000
628.264; 4782.925;    0.000;    0.000
628.384; 4765.925;    0.000;    0.000
628.503; 4840.925;    0.000;    0.000
628.622; 4902.925;    0.000;    0.000
628.741; 4945.925;    0.000;    0.000
628.860; 4944.925;    0.000;    0.000
628.980; 4816.925;    0.000;    0.000
629.099; 4887.925;    0.000;    0.000
629.218; 4798.925;    0.000;    0.000
629.337; 4774.925;    0.000;    0.000
629.456; 4861.925;    0.000;    0.000
629.575; 4783.925;    0.000;    0.000
629.694; 4789.925;    0.000;    0.000
629.813; 4768.925;    0.000;    0.000
629.932; 4798.925;    0.000;    0.000
630.051; 4794.925;    0.000;    0.000
630.170; 4865.925;    0.000;    0.000
630.289; 4924.925;    0.000;    0.000
630.408; 4719.925;    0.000;    0.000
630.527; 4728.925;    0.000;    0.000
630.646; 4690.925;    0.000;    0.000
630.764; 4726.925;    0.000;    0.000
630.883; 4797.925;    0.000;    0.000
631.002; 4761.925;    0.000;    0.000
631.121; 4617.925;    0.000;    0.000
631.240; 4762.925;    0.000;    0.000
631.359; 4730.925;    0.000;    0.000
631.477; 4814.925;    0.000;    0.000
631.596; 4696.925;    0.000;    0.000
631.715; 4756.925;    0.000;    0.000
631.834; 4712.925;    0.000;    0.000
631.952; 4696.925;    0.000;    0.000
632.071; 4764.925;    0.000;    0.000
632.190; 4759.925;    0.000;    0.000
632.308; 4781.925;    0.000;    0.000
632.427; 4643.925;    0.000;    0.000
632.546; 4699.925;    0.000;    0.000
632.664; 4697.925;    0.000;    0.000
632.783; 4691.925;    0.000;    0.000
632.901; 4684.925;    0.000;    0.000
633.020; 4635.925;    0.000;    0.000
633.138; 4735.925;    0.000;    0.000
633.257; 4780.925;    0.000;    0.000
633.375; 4683.925;    0.000;    0.000
633.494; 4647.925;    0.000;    0.000
633.612; 4705.925;    0.000;    0.000
633.731; 4709.925;    0.000;    0.000
633.849; 4657.925;    0.000;    0.000
633.968; 4673.925;    0.000;    0.000
634.086; 4721.925;    0.000;    0.000
634.204; 4752.925;    0.000;    0.000
634.323; 4648.925;    0.000;    0.000
634.441; 4692.925;    0.000;    0.000
634.559; 4594.925;    0.000;    0.000
634.678; 4566.925;    0.000;    0.000
634.796; 4613.925;    0.000;    0.000
634.914; 4547.925;    0.000;    0.000
635.032; 4601.925;    0.000;    0.000
635.151; 4614.925;    0.000;    0.000
635.269; 4526.925;    0.000;    0.000
635.387; 4650.925;    0.000;    0.000
635.505; 4593.925;    0.000;    0.000
635.623; 4552.925;    0.000;    0.000
635.742; 4658.925;    0.000;    0.000
635.860; 4714.925;    0.000;    0.000
635.978; 4502.925;    0.000;    0.000
636.096; 4670.925;    0.000;    0.000
636.214; 4551.925;    0.000;    0.000
636.332; 4540.925;    0.000;    0.000
636.450; 4528.925;    0.000;    0.000
636.568; 4638.925;    0.000;    0.000
636.686; 4682.925;    0.000;    0.000
636.804; 4563.925;    0.000;    0.000
636.922; 4595.925;    0.000;    0.000
637.040; 4459.925;    0.000;    0.000
637.158; 4612.925;    0.000;    0.000
637.276; 4592.925;    0.000;    0.000
637.394; 4591.925;    0.000;    0.000
637.512; 4547.925;    0.000;    0.000
637.629; 4533.925;    0.000;    0.000
637.747; 4577.925;    0.000;    0.000
637.865; 4595.925;    0.000;    0.000
637.983; 4529.925;    0.000;    0.000
638.101; 4505.925;    0.000;    0.000
638.218; 4456.925;    0.000;    0.000
638.336; 4522.925;    0.000;    0.000
638.454; 4453.925;    0.000;    0.000
638.572; 4576.925;    0.000;    0.000
638.689; 4562.925;    0.000;    0.000
638.807; 4427.925;    0.000;    0.000
638.925; 4504.925;    0.000;    0.000
639.042; 4544.925;    0.000;    0.000
639.160; 4503.925;    0.000;    0.000
639.278; 4404.925;    0.000;    0.000
639.395; 4449.925;    0.000;    0.000
639.513; 4511.925;    0.000;    0.000
639.630; 4507.925;    0.000;    0.000
639.748; 4561.925;    0.000;    0.000
639.865; 4473.925;    0.000;    0.000
639.983; 4402.925;    0.000;    0.000
640.100; 4473.925;    0.000;    0.000
640.218; 4471.925;    0.000;    0.000
640.335; 4472.925;    0.000;    0.000
640.453; 4442.925;    0.000;    0.000
640.570; 4550.925;    0.000;    0.000
640.688; 4470.925;    0.000;    0.000
640.805; 4649.925;    0.000;    0.000
640.922; 4461.925;    0.000;    0.000
641.040; 4542.925;    0.000;    0.000
641.157; 4434.925;    0.000;    0.000
641.274; 4462.925;    0.000;    0.000
641.391; 4528.925;    0.000;    0.000
641.509; 4510.925;    0.000;    0.000
641.626; 4452.925;    0.000;    0.000
641.743; 4454.925;    0.000;    0.000
641.860; 4434.925;    0.000;    0.000
641.978; 4491.925;    0.000;    0.000
642.095; 4386.925;    0.000;    0.000
642.212; 4409.925;    0.000;    0.000
642.329; 4394.925;    0.000;    0.000
642.446; 4324.925;    0.000;    0.000
642.563; 4475.925;    0.000;    0.000
642.681; 4450.925;    0.000;    0.000
642.798; 4412.925;    0.000;    0.000
642.915; 4404.925;    0.000;    0.000
643.032; 4461.925;    0.000;    0.000
643.149; 4471.925;    0.000;    0.000
643.266; 4376.925;    0.000;    0.000
643.383; 4473.925;    0.000;    0.000
643.500; 4469.925;    0.000;    0.000
643.617; 4430.925;    0.000;    0.000
643.734; 4441.925;    0.000;    0.000
643.850; 4377.925;    0.000;    0.000
643.967; 4508.925;    0.000;    0.000
644.084; 4542.925;    0.000;    0.000
644.201; 4480.925;    0.000;    0.000
644.318; 4440.925;    0.000;    0.000
644.435; 4490.925;    0.000;    0.000
644.552; 4497.925;    0.000;    0.000
644.668; 4510.925;    0.000;    0.000
644.785; 4445.925;    0.000;    0.000
644.902; 4547.925;    0.000;    0.000
645.019; 4592.925;    0.000;    0.000
645.135; 4456.925;    0.000;    0.000
645.252; 4446.925;    0.000;    0.000
645.369; 4438.925;    0.000;    0.000
645.485; 4529.925;    0.000;    0.000
645.602; 4493.925;    0.000;    0.000
645.719; 4493.925;    0.000;    0.000
645.835; 4550.925;    0.000;    0.000
645.952; 4578.925;    0.000;    0.000
646.068; 4596.925;    0.000;    0.000
646.185; 4620.925;    0.000;    0.000
646.302; 4506.925;    0.000;    0.000
646.418; 4602.925;    0.000;    0.000
646.535; 4632.925;    0.000;    0.000
646.651; 4621.925;    0.000;    0.000
646.768; 4631.925;    0.000;    0.000
646.884; 4618.925;    0.000;    0.000
647.000; 4574.925;    0.000;    0.000
647.117; 4587.925;    0.000;    0.000
647.233; 4612.925;    0.000;    0.000
647.350; 4581.925;    0.000;    0.000
647.466; 4652.925;    0.000;    0.000
647.582; 4608.925;    0.000;    0.000
647.699; 4611.925;    0.000;    0.000
647.815; 4655.925;    0.000;    0.000
647.931; 4712.925;    0.000;    0.000
648.047; 4607.925;    0.000;    0.000
648.164; 4793.925;    0.000;    0.000
648.280; 4737.925;    0.000;    0.000
648.396; 4673.925;    0.000;    0.000
648.512; 4625.925;    0.000;    0.000
648.629; 4635.925;    0.000;    0.000
648.745; 4612.925;    0.000;    0.000
648.861; 4874.925;    0.000;    0.000
648.977; 4856.925;    0.000;    0.000
649.093; 4546.925;    0.000;    0.000
649.209; 4849.925;    0.000;    0.000
649.325; 4735.925;    0.000;    0.000
649.441; 4704.925;    0.000;    0.000
649.557; 4789.925;    0.000;    0.000
649.673; 4778.925;    0.000;    0.000
649.789; 4776.925;    0.000;    0.000
649.905; 4765.925;    0.000;    0.000
650.021; 4809.925;    0.000;    0.000
650.137; 4790.925;    0.000;    0.000
650.253; 4820.925;    0.000;    0.000
650.369; 4801.925;    0.000;    0.000
650.485; 4790.925;    0.000;    0.000
650.601; 4886.925;    0.000;    0.000
650.717; 4864.925;    0.000;    0.000
650.833; 4879.925;    0.000;    0.000
650.948; 4788.925;    0.000;    0.000
651.064; 4726.925;    0.000;    0.000
651.180; 5028.925;    0.000;    0.000
651.296; 4843.925;    0.000;    0.000
651.411; 4949.925;    0.000;    0.000
651.527; 5009.925;    0.000;    0.000
651.643; 4976.925;    0.000;    0.000
651.759; 4953.925;    0.000;    0.000
651.874; 4945.925;    0.000;    0.000
651.990; 5036.925;    0.000;    0.000
652.105; 5070.925;    0.000;    0.000
652.221; 5019.925;    0.000;    0.000
652.337; 5046.925;    0.000;    0.000
652.452; 4970.925;    0.000;    0.000
652.568; 5133.925;    0.000;    0.000
652.683; 5348.925;    0.000;    0.000
652.799; 5287.925;    0.000;    0.000
652.914; 5218.925;    0.000;    0.000
653.030; 5210.925;    0.000;    0.000
653.145; 5236.925;    0.000;    0.000
653.261; 5331.925;    0.000;    0.000
653.376; 5323.925;    0.000;    0.000
653.492; 5324.925;    0.000;    0.000
653.607; 5380.925;    0.000;    0.000
653.722; 5473.925;    0.000;    0.000
653.838; 5589.925;    0.000;    0.000
653.953; 5481.925;    0.000;    0.000
654.068; 5579.925;    0.000;    0.000
654.184; 5753.925;    0.000;    0.000
654.299; 5626.925;    0.000;    0.000
654.414; 5810.925;    0.000;    0.000
654.530; 5734.925;    0.000;    0.000
654.645; 5933.925;    0.000;    0.000
654.760; 6084.925;    0.000;    0.000
654.875; 6020.925;    0.000;    0.000
654.990; 6202.925;    0.000;    0.000
655.106; 6388.925;    0.000;    0.000
655.221; 6360.925;    0.000;    0.000
655.336; 6443.925;    0.000;    0.000
655.451; 6617.925;    0.000;    0.000
655.566; 6680.925;    0.000;    0.000
655.681; 6741.925;    0.000;    0.000
655.796; 7019.925;    0.000;    0.000
655.911; 7071.925;    0.000;    0.000
656.026; 7202.925;    0.000;    0.000
656.141; 7337.925;    0.000;    0.000
656.256; 7524.925;    0.000;    0.000
656.371; 7691.925;    0.000;    0.000
656.486; 7647.925;    0.000;    0.000
656.601; 7672.925;    0.000;    0.000
656.716; 7522.925;    0.000;    0.000
656.831; 7417.925;    0.000;    0.000
656.946; 7251.925;    0.000;    0.000
657.060; 7309.925;    0.000;    0.000
657.175; 7049.925;    0.000;    0.000
657.290; 7092.925;    0.000;    0.000
657.405; 6984.925;    0.000;    0.000
657.520; 6857.925;    0.000;    0.000
657.634; 6702.925;    0.000;    0.000
657.749; 6622.925;    0.000;    0.000
657.864; 6607.925;    0.000;    0.000
657.979; 6447.925;    0.000;    0.000
658.093; 6502.925;    0.000;    0.000
658.208; 6500.925;    0.000;    0.000
658.323; 6204.925;    0.000;    0.000
658.437; 6169.925;    0.000;    0.000
658.552; 6221.925;    0.000;    0.000
658.666; 6080.925;    0.000;    0.000
658.781; 5997.925;    0.000;    0.000
658.895; 5979.925;    0.000;    0.000
659.010; 5908.925;    0.000;    0.000
659.125; 5742.925;    0.000;    0.000
659.239; 5707.925;    0.000;    0.000
659.353; 5684.925;    0.000;    0.000
659.468; 5609.925;    0.000;    0.000
659.582; 5569.925;    0.000;    0.000
659.697; 5514.925;    0.000;    0.000
659.811; 5593.925;    0.000;    0.000
659.926; 5383.925;    0.000;    0.000
660.040; 5394.925;    0.000;    0.000
660.154; 5376.925;    0.000;    0.000
660.269; 5420.925;    0.000;    0.000
660.383; 5384.925;    0.000;    0.000
660.497; 5327.925;    0.000;    0.000
660.612; 5246.925;    0.000;    0.000
660.726; 5209.925;    0.000;    0.000
660.840; 5285.925;    0.000;    0.000
660.954; 5161.925;    0.000;    0.000
661.068; 5127.925;    0.000;    0.000
661.183; 5090.925;    0.000;    0.000
661.297; 5074.925;    0.000;    0.000
661.411; 5100.925;    0.000;    0.000
661.525; 4966.925;    0.000;    0.000
661.639; 4937.925;    0.000;    0.000
661.753; 4886.925;    0.000;    0.000
661.867; 5002.925;    0.000;    0.000
661.981; 4901.925;    0.000;    0.000
662.095; 4792.925;    0.000;    0.000
662.209; 4916.925;    0.000;    0.000
662.323; 4858.925;    0.000;    0.000
662.437; 4796.925;    0.000;    0.000
662.551; 4938.925;    0.000;    0.000
662.665; 4747.925;    0.000;    0.000
662.779; 4709.925;    0.000;    0.000
662.893; 4788.925;    0.000;    0.000
663.007; 4617.925;    0.000;    0.000
663.121; 4700.925;    0.000;    0.000
663.235; 4607.925;    0.000;    0.000
663.349; 4572.925;    0.000;    0.000
663.462; 4609.925;    0.000;    0.000
663.576; 4568.925;    0.000;    0.000
663.690; 4369.925;    0.000;    0.000
663.804; 4517.925;    0.000;    0.000
663.917; 4457.925;    0.000;    0.000
664.031; 4522.925;    0.000;    0.000
664.145; 4529.925;    0.000;    0.000
664.258; 4428.925;    0.000;    0.000
664.372; 4454.925;    0.000;    0.000
664.486; 4394.925;    0.000;    0.000
664.599; 4428.925;    0.000;    0.000
664.713; 4448.925;    0.000;    0.000
664.827; 4365.925;    0.000;    0.000
664.940; 4442.925;    0.000;    0.000
665.054; 4368.925;    0.000;    0.000
665.167; 4407.925;    0.000;    0.000
665.281; 4295.925;    0.000;    0.000
665.394; 4292.925;    0.000;    0.000
665.508; 4236.925;    0.000;    0.000
665.621; 4167.925;    0.000;    0.000
665.735; 4301.925;    0.000;    0.000
665.848; 4267.925;    0.000;    0.000
665.961; 4159.925;    0.000;    0.000
666.075; 4237.925;    0.000;    0.000
666.188; 4235.925;    0.000;    0.000
666.301; 4206.925;    0.000;    0.000
666.415; 4243.925;    0.000;    0.000
666.528; 4173.925;    0.000;    0.000
666.641; 4214.925;    0.000;    0.000
666.755; 4187.925;    0.000;    0.000
666.868; 4310.925;    0.000;    0.000
666.981; 4325.925;    0.000;    0.000
667.094; 4118.925;    0.000;    0.000
667.207; 4100.925;    0.000;    0.000
667.321; 4133.925;    0.000;    0.000
667.434; 4156.925;    0.000;    0.000
667.547; 4194.925;    0.000;    0.000
667.660; 4100.925;    0.000;    0.000
667.773; 4083.925;    0.000;    0.000
667.886; 4066.925;    0.000;    0.000
667.999; 4069.925;    0.000;    0.000
668.112; 4006.925;    0.000;    0.000
668.225; 4191.925;    0.000;    0.000
668.338; 4069.925;    0.000;    0.000
668.451; 3982.925;    0.000;    0.000
668.564; 4094.925;    0.000;    0.000
668.677; 3866.925;    0.000;    0.000
668.790; 3859.925;    0.000;    0.000
668.903; 4128.925;    0.000;    0.000
669.016; 4020.925;    0.000;    0.000
669.129; 3962.925;    0.000;    0.000
669.242; 3962.925;    0.000;    0.000
669.354; 3921.925;    0.000;    0.000
669.467; 3853.925;    0.000;    0.000
669.580; 3927.925;    0.000;    0.000
669.693; 3928.925;    0.000;    0.000
669.806; 3882.925;    0.000;    0.000
669.918; 3820.925;    0.000;    0.000
670.031; 3892.925;    0.000;    0.000
670.144; 3935.925;    0.000;    0.000
670.256; 3881.925;    0.000;    0.000
670.369; 3918.925;    0.000;    0.000
670.482; 3959.925;    0.000;    0.000
670.594; 3855.925;    0.000;    0.000
670.707; 3823.925;    0.000;    0.000
670.820; 3826.925;    0.000;    0.000
670.932; 3818.925;    0.000;    0.000
671.045; 3959.925;    0.000;    0.000
671.157; 3853.925;    0.000;    0.000
671.270; 3815.925;    0.000;    0.000
671.382; 3764.925;    0.000;    0.000
671.495; 3872.925;    0.000;    0.000
671.607; 3819.925;    0.000;    0.000
671.720; 3708.925;    0.000;    0.000
671.832; 3831.925;    0.000;    0.000
671.944; 3721.925;    0.000;    0.000
672.057; 3727.925;    0.000;    0.000
672.169; 3763.925;    0.000;    0.000
672.281; 3793.925;    0.000;    0.000
672.394; 3737.925;    0.000;    0.000
672.506; 3766.925;    0.000;    0.000
672.618; 3731.925;    0.000;    0.000
672.731; 3735.925;    0.000;    0.000
672.843; 3656.925;    0.000;    0.000
672.955; 3738.925;    0.000;    0.000
673.067; 3804.925;    0.000;    0.000
673.180; 3707.925;    0.000;    0.000
673.292; 3767.925;    0.000;    0.000
673.404; 3771.925;    0.000;    0.000
673.516; 3674.925;    0.000;    0.000
673.628; 3693.925;    0.000;    0.000
673.740; 3771.925;    0.000;    0.000
673.852; 3753.925;    0.000;    0.000
673.964; 3847.925;    0.000;    0.000
674.076; 3806.925;    0.000;    0.000
674.188; 3710.925;    0.000;    0.000
674.300; 3741.925;    0.000;    0.000
674.412; 3720.925;    0.000;    0.000
674.524; 3613.925;    0.000;    0.000
674.636; 3678.925;    0.000;    0.000
674.748; 3582.925;    0.000;    0.000
674.860; 3720.925;    0.000;    0.000
674.972; 3671.925;    0.000;    0.000
675.084; 3752.925;    0.000;    0.000
675.196; 3696.925;    0.000;    0.000
675.307; 3728.925;    0.000;    0.000
675.419; 3663.925;    0.000;    0.000
675.531; 3733.925;    0.000;    0.000
675.643; 3649.925;    0.000;    0.000
675.755; 3819.925;    0.000;    0.000
675.866; 3597.925;    0.000;    0.000
675.978; 3723.925;    0.000;    0.000
676.090; 3712.925;    0.000;    0.000
676.201; 3722.925;    0.000;    0.000
676.313; 3597.925;    0.000;    0.000
676.425; 3640.925;    0.000;    0.000
676.536; 3667.925;    0.000;    0.000
676.648; 3589.925;    0.000;    0.000
676.759; 3608.925;    0.000;    0.000
676.871; 3596.925;    0.000;    0.000
676.983; 3601.925;    0.000;    0.000
677.094; 3741.925;    0.000;    0.000
677.206; 3608.925;    0.000;    0.000
677.317; 3583.925;    0.000;    0.000
677.429; 3579.925;    0.000;    0.000
677.540; 3632.925;    0.000;    0.000
677.651; 3590.925;    0.000;    0.000
677.763; 3509.925;    0.000;    0.000
677.874; 3417.925;    0.000;    0.000
677.986; 3523.925;    0.000;    0.000
678.097; 3567.925;    0.000;    0.000
678.208; 3566.925;    0.000;    0.000
678.320; 3558.925;    0.000;    0.000
678.431; 3480.925;    0.000;    0.000
678.542; 3569.925;    0.000;    0.000
678.653; 3497.925;    0.000;    0.000
678.765; 3472.925;    0.000;    0.000
678.876; 3498.925;    0.000;    0.000
678.987; 3507.925;    0.000;    0.000
679.098; 3490.925;    0.000;    0.000
679.209; 3510.925;    0.000;    0.000
679.320; 3489.925;    0.000;    0.000
679.432; 3490.925;    0.000;    0.000
679.543; 3423.925;    0.000;    0.000
679.654; 3426.925;    0.000;    0.000
679.765; 3476.925;    0.000;    0.000
679.876; 3456.925;    0.000;    0.000
679.987; 3418.925;    0.000;    0.000
680.098; 3555.925;    0.000;    0.000
680.209; 3524.925;    0.000;    0.000
680.320; 3531.925;    0.000;    0.000
680.431; 3503.925;    0.000;    0.000
680.542; 3420.925;    0.000;    0.000
680.653; 3437.925;    0.000;    0.000
680.763; 3411.925;    0.000;    0.000
680.874; 3485.925;    0.000;    0.000
680.985; 3357.925;    0.000;    0.000
681.096; 3445.925;    0.000;    0.000
681.207; 3526.925;    0.000;    0.000
681.318; 3581.925;    0.000;    0.000
681.428; 3508.925;    0.000;    0.000
681.539; 3464.925;    0.000;    0.000
681.650; 3462.925;    0.000;    0.000
681.760; 3380.925;    0.000;    0.000
681.871; 3474.925;    0.000;    0.000
681.982; 3467.925;    0.000;    0.000
682.093; 3337.925;    0.000;    0.000
682.203; 3448.925;    0.000;    0.000
682.314; 3497.925;    0.000;    0.000
682.424; 3442.925;    0.000;    0.000
682.535; 3405.925;    0.000;    0.000
682.646; 3558.925;    0.000;    0.000
682.756; 3467.925;    0.000;    0.000
682.867; 3430.925;    0.000;    0.000
682.977; 3398.925;    0.000;    0.000
683.088; 3444.925;    0.000;    0.000
683.198; 3486.925;    0.000;    0.000
683.308; 3419.925;    0.000;    0.000
683.419; 3438.925;    0.000;    0.000
683.529; 3360.925;    0.000;    0.000
683.640; 3373.925;    0.000;    0.000
683.750; 3418.925;    0.000;    0.000
683.860; 3447.925;    0.000;    0.000
683.971; 3368.925;    0.000;    0.000
684.081; 3429.925;    0.000;    0.000
684.191; 3470.925;    0.000;    0.000
684.301; 3376.925;    0.000;    0.000
684.412; 3515.925;    0.000;    0.000
684.522; 3339.925;    0.000;    0.000
684.632; 3480.925;    0.000;    0.000
684.742; 3468.925;    0.000;    0.000
684.852; 3349.925;    0.000;    0.000
684.963; 3379.925;    0.000;    0.000
685.073; 3397.925;    0.000;    0.000
685.183; 3427.925;    0.000;    0.000
685.293; 3381.925;    0.000;    0.000
685.403; 3442.925;    0.000;    0.000
685.513; 3441.925;    0.000;    0.000
685.623; 3438.925;    0.000;    0.000
685.733; 3419.925;    0.000;    0.000
685.843; 3448.925;    0.000;    0.000
685.953; 3404.925;    0.000;    0.000
686.063; 3420.925;    0.000;    0.000
686.173; 3286.925;    0.000;    0.000
686.283; 3369.925;    0.000;    0.000
686.393; 3371.925;    0.000;    0.000
686.503; 3393.925;    0.000;    0.000
686.612; 3507.925;    0.000;    0.000
686.722; 3510.925;    0.000;    0.000
686.832; 3396.925;    0.000;    0.000
686.942; 3415.925;    0.000;    0.000
687.052; 3394.925;    0.000;    0.000
687.161; 3469.925;    0.000;    0.000
687.271; 3284.925;    0.000;    0.000
687.381; 3369.925;    0.000;    0.000
687.491; 3359.925;    0.000;    0.000
687.600; 3332.925;    0.000;    0.000
687.710; 3408.925;    0.000;    0.000
687.820; 3273.925;    0.000;    0.000
687.929; 3384.925;    0.000;    0.000
688.039; 3429.925;    0.000;    0.000
688.148; 3359.925;    0.000;    0.000
688.258; 3339.925;    0.000;    0.000
688.367; 3276.925;    0.000;    0.000
688.477; 3321.925;    0.000;    0.000
688.586; 3344.925;    0.000;    0.000
688.696; 3263.925;    0.000;    0.000
688.805; 3309.925;    0.000;    0.000
688.915; 3269.925;    0.000;    0.000
689.024; 3360.925;    0.000;    0.000
689.134; 3371.925;    0.000;    0.000
689.243; 3283.925;    0.000;    0.000
689.352; 3286.925;    0.000;    0.000
689.462; 3318.925;    0.000;    0.000
689.571; 3251.925;    0.000;    0.000
689.680; 3357.925;    0.000;    0.000
689.790; 3317.925;    0.000;    0.000
689.899; 3324.925;    0.000;    0.000
690.008; 3350.925;    0.000;    0.000
690.117; 3387.925;    0.000;    0.000
690.227; 3352.925;    0.000;    0.000
690.336; 3226.925;    0.000;    0.000
690.445; 3343.925;    0.000;    0.000
690.554; 3296.925;    0.000;    0.000
690.663; 3329.925;    0.000;    0.000
690.772; 3343.925;    0.000;    0.000
690.881; 3424.925;    0.000;    0.000
690.990; 3345.925;    0.000;    0.000
691.099; 3313.925;    0.000;    0.000
691.209; 3458.925;    0.000;    0.000
691.318; 3331.925;    0.000;    0.000
691.427; 3317.925;    0.000;    0.000
691.536; 3260.925;    0.000;    0.000
691.644; 3400.925;    0.000;    0.000
691.753; 3292.925;    0.000;    0.000
691.862; 3399.925;    0.000;    0.000
691.971; 3326.925;    0.000;    0.000
692.080; 3321.925;    0.000;    0.000
692.189; 3401.925;    0.000;    0.000
692.298; 3305.925;    0.000;    0.000
692.406; 3381.925;    0.000;    0.000
692.515; 3376.925;    0.000;    0.000
692.624; 3278.925;    0.000;    0.000
692.733; 3294.925;    0.000;    0.000
692.842; 3262.925;    0.000;    0.000
692.950; 3302.925;    0.000;    0.000
693.059; 3345.925;    0.000;    0.000
693.168; 3314.925;    0.000;    0.000
693.276; 3318.925;    0.000;    0.000
693.385; 3338.925;    0.000;    0.000
693.494; 3396.925;    0.000;    0.000
693.602; 3292.925;    0.000;    0.000
693.711; 3352.925;    0.000;    0.000
693.819; 3410.925;    0.000;    0.000
693.928; 3292.925;    0.000;    0.000
694.036; 3385.925;    0.000;    0.000
694.145; 3363.925;    0.000;    0.000
694.253; 3337.925;    0.000;    0.000
694.362; 3300.925;    0.000;    0.000
694.470; 3347.925;    0.000;    0.000
694.579; 3352.925;    0.000;    0.000
694.687; 3369.925;    0.000;    0.000
694.795; 3258.925;    0.000;    0.000
694.904; 3387.925;    0.000;    0.000
695.012; 3357.925;    0.000;    0.000
695.120; 3361.925;    0.000;    0.000
695.229; 3416.925;    0.000;    0.000
695.337; 3266.925;    0.000;    0.000
695.445; 3377.925;    0.000;    0.000
695.553; 3366.925;    0.000;    0.000
695.662; 3294.925;    0.000;    0.000
695.770; 3353.925;    0.000;    0.000
695.878; 3292.925;    0.000;    0.000
695.986; 3312.925;    0.000;    0.000
696.094; 3268.925;    0.000;    0.000
696.202; 3352.925;    0.000;    0.000
696.310; 3250.925;    0.000;    0.000
696.419; 3299.925;    0.000;    0.000
696.527; 3343.925;    0.000;    0.000
696.635; 3399.925;    0.000;    0.000
696.743; 3359.925;    0.000;    0.000
696.851; 3402.925;    0.000;    0.000
696.959; 3419.925;    0.000;    0.000
697.067; 3407.925;    0.000;    0.000
697.174; 3383.925;    0.000;    0.000
697.282; 3289.925;    0.000;    0.000
697.390; 3386.925;    0.000;    0.000
697.498; 3289.925;    0.000;    0.000
697.606; 3413.925;    0.000;    0.000
697.714; 3261.925;    0.000;    0.000
697.822; 3342.925;    0.000;    0.000
697.929; 3288.925;    0.000;    0.000
698.037; 3306.925;    0.000;    0.000
698.145; 3286.925;    0.000;    0.000
698.253; 3300.925;    0.000;    0.000
698.360; 3352.925;    0.000;    0.000
698.468; 3351.925;    0.000;    0.000
698.576; 3382.925;    0.000;    0.000
698.683; 3376.925;    0.000;    0.000
698.791; 3365.925;    0.000;    0.000
698.899; 3309.925;    0.000;    0.000
699.006; 3323.925;    0.000;    0.000
699.114; 3398.925;    0.000;    0.000
699.221; 3319.925;    0.000;    0.000
699.329; 3406.925;    0.000;    0.000
699.436; 3306.925;    0.000;    0.000
699.544; 3403.925;    0.000;    0.000
699.651; 3288.925;    0.000;    0.000
699.759; 3279.925;    0.000;    0.000
699.866; 3408.925;    0.000;    0.000
699.974; 3338.925;    0.000;    0.000
700.081; 3389.925;    0.000;    0.000
700.188; 3377.925;    0.000;    0.000
700.296; 3255.925;    0.000;    0.000
700.403; 3301.925;    0.000;    0.000
700.510; 3370.925;    0.000;    0.000
700.618; 3410.925;    0.000;    0.000
700.725; 3352.925;    0.000;    0.000
700.832; 3275.925;    0.000;    0.000
700.940; 3356.925;    0.000;    0.000
701.047; 3354.925;    0.000;    0.000
701.154; 3320.925;    0.000;    0.000
701.261; 3241.925;    0.000;    0.000
701.368; 3349.925;    0.000;    0.000
701.475; 3333.925;    0.000;    0.000
701.582; 3360.925;    0.000;    0.000
701.690; 3307.925;    0.000;    0.000
701.797; 3406.925;    0.000;    0.000
701.904; 3342.925;    0.000;    0.000
702.011; 3364.925;    0.000;    0.000
702.118; 3327.925;    0.000;    0.000
702.225; 3365.925;    0.000;    0.000
702.332; 3380.925;    0.000;    0.000
702.439; 3408.925;    0.000;    0.000
702.546; 3447.925;    0.000;    0.000
702.652; 3291.925;    0.000;    0.000
702.759; 3370.925;    0.000;    0.000
702.866; 3257.925;    0.000;    0.000
702.973; 3327.925;    0.000;    0.000
703.080; 3407.925;    0.000;    0.000
703.187; 3391.925;    0.000;    0.000
703.294; 3416.925;    0.000;    0.000
703.400; 3096.925;    0.000;    0.000
703.507;  713.925;    0.000;    0.000
703.614;  339.925;    0.000;    0.000
703.720;  329.925;    0.000;    0.000
703.827;  343.925;    0.000;    0.000
703.934;  335.925;    0.000;    0.000
704.040;  316.925;    0.000;    0.000
704.147;  345.925;    0.000;    0.000
704.254;  352.925;    0.000;    0.000
704.360;  337.925;    0.000;    0.000
704.467;  351.925;    0.000;    0.000
704.573;  317.925;    0.000;    0.000
704.680;  362.925;    0.000;    0.000
704.786;  349.925;    0.000;    0.000
704.893;  304.925;    0.000;    0.000
704.999;  293.925;    0.000;    0.000
705.106;  356.925;    0.000;    0.000

