
Integration time [ms]:   1.000
Averaging Nr. [scans]: 1
Smoothing Nr. [pixels]: 0
Data measured with spectrometer [name]: NIR
Wave   ;Sample   ;Dark     ;Reference
[nm]   ;[counts] ;[counts] ;[counts] 

691.496;    9.875;  163.125;    0.000
691.696;   19.875;  208.125;    0.000
691.896;  -38.125;  111.125;    0.000
692.096;  -13.125;  178.125;    0.000
692.296;  -48.125;   93.125;    0.000
692.496;   -3.125;  161.125;    0.000
692.695;  -52.125;  135.125;    0.000
692.895;   -7.125;  179.125;    0.000
693.095;  -18.125;  158.125;    0.000
693.295;   15.875;  168.125;    0.000
693.495;   -7.125;  170.125;    0.000
693.695;   -2.125;  155.125;    0.000
693.894;   -1.125;  151.125;    0.000
694.094;  -25.125;  164.125;    0.000
694.294;  -18.125;  129.125;    0.000
694.494;  242.875;  170.125;    0.000
694.693; 2538.875;  137.125;    0.000
694.893; 2789.875;  163.125;    0.000
695.093; 2839.875;  121.125;    0.000
695.293; 2816.875;  144.125;    0.000
695.492; 2829.875;   88.125;    0.000
695.692; 2851.875;  148.125;    0.000
695.891; 2824.875;  125.125;    0.000
696.091; 2865.875;  184.125;    0.000
696.291; 2804.875;  153.125;    0.000
696.490; 2844.875;  131.125;    0.000
696.690; 2855.875;  123.125;    0.000
696.889; 2950.875;  180.125;    0.000
697.089; 2942.875;  147.125;    0.000
697.288; 2932.875;  164.125;    0.000
697.488; 2954.875;  133.125;    0.000
697.687; 2871.875;  153.125;    0.000
697.887; 2911.875;  119.125;    0.000
698.086; 2951.875;  143.125;    0.000
698.286; 2898.875;  125.125;    0.000
698.485; 2941.875;  120.125;    0.000
698.684; 2951.875;  116.125;    0.000
698.884; 2991.875;  131.125;    0.000
699.083; 2915.875;  115.125;    0.000
699.282; 2995.875;  144.125;    0.000
699.482; 2866.875;  109.125;    0.000
699.681; 3077.875;  115.125;    0.000
699.880; 2947.875;  125.125;    0.000
700.080; 3003.875;  139.125;    0.000
700.279; 2951.875;  111.125;    0.000
700.478; 2939.875;  146.125;    0.000
700.677; 2896.875;  131.125;    0.000
700.877; 2999.875;  156.125;    0.000
701.076; 3013.875;  153.125;    0.000
701.275; 2937.875;  123.125;    0.000
701.474; 3029.875;  150.125;    0.000
701.673; 2932.875;   97.125;    0.000
701.872; 2999.875;  139.125;    0.000
702.071; 2990.875;  108.125;    0.000
702.271; 2960.875;  125.125;    0.000
702.470; 3006.875;  108.125;    0.000
702.669; 3046.875;  102.125;    0.000
702.868; 3069.875;  153.125;    0.000
703.067; 2939.875;  145.125;    0.000
703.266; 3002.875;   96.125;    0.000
703.465; 3017.875;  165.125;    0.000
703.664; 3015.875;  106.125;    0.000
703.863; 3046.875;  144.125;    0.000
704.062; 3005.875;   86.125;    0.000
704.260; 3031.875;   99.125;    0.000
704.459; 3110.875;  112.125;    0.000
704.658; 3085.875;  106.125;    0.000
704.857; 2967.875;  129.125;    0.000
705.056; 2980.875;   98.125;    0.000
705.255; 2971.875;   97.125;    0.000
705.454; 3101.875;  101.125;    0.000
705.652; 3050.875;  142.125;    0.000
705.851; 3069.875;  100.125;    0.000
706.050; 3066.875;  162.125;    0.000
706.249; 3069.875;  146.125;    0.000
706.447; 3036.875;  120.125;    0.000
706.646; 3127.875;  114.125;    0.000
706.845; 3154.875;  117.125;    0.000
707.043; 3119.875;  136.125;    0.000
707.242; 3098.875;   90.125;    0.000
707.441; 3050.875;  131.125;    0.000
707.639; 3099.875;  120.125;    0.000
707.838; 3091.875;  122.125;    0.000
708.037; 3203.875;  109.125;    0.000
708.235; 3163.875;  122.125;    0.000
708.434; 3103.875;  109.125;    0.000
708.632; 3167.875;   47.125;    0.000
708.831; 3147.875;  122.125;    0.000
709.029; 3171.875;  130.125;    0.000
709.228; 3095.875;  112.125;    0.000
709.426; 3197.875;  128.125;    0.000
709.625; 3241.875;  129.125;    0.000
709.823; 3197.875;  130.125;    0.000
710.022; 3201.875;   90.125;    0.000
710.220; 3205.875;  131.125;    0.000
710.418; 3304.875;  133.125;    0.000
710.617; 3176.875;   82.125;    0.000
710.815; 3290.875;   90.125;    0.000
711.013; 3178.875;   86.125;    0.000
711.212; 3216.875;  117.125;    0.000
711.410; 3184.875;  106.125;    0.000
711.608; 3266.875;  138.125;    0.000
711.807; 3195.875;  116.125;    0.000
712.005; 3247.875;   82.125;    0.000
712.203; 3226.875;   90.125;    0.000
712.401; 3246.875;  124.125;    0.000
712.599; 3327.875;   64.125;    0.000
712.798; 3275.875;  113.125;    0.000
712.996; 3259.875;  100.125;    0.000
713.194; 3279.875;  130.125;    0.000
713.392; 3303.875;   89.125;    0.000
713.590; 3339.875;  105.125;    0.000
713.788; 3369.875;  100.125;    0.000
713.986; 3409.875;  117.125;    0.000
714.184; 3345.875;   72.125;    0.000
714.382; 3423.875;   88.125;    0.000
714.580; 3451.875;   88.125;    0.000
714.778; 3414.875;  129.125;    0.000
714.976; 3570.875;   90.125;    0.000
715.174; 3592.875;  119.125;    0.000
715.372; 3765.875;  117.125;    0.000
715.570; 3855.875;  101.125;    0.000
715.768; 4213.875;  122.125;    0.000
715.966; 3999.875;  114.125;    0.000
716.164; 3908.875;  135.125;    0.000
716.362; 3896.875;  126.125;    0.000
716.560; 3879.875;  126.125;    0.000
716.758; 3818.875;   98.125;    0.000
716.955; 3787.875;   76.125;    0.000
717.153; 3634.875;   45.125;    0.000
717.351; 3634.875;  106.125;    0.000
717.549; 3651.875;  108.125;    0.000
717.746; 3739.875;   66.125;    0.000
717.944; 3671.875;  127.125;    0.000
718.142; 3585.875;  148.125;    0.000
718.340; 3561.875;   94.125;    0.000
718.537; 3653.875;  107.125;    0.000
718.735; 3661.875;  130.125;    0.000
718.933; 3641.875;  111.125;    0.000
719.130; 3604.875;  107.125;    0.000
719.328; 3598.875;  128.125;    0.000
719.525; 3624.875;  141.125;    0.000
719.723; 3644.875;  122.125;    0.000
719.920; 3618.875;   85.125;    0.000
720.118; 3594.875;  115.125;    0.000
720.316; 3609.875;  153.125;    0.000
720.513; 3600.875;  120.125;    0.000
720.711; 3614.875;  134.125;    0.000
720.908; 3631.875;  126.125;    0.000
721.105; 3677.875;  119.125;    0.000
721.303; 3644.875;  112.125;    0.000
721.500; 3698.875;  125.125;    0.000
721.698; 3691.875;   94.125;    0.000
721.895; 3611.875;  118.125;    0.000
722.092; 3618.875;   77.125;    0.000
722.290; 3582.875;  135.125;    0.000
722.487; 3561.875;  154.125;    0.000
722.684; 3649.875;  122.125;    0.000
722.882; 3601.875;   90.125;    0.000
723.079; 3599.875;  132.125;    0.000
723.276; 3655.875;   95.125;    0.000
723.473; 3670.875;  106.125;    0.000
723.671; 3624.875;   80.125;    0.000
723.868; 3658.875;  112.125;    0.000
724.065; 3707.875;  107.125;    0.000
724.262; 3731.875;  119.125;    0.000
724.459; 3569.875;   80.125;    0.000
724.656; 3734.875;  109.125;    0.000
724.854; 3681.875;  107.125;    0.000
725.051; 3711.875;  103.125;    0.000
725.248; 3661.875;  101.125;    0.000
725.445; 3726.875;   93.125;    0.000
725.642; 3637.875;   92.125;    0.000
725.839; 3774.875;  157.125;    0.000
726.036; 3753.875;   71.125;    0.000
726.233; 3724.875;   80.125;    0.000
726.430; 3679.875;  146.125;    0.000
726.627; 3694.875;  103.125;    0.000
726.824; 3609.875;   46.125;    0.000
727.021; 3808.875;  149.125;    0.000
727.218; 3688.875;   87.125;    0.000
727.414; 3677.875;  112.125;    0.000
727.611; 3769.875;  111.125;    0.000
727.808; 3752.875;  122.125;    0.000
728.005; 3816.875;   58.125;    0.000
728.202; 3866.875;  129.125;    0.000
728.399; 3658.875;  111.125;    0.000
728.595; 3788.875;   93.125;    0.000
728.792; 3724.875;   78.125;    0.000
728.989; 3810.875;  104.125;    0.000
729.186; 3773.875;  110.125;    0.000
729.382; 3781.875;   93.125;    0.000
729.579; 3752.875;  102.125;    0.000
729.776; 3672.875;  112.125;    0.000
729.972; 3753.875;  101.125;    0.000
730.169; 3828.875;  150.125;    0.000
730.366; 3868.875;   92.125;    0.000
730.562; 3870.875;   74.125;    0.000
730.759; 3786.875;   97.125;    0.000
730.955; 3852.875;   86.125;    0.000
731.152; 3802.875;   88.125;    0.000
731.348; 3784.875;  117.125;    0.000
731.545; 3733.875;   62.125;    0.000
731.741; 3771.875;   84.125;    0.000
731.938; 3790.875;  108.125;    0.000
732.134; 3867.875;  115.125;    0.000
732.331; 3734.875;   88.125;    0.000
732.527; 3816.875;   96.125;    0.000
732.724; 3753.875;  103.125;    0.000
732.920; 3799.875;   93.125;    0.000
733.116; 3697.875;  109.125;    0.000
733.313; 3919.875;   77.125;    0.000
733.509; 3738.875;   81.125;    0.000
733.705; 3822.875;  141.125;    0.000
733.902; 3869.875;   88.125;    0.000
734.098; 3814.875;   56.125;    0.000
734.294; 3827.875;  122.125;    0.000
734.490; 4007.875;  102.125;    0.000
734.687; 3835.875;   70.125;    0.000
734.883; 3912.875;   73.125;    0.000
735.079; 3853.875;   65.125;    0.000
735.275; 3895.875;  112.125;    0.000
735.471; 3835.875;  124.125;    0.000
735.667; 3929.875;   94.125;    0.000
735.863; 3854.875;  106.125;    0.000
736.060; 3898.875;  106.125;    0.000
736.256; 3889.875;   95.125;    0.000
736.452; 3865.875;  103.125;    0.000
736.648; 3894.875;  106.125;    0.000
736.844; 3889.875;   98.125;    0.000
737.040; 3873.875;  118.125;    0.000
737.236; 4022.875;   95.125;    0.000
737.432; 3938.875;   59.125;    0.000
737.628; 4033.875;  120.125;    0.000
737.824; 3938.875;   78.125;    0.000
738.019; 4052.875;   98.125;    0.000
738.215; 4121.875;  127.125;    0.000
738.411; 4039.875;  111.125;    0.000
738.607; 3990.875;   69.125;    0.000
738.803; 3981.875;   40.125;    0.000
738.999; 3962.875;  128.125;    0.000
739.195; 4052.875;   81.125;    0.000
739.390; 4097.875;   97.125;    0.000
739.586; 4127.875;  100.125;    0.000
739.782; 4088.875;  135.125;    0.000
739.978; 4147.875;  121.125;    0.000
740.173; 4126.875;   92.125;    0.000
740.369; 4198.875;   92.125;    0.000
740.565; 4103.875;  119.125;    0.000
740.760; 4272.875;  139.125;    0.000
740.956; 4211.875;  134.125;    0.000
741.152; 4311.875;  107.125;    0.000
741.347; 4195.875;   63.125;    0.000
741.543; 4279.875;   99.125;    0.000
741.738; 4360.875;  119.125;    0.000
741.934; 4603.875;  156.125;    0.000
742.129; 4783.875;   87.125;    0.000
742.325; 5385.875;  143.125;    0.000
742.520; 5827.875;  109.125;    0.000
742.716; 5410.875;  135.125;    0.000
742.911; 5257.875;   77.125;    0.000
743.107; 5203.875;  117.125;    0.000
743.302; 5058.875;   93.125;    0.000
743.498; 5165.875;  118.125;    0.000
743.693; 5039.875;   95.125;    0.000
743.888; 5486.875;  122.125;    0.000
744.084; 6311.875;  104.125;    0.000
744.279; 7661.875;   94.125;    0.000
744.474; 7690.875;  138.125;    0.000
744.670; 6801.875;  113.125;    0.000
744.865; 6315.875;  116.125;    0.000
745.060; 5801.875;   89.125;    0.000
745.255; 5790.875;  144.125;    0.000
745.451; 5599.875;   98.125;    0.000
745.646; 5624.875;  110.125;    0.000
745.841; 5475.875;   87.125;    0.000
746.036; 5608.875;   98.125;    0.000
746.231; 5755.875;  153.125;    0.000
746.426; 5975.875;   90.125;    0.000
746.622; 6902.875;  154.125;    0.000
746.817; 8979.875;  111.125;    0.000
747.012;10022.875;  110.125;    0.000
747.207; 8867.875;   76.125;    0.000
747.402; 7815.875;   94.125;    0.000
747.597; 7283.875;   68.125;    0.000
747.792; 7007.875;  125.125;    0.000
747.987; 6487.875;   92.125;    0.000
748.182; 6303.875;  113.125;    0.000
748.377; 6077.875;   72.125;    0.000
748.572; 6009.875;  135.125;    0.000
748.767; 5755.875;   98.125;    0.000
748.961; 5521.875;  123.125;    0.000
749.156; 5317.875;   96.125;    0.000
749.351; 5308.875;  121.125;    0.000
749.546; 5244.875;   95.125;    0.000
749.741; 5063.875;  144.125;    0.000
749.936; 5018.875;  105.125;    0.000
750.130; 4954.875;  101.125;    0.000
750.325; 4888.875;  126.125;    0.000
750.520; 4884.875;  113.125;    0.000
750.715; 4875.875;  135.125;    0.000
750.909; 4853.875;  138.125;    0.000
751.104; 4691.875;   96.125;    0.000
751.299; 4618.875;  118.125;    0.000
751.493; 4586.875;  124.125;    0.000
751.688; 4663.875;  131.125;    0.000
751.882; 4718.875;   96.125;    0.000
752.077; 4659.875;  123.125;    0.000
752.272; 4591.875;  112.125;    0.000
752.466; 4631.875;  143.125;    0.000
752.661; 4541.875;  107.125;    0.000
752.855; 4429.875;   97.125;    0.000
753.050; 4363.875;  125.125;    0.000
753.244; 4527.875;  161.125;    0.000
753.439; 4331.875;  101.125;    0.000
753.633; 4404.875;  129.125;    0.000
753.828; 4470.875;  114.125;    0.000
754.022; 4401.875;  118.125;    0.000
754.216; 4457.875;  126.125;    0.000
754.411; 4253.875;  148.125;    0.000
754.605; 4468.875;  100.125;    0.000
754.799; 4417.875;  146.125;    0.000
754.994; 4314.875;  116.125;    0.000
755.188; 4354.875;  146.125;    0.000
755.382; 4348.875;  103.125;    0.000
755.576; 4410.875;  119.125;    0.000
755.771; 4280.875;  100.125;    0.000
755.965; 4351.875;  129.125;    0.000
756.159; 4311.875;  100.125;    0.000
756.353; 4286.875;  153.125;    0.000
756.547; 4347.875;  113.125;    0.000
756.742; 4310.875;  129.125;    0.000
756.936; 4289.875;   70.125;    0.000
757.130; 4241.875;   91.125;    0.000
757.324; 4363.875;   92.125;    0.000
757.518; 4393.875;  128.125;    0.000
757.712; 4281.875;  146.125;    0.000
757.906; 4260.875;  114.125;    0.000
758.100; 4438.875;  153.125;    0.000
758.294; 4501.875;  133.125;    0.000
758.488; 4370.875;  149.125;    0.000
758.682; 4384.875;  132.125;    0.000
758.876; 4218.875;  128.125;    0.000
759.070; 4263.875;  178.125;    0.000
759.264; 4172.875;   98.125;    0.000
759.458; 4205.875;  168.125;    0.000
759.651; 4222.875;  131.125;    0.000
759.845; 4315.875;  133.125;    0.000
760.039; 4329.875;  120.125;    0.000
760.233; 4268.875;  116.125;    0.000
760.427; 4258.875;  121.125;    0.000
760.620; 4185.875;  163.125;    0.000
760.814; 4231.875;  106.125;    0.000
761.008; 4298.875;  119.125;    0.000
761.202; 4264.875;  121.125;    0.000
761.395; 4305.875;  136.125;    0.000
761.589; 4298.875;  111.125;    0.000
761.783; 4303.875;  116.125;    0.000
761.976; 4371.875;  139.125;    0.000
762.170; 4360.875;  140.125;    0.000
762.363; 4244.875;  115.125;    0.000
762.557; 4223.875;  129.125;    0.000
762.750; 4261.875;   85.125;    0.000
762.944; 4237.875;  107.125;    0.000
763.138; 4332.875;   99.125;    0.000
763.331; 4218.875;   97.125;    0.000
763.524; 4367.875;  100.125;    0.000
763.718; 4472.875;  130.125;    0.000
763.911; 4498.875;  127.125;    0.000
764.105; 4396.875;   69.125;    0.000
764.298; 4267.875;   94.125;    0.000
764.492; 4313.875;  129.125;    0.000
764.685; 4298.875;  114.125;    0.000
764.878; 4343.875;  145.125;    0.000
765.072; 4356.875;  124.125;    0.000
765.265; 4271.875;  124.125;    0.000
765.458; 4314.875;  108.125;    0.000
765.651; 4409.875;  132.125;    0.000
765.845; 4411.875;  106.125;    0.000
766.038; 4648.875;  155.125;    0.000
766.231; 5393.875;  153.125;    0.000
766.424; 8613.875;  165.125;    0.000
766.617; 8916.875;   85.125;    0.000
766.811; 4999.875;  140.125;    0.000
767.004; 4662.875;  151.125;    0.000
767.197; 4590.875;  178.125;    0.000
767.390; 4408.875;  112.125;    0.000
767.583; 4496.875;  134.125;    0.000
767.776; 4493.875;  101.125;    0.000
767.969; 4375.875;   99.125;    0.000
768.162; 4411.875;  152.125;    0.000
768.355; 4516.875;  115.125;    0.000
768.548; 4480.875;  154.125;    0.000
768.741; 4476.875;  124.125;    0.000
768.934; 4621.875;  129.125;    0.000
769.127; 4615.875;  137.125;    0.000
769.320; 4598.875;  115.125;    0.000
769.513; 4890.875;  144.125;    0.000
769.706; 5594.875;  107.125;    0.000
769.898; 8562.875;  134.125;    0.000
770.091; 6491.875;  128.125;    0.000
770.284; 4889.875;   97.125;    0.000
770.477; 4771.875;  135.125;    0.000
770.670; 4785.875;  137.125;    0.000
770.862; 4811.875;  112.125;    0.000
771.055; 4685.875;  127.125;    0.000
771.248; 4880.875;  116.125;    0.000
771.441; 4889.875;  101.125;    0.000
771.633; 4868.875;  130.125;    0.000
771.826; 4841.875;  147.125;    0.000
772.018; 4940.875;  117.125;    0.000
772.211; 5096.875;  141.125;    0.000
772.404; 5120.875;  104.125;    0.000
772.596; 5122.875;  128.125;    0.000
772.789; 5244.875;  131.125;    0.000
772.981; 5164.875;  134.125;    0.000
773.174; 5218.875;  108.125;    0.000
773.366; 5260.875;  153.125;    0.000
773.559; 5321.875;  137.125;    0.000
773.751; 5412.875;  119.125;    0.000
773.944; 5578.875;  148.125;    0.000
774.136; 5563.875;  155.125;    0.000
774.329; 5798.875;  126.125;    0.000
774.521; 5976.875;  116.125;    0.000
774.713; 6074.875;  119.125;    0.000
774.906; 6177.875;  179.125;    0.000
775.098; 6409.875;  127.125;    0.000
775.290; 6673.875;  146.125;    0.000
775.483; 7130.875;  123.125;    0.000
775.675; 7457.875;  119.125;    0.000
775.867; 7722.875;  119.125;    0.000
776.059; 8398.875;  137.125;    0.000
776.251; 9302.875;  154.125;    0.000
776.444;10743.875;  101.125;    0.000
776.636;12342.875;  153.125;    0.000
776.828;15405.875;  127.125;    0.000
777.020;22047.875;  140.125;    0.000
777.212;34235.875;  160.125;    0.000
777.404;38479.875;  170.125;    0.000
777.596;34919.875;  136.125;    0.000
777.788;25398.875;  137.125;    0.000
777.980;18953.875;  129.125;    0.000
778.172;15457.875;  139.125;    0.000
778.364;13229.875;  124.125;    0.000
778.556;11521.875;  163.125;    0.000
778.748;10361.875;  142.125;    0.000
778.940; 9446.875;  178.125;    0.000
779.132; 8680.875;  159.125;    0.000
779.324; 8094.875;  109.125;    0.000
779.516; 7536.875;  143.125;    0.000
779.708; 7268.875;  158.125;    0.000
779.900; 6887.875;  142.125;    0.000
780.091; 6584.875;  131.125;    0.000
780.283; 6311.875;  176.125;    0.000
780.475; 6112.875;  151.125;    0.000
780.667; 5986.875;  120.125;    0.000
780.859; 5815.875;  134.125;    0.000
781.050; 5644.875;  183.125;    0.000
781.242; 5643.875;   95.125;    0.000
781.434; 5442.875;  127.125;    0.000
781.625; 5369.875;  163.125;    0.000
781.817; 5259.875;  170.125;    0.000
782.008; 5226.875;  123.125;    0.000
782.200; 5145.875;  141.125;    0.000
782.392; 5105.875;  149.125;    0.000
782.583; 4908.875;  155.125;    0.000
782.775; 4883.875;  140.125;    0.000
782.966; 4879.875;  167.125;    0.000
783.158; 4800.875;  164.125;    0.000
783.349; 4786.875;  174.125;    0.000
783.541; 4720.875;  141.125;    0.000
783.732; 4733.875;  115.125;    0.000
783.924; 4715.875;  135.125;    0.000
784.115; 4670.875;  157.125;    0.000
784.306; 4563.875;  102.125;    0.000
784.498; 4580.875;  124.125;    0.000
784.689; 4504.875;  171.125;    0.000
784.880; 4557.875;  165.125;    0.000
785.072; 4495.875;  152.125;    0.000
785.263; 4471.875;  146.125;    0.000
785.454; 4470.875;  145.125;    0.000
785.645; 4486.875;  127.125;    0.000
785.837; 4454.875;  138.125;    0.000
786.028; 4503.875;  151.125;    0.000
786.219; 4383.875;  142.125;    0.000
786.410; 4291.875;  140.125;    0.000
786.601; 4345.875;  137.125;    0.000
786.792; 4277.875;  158.125;    0.000
786.984; 4513.875;  139.125;    0.000
787.175; 4473.875;  140.125;    0.000
787.366; 4395.875;  145.125;    0.000
787.557; 4450.875;  156.125;    0.000
787.748; 4352.875;  148.125;    0.000
787.939; 4450.875;  157.125;    0.000
788.130; 4350.875;  179.125;    0.000
788.321; 4429.875;  142.125;    0.000
788.512; 4597.875;  167.125;    0.000
788.703; 4480.875;  145.125;    0.000
788.894; 4557.875;  132.125;    0.000
789.084; 4485.875;  113.125;    0.000
789.275; 4560.875;  134.125;    0.000
789.466; 4660.875;  151.125;    0.000
789.657; 4520.875;  138.125;    0.000
789.848; 4626.875;  145.125;    0.000
790.039; 4574.875;  130.125;    0.000
790.229; 4530.875;  140.125;    0.000
790.420; 4558.875;  135.125;    0.000
790.611; 4450.875;  156.125;    0.000
790.801; 4577.875;   64.125;    0.000
790.992; 4553.875;  150.125;    0.000
791.183; 4573.875;  177.125;    0.000
791.373; 4383.875;   91.125;    0.000
791.564; 4561.875;   85.125;    0.000
791.755; 4484.875;  125.125;    0.000
791.945; 4502.875;   94.125;    0.000
792.136; 4298.875;   98.125;    0.000
792.326; 4343.875;  105.125;    0.000
792.517; 4458.875;  136.125;    0.000
792.707; 4548.875;  140.125;    0.000
792.898; 4701.875;  164.125;    0.000
793.088; 4527.875;  116.125;    0.000
793.279; 4591.875;  112.125;    0.000
793.469; 4479.875;  105.125;    0.000
793.660; 4758.875;  161.125;    0.000
793.850; 4866.875;  133.125;    0.000
794.040; 5037.875;  121.125;    0.000
794.231; 5225.875;  115.125;    0.000
794.421; 5613.875;  152.125;    0.000
794.611; 6011.875;  132.125;    0.000
794.802; 7047.875;  144.125;    0.000
794.992; 7556.875;  142.125;    0.000
795.182; 7544.875;  179.125;    0.000
795.372; 6976.875;  167.125;    0.000
795.563; 6497.875;  149.125;    0.000
795.753; 6015.875;  117.125;    0.000
795.943; 5578.875;  146.125;    0.000
796.133; 5278.875;  119.125;    0.000
796.323; 5020.875;  141.125;    0.000
796.513; 4848.875;  134.125;    0.000
796.703; 4927.875;  116.125;    0.000
796.893; 4793.875;  120.125;    0.000
797.083; 4697.875;  131.125;    0.000
797.273; 4586.875;  118.125;    0.000
797.463; 4452.875;  130.125;    0.000
797.653; 4373.875;   87.125;    0.000
797.843; 4346.875;  123.125;    0.000
798.033; 4194.875;  115.125;    0.000
798.223; 4229.875;  142.125;    0.000
798.413; 4200.875;  148.125;    0.000
798.603; 4140.875;  147.125;    0.000
798.793; 4029.875;  107.125;    0.000
798.983; 3965.875;  121.125;    0.000
799.172; 4002.875;  120.125;    0.000
799.362; 4008.875;  145.125;    0.000
799.552; 3952.875;  101.125;    0.000
799.742; 3990.875;  149.125;    0.000
799.932; 3912.875;  104.125;    0.000
800.121; 3849.875;  175.125;    0.000
800.311; 3800.875;  132.125;    0.000
800.501; 3888.875;  118.125;    0.000
800.690; 3869.875;  162.125;    0.000
800.880; 3830.875;  141.125;    0.000
801.070; 3874.875;  151.125;    0.000
801.259; 3714.875;  167.125;    0.000
801.449; 3706.875;  108.125;    0.000
801.638; 3698.875;  176.125;    0.000
801.828; 3743.875;  118.125;    0.000
802.017; 3723.875;  179.125;    0.000
802.207; 3761.875;  127.125;    0.000
802.396; 3711.875;  167.125;    0.000
802.586; 3637.875;  129.125;    0.000
802.775; 3641.875;  142.125;    0.000
802.965; 3607.875;  147.125;    0.000
803.154; 3614.875;  179.125;    0.000
803.343; 3593.875;  117.125;    0.000
803.533; 3658.875;  120.125;    0.000
803.722; 3606.875;  122.125;    0.000
803.911; 3551.875;  155.125;    0.000
804.101; 3503.875;  147.125;    0.000
804.290; 3614.875;  160.125;    0.000
804.479; 3597.875;  139.125;    0.000
804.668; 3559.875;  180.125;    0.000
804.857; 3623.875;  131.125;    0.000
805.047; 3541.875;  119.125;    0.000
805.236; 3509.875;  139.125;    0.000
805.425; 3532.875;  163.125;    0.000
805.614; 3359.875;  103.125;    0.000
805.803; 3471.875;  133.125;    0.000
805.992; 3434.875;  147.125;    0.000
806.181; 3498.875;  109.125;    0.000
806.370; 3484.875;  133.125;    0.000
806.559; 3415.875;  119.125;    0.000
806.748; 3537.875;  144.125;    0.000
806.937; 3547.875;  147.125;    0.000
807.126; 3411.875;  134.125;    0.000
807.315; 3564.875;  132.125;    0.000
807.504; 3379.875;  141.125;    0.000
807.693; 3414.875;  145.125;    0.000
807.882; 3383.875;   91.125;    0.000
808.071; 3469.875;  116.125;    0.000
808.260; 3330.875;  105.125;    0.000
808.448; 3407.875;  184.125;    0.000
808.637; 3401.875;  146.125;    0.000
808.826; 3335.875;  153.125;    0.000
809.015; 3346.875;  113.125;    0.000
809.203; 3459.875;  166.125;    0.000
809.392; 3397.875;  117.125;    0.000
809.581; 3468.875;  186.125;    0.000
809.770; 3417.875;  122.125;    0.000
809.958; 3345.875;  140.125;    0.000
810.147; 3361.875;  130.125;    0.000
810.335; 3390.875;  112.125;    0.000
810.524; 3344.875;  106.125;    0.000
810.713; 3466.875;  154.125;    0.000
810.901; 3456.875;  131.125;    0.000
811.090; 3500.875;  164.125;    0.000
811.278; 3375.875;  159.125;    0.000
811.467; 3538.875;  194.125;    0.000
811.655; 3595.875;  164.125;    0.000
811.844; 3490.875;  149.125;    0.000
812.032; 3352.875;  169.125;    0.000
812.220; 3533.875;  163.125;    0.000
812.409; 3527.875;  134.125;    0.000
812.597; 3559.875;  165.125;    0.000
812.785; 3527.875;  180.125;    0.000
812.974; 3478.875;  166.125;    0.000
813.162; 3554.875;  171.125;    0.000
813.350; 3405.875;  142.125;    0.000
813.539; 3433.875;  126.125;    0.000
813.727; 3501.875;  153.125;    0.000
813.915; 3381.875;  138.125;    0.000
814.103; 3471.875;  191.125;    0.000
814.291; 3402.875;  142.125;    0.000
814.479; 3560.875;  156.125;    0.000
814.668; 3370.875;  152.125;    0.000
814.856; 3532.875;  150.125;    0.000
815.044; 3525.875;  165.125;    0.000
815.232; 3615.875;  172.125;    0.000
815.420; 3606.875;  147.125;    0.000
815.608; 3637.875;  143.125;    0.000
815.796; 3496.875;  126.125;    0.000
815.984; 3674.875;  152.125;    0.000
816.172; 3657.875;  129.125;    0.000
816.360; 3705.875;  177.125;    0.000
816.548; 3730.875;  141.125;    0.000
816.736; 3716.875;  142.125;    0.000
816.924; 3837.875;  161.125;    0.000
817.111; 3954.875;  138.125;    0.000
817.299; 3950.875;  112.125;    0.000
817.487; 4145.875;  180.125;    0.000
817.675; 4240.875;  138.125;    0.000
817.863; 4436.875;  172.125;    0.000
818.050; 4943.875;  142.125;    0.000
818.238; 6233.875;  151.125;    0.000
818.426; 8036.875;  129.125;    0.000
818.613; 8438.875;  124.125;    0.000
818.801; 8754.875;  209.125;    0.000
818.989; 8441.875;  178.125;    0.000
819.176; 7342.875;  155.125;    0.000
819.364; 7506.875;  174.125;    0.000
819.552; 8721.875;  131.125;    0.000
819.739; 6535.875;  184.125;    0.000
819.927; 6012.875;  132.125;    0.000
820.114; 5859.875;  173.125;    0.000
820.302; 5951.875;  140.125;    0.000
820.489; 5874.875;  133.125;    0.000
820.677; 5755.875;  167.125;    0.000
820.864; 6182.875;  161.125;    0.000
821.052; 6767.875;  134.125;    0.000
821.239; 7599.875;  149.125;    0.000
821.426; 8597.875;  160.125;    0.000
821.614;11499.875;  143.125;    0.000
821.801;12881.875;  118.125;    0.000
821.988;10925.875;  154.125;    0.000
822.176;10361.875;  112.125;    0.000
822.363;10946.875;  131.125;    0.000
822.550; 9715.875;  131.125;    0.000
822.737; 8638.875;  104.125;    0.000
822.924; 7868.875;  160.125;    0.000
823.112; 7602.875;  161.125;    0.000
823.299; 7055.875;  169.125;    0.000
823.486; 6771.875;  129.125;    0.000
823.673; 6363.875;  135.125;    0.000
823.860; 6142.875;  169.125;    0.000
824.047; 6341.875;  124.125;    0.000
824.234; 7185.875;  160.125;    0.000
824.421; 7459.875;  114.125;    0.000
824.608; 6561.875;  191.125;    0.000
824.795; 5951.875;  160.125;    0.000
824.982; 5450.875;  139.125;    0.000
825.169; 5082.875;  121.125;    0.000
825.356; 4835.875;  148.125;    0.000
825.543; 4612.875;  167.125;    0.000
825.730; 4355.875;  103.125;    0.000
825.917; 4261.875;  113.125;    0.000
826.104; 4175.875;  188.125;    0.000
826.290; 4065.875;  193.125;    0.000
826.477; 3956.875;  175.125;    0.000
826.664; 3813.875;  151.125;    0.000
826.851; 3760.875;  122.125;    0.000
827.038; 3605.875;  121.125;    0.000
827.224; 3686.875;  124.125;    0.000
827.411; 3654.875;  155.125;    0.000
827.598; 3568.875;  127.125;    0.000
827.784; 3466.875;  140.125;    0.000
827.971; 3510.875;  114.125;    0.000
828.157; 3449.875;  135.125;    0.000
828.344; 3281.875;  173.125;    0.000
828.531; 3294.875;  113.125;    0.000
828.717; 3215.875;  137.125;    0.000
828.904; 3289.875;  158.125;    0.000
829.090; 3222.875;  199.125;    0.000
829.277; 3236.875;  156.125;    0.000
829.463; 3123.875;  154.125;    0.000
829.650; 3177.875;  174.125;    0.000
829.836; 3078.875;  136.125;    0.000
830.022; 3213.875;  143.125;    0.000
830.209; 3104.875;  157.125;    0.000
830.395; 3041.875;  156.125;    0.000
830.581; 3070.875;  148.125;    0.000
830.768; 2941.875;  169.125;    0.000
830.954; 3026.875;  169.125;    0.000
831.140; 2942.875;  124.125;    0.000
831.327; 2944.875;  157.125;    0.000
831.513; 2917.875;  163.125;    0.000
831.699; 2978.875;  176.125;    0.000
831.885; 2939.875;  154.125;    0.000
832.071; 2963.875;  159.125;    0.000
832.257; 2906.875;  142.125;    0.000
832.444; 2912.875;  159.125;    0.000
832.630; 2819.875;  129.125;    0.000
832.816; 2893.875;  132.125;    0.000
833.002; 2859.875;  125.125;    0.000
833.188; 2871.875;  144.125;    0.000
833.374; 2820.875;  131.125;    0.000
833.560; 2809.875;  154.125;    0.000
833.746; 2744.875;  171.125;    0.000
833.932; 2753.875;  162.125;    0.000
834.118; 2697.875;  131.125;    0.000
834.303; 2766.875;  113.125;    0.000
834.489; 2772.875;  170.125;    0.000
834.675; 2804.875;  177.125;    0.000
834.861; 2698.875;  154.125;    0.000
835.047; 2796.875;  171.125;    0.000
835.233; 2703.875;   98.125;    0.000
835.418; 2706.875;  138.125;    0.000
835.604; 2748.875;  140.125;    0.000
835.790; 2771.875;  130.125;    0.000
835.976; 2800.875;  129.125;    0.000
836.161; 2789.875;  142.125;    0.000
836.347; 2699.875;  128.125;    0.000
836.533; 2736.875;  143.125;    0.000
836.718; 2739.875;  164.125;    0.000
836.904; 2748.875;  172.125;    0.000
837.089; 2700.875;  152.125;    0.000
837.275; 2671.875;  143.125;    0.000
837.460; 2714.875;  125.125;    0.000
837.646; 2673.875;  137.125;    0.000
837.831; 2748.875;  153.125;    0.000
838.017; 2734.875;  171.125;    0.000
838.202; 2651.875;  111.125;    0.000
838.388; 2733.875;  140.125;    0.000
838.573; 2682.875;  158.125;    0.000
838.759; 2738.875;  188.125;    0.000
838.944; 2743.875;  125.125;    0.000
839.129; 2715.875;  123.125;    0.000
839.315; 2708.875;  181.125;    0.000
839.500; 2735.875;  150.125;    0.000
839.685; 2707.875;  109.125;    0.000
839.870; 2835.875;  202.125;    0.000
840.056; 2717.875;  101.125;    0.000
840.241; 2718.875;  184.125;    0.000
840.426; 2759.875;  192.125;    0.000
840.611; 2775.875;  180.125;    0.000
840.796; 2813.875;  156.125;    0.000
840.981; 2876.875;  142.125;    0.000
841.166; 2879.875;  161.125;    0.000
841.352; 2875.875;  185.125;    0.000
841.537; 2837.875;  139.125;    0.000
841.722; 3054.875;  143.125;    0.000
841.907; 2940.875;  140.125;    0.000
842.092; 2963.875;  176.125;    0.000
842.277; 2977.875;  136.125;    0.000
842.461; 3198.875;  155.125;    0.000
842.646; 3131.875;  163.125;    0.000
842.831; 3270.875;  153.125;    0.000
843.016; 3293.875;  187.125;    0.000
843.201; 3390.875;  179.125;    0.000
843.386; 3545.875;  167.125;    0.000
843.571; 3663.875;  129.125;    0.000
843.755; 3855.875;  136.125;    0.000
843.940; 4132.875;  121.125;    0.000
844.125; 4717.875;  157.125;    0.000
844.310; 5550.875;  175.125;    0.000
844.494; 7487.875;  164.125;    0.000
844.679;10777.875;  167.125;    0.000
844.864;10380.875;  166.125;    0.000
845.048; 8048.875;  132.125;    0.000
845.233; 6539.875;  175.125;    0.000
845.418; 5753.875;  159.125;    0.000
845.602; 5174.875;  147.125;    0.000
845.787; 4750.875;  132.125;    0.000
845.971; 4280.875;  187.125;    0.000
846.156; 4073.875;  141.125;    0.000
846.340; 3908.875;  153.125;    0.000
846.525; 3725.875;  157.125;    0.000
846.709; 3567.875;  117.125;    0.000
846.893; 3520.875;  147.125;    0.000
847.078; 3264.875;  170.125;    0.000
847.262; 3214.875;  150.125;    0.000
847.447; 3048.875;  132.125;    0.000
847.631; 3101.875;  144.125;    0.000
847.815; 2986.875;  157.125;    0.000
848.000; 2918.875;  164.125;    0.000
848.184; 2889.875;  174.125;    0.000
848.368; 2930.875;  149.125;    0.000
848.552; 2832.875;  143.125;    0.000
848.736; 2747.875;  132.125;    0.000
848.921; 2697.875;  147.125;    0.000
849.105; 2700.875;  150.125;    0.000
849.289; 2709.875;  146.125;    0.000
849.473; 2694.875;  167.125;    0.000
849.657; 2609.875;  149.125;    0.000
849.841; 2618.875;  181.125;    0.000
850.025; 2678.875;  154.125;    0.000
850.209; 2576.875;  152.125;    0.000
850.393; 2577.875;  139.125;    0.000
850.577; 2550.875;  128.125;    0.000
850.761; 2581.875;  194.125;    0.000
850.945; 2571.875;  152.125;    0.000
851.129; 2542.875;  157.125;    0.000
851.313; 2510.875;  181.125;    0.000
851.497; 2483.875;  145.125;    0.000
851.680; 2514.875;  168.125;    0.000
851.864; 2371.875;  185.125;    0.000
852.048; 2469.875;  170.125;    0.000
852.232; 2495.875;  192.125;    0.000
852.416; 2539.875;  182.125;    0.000
852.599; 2461.875;  169.125;    0.000
852.783; 2457.875;  168.125;    0.000
852.967; 2528.875;  184.125;    0.000
853.150; 2459.875;  163.125;    0.000
853.334; 2397.875;  164.125;    0.000
853.518; 2500.875;  190.125;    0.000
853.701; 2434.875;  137.125;    0.000
853.885; 2460.875;  177.125;    0.000
854.068; 2435.875;  163.125;    0.000
854.252; 2418.875;  139.125;    0.000
854.435; 2452.875;  152.125;    0.000
854.619; 2439.875;  148.125;    0.000
854.802; 2442.875;  168.125;    0.000
854.986; 2421.875;  157.125;    0.000
855.169; 2427.875;  147.125;    0.000
855.353; 2444.875;  173.125;    0.000
855.536; 2423.875;  127.125;    0.000
855.719; 2415.875;  191.125;    0.000
855.903; 2466.875;  186.125;    0.000
856.086; 2413.875;  145.125;    0.000
856.269; 2470.875;  130.125;    0.000
856.452; 2607.875;  153.125;    0.000
856.636; 2707.875;  129.125;    0.000
856.819; 2913.875;  134.125;    0.000
857.002; 2952.875;  152.125;    0.000
857.185; 2753.875;  140.125;    0.000
857.368; 2671.875;  170.125;    0.000
857.552; 2691.875;  132.125;    0.000
857.735; 2666.875;  160.125;    0.000
857.918; 2622.875;  139.125;    0.000
858.101; 2616.875;  159.125;    0.000
858.284; 2627.875;  136.125;    0.000
858.467; 2591.875;  147.125;    0.000
858.650; 2767.875;  153.125;    0.000
858.833; 2647.875;  113.125;    0.000
859.016; 2742.875;  167.125;    0.000
859.199; 2899.875;  141.125;    0.000
859.382; 3105.875;  155.125;    0.000
859.564; 3465.875;  136.125;    0.000
859.747; 3367.875;  142.125;    0.000
859.930; 3225.875;  141.125;    0.000
860.113; 3085.875;  156.125;    0.000
860.296; 3058.875;  167.125;    0.000
860.478; 2938.875;  121.125;    0.000
860.661; 2925.875;  230.125;    0.000
860.844; 2880.875;  186.125;    0.000
861.027; 2876.875;  155.125;    0.000
861.209; 2869.875;  151.125;    0.000
861.392; 2905.875;  162.125;    0.000
861.575; 2764.875;  150.125;    0.000
861.757; 2936.875;  162.125;    0.000
861.940; 2962.875;  207.125;    0.000
862.122; 2892.875;  113.125;    0.000
862.305; 3030.875;  114.125;    0.000
862.487; 3238.875;  162.125;    0.000
862.670; 3464.875;  148.125;    0.000
862.852; 4095.875;  131.125;    0.000
863.035; 4974.875;  174.125;    0.000
863.217; 4827.875;  170.125;    0.000
863.400; 4345.875;  148.125;    0.000
863.582; 4056.875;  129.125;    0.000
863.764; 3827.875;  181.125;    0.000
863.947; 3571.875;  152.125;    0.000
864.129; 3495.875;  178.125;    0.000
864.311; 3462.875;  139.125;    0.000
864.493; 3376.875;  166.125;    0.000
864.676; 3455.875;  148.125;    0.000
864.858; 3193.875;  123.125;    0.000
865.040; 3329.875;  180.125;    0.000
865.222; 3323.875;  131.125;    0.000
865.404; 3302.875;  146.125;    0.000
865.587; 3603.875;  175.125;    0.000
865.769; 3746.875;  183.125;    0.000
865.951; 3636.875;  171.125;    0.000
866.133; 3799.875;  165.125;    0.000
866.315; 3637.875;  138.125;    0.000
866.497; 3663.875;  139.125;    0.000
866.679; 3787.875;  167.125;    0.000
866.861; 3910.875;  151.125;    0.000
867.043; 4231.875;  190.125;    0.000
867.225; 4388.875;  140.125;    0.000
867.407; 4757.875;  125.125;    0.000
867.589; 5377.875;  141.125;    0.000
867.770; 6539.875;  149.125;    0.000
867.952; 9209.875;  138.125;    0.000
868.134;12300.875;  153.125;    0.000
868.316;11998.875;  148.125;    0.000
868.498;11396.875;  180.125;    0.000
868.679; 9847.875;  152.125;    0.000
868.861; 8308.875;  174.125;    0.000
869.043; 6910.875;  152.125;    0.000
869.224; 6051.875;  177.125;    0.000
869.406; 5596.875;  171.125;    0.000
869.588; 5141.875;  177.125;    0.000
869.769; 4954.875;  174.125;    0.000
869.951; 4725.875;  167.125;    0.000
870.132; 4799.875;  144.125;    0.000
870.314; 5368.875;  143.125;    0.000
870.495; 5476.875;  162.125;    0.000
870.677; 4999.875;  136.125;    0.000
870.858; 4888.875;  155.125;    0.000
871.040; 5107.875;  179.125;    0.000
871.221; 5616.875;  177.125;    0.000
871.403; 5420.875;  180.125;    0.000
871.584; 4933.875;  157.125;    0.000
871.765; 5092.875;  183.125;    0.000
871.947; 5411.875;  169.125;    0.000
872.128; 4862.875;  162.125;    0.000
872.309; 4258.875;  159.125;    0.000
872.491; 3830.875;  148.125;    0.000
872.672; 3680.875;  163.125;    0.000
872.853; 3701.875;  152.125;    0.000
873.034; 3473.875;  166.125;    0.000
873.215; 3335.875;  155.125;    0.000
873.396; 3143.875;  147.125;    0.000
873.578; 2992.875;  147.125;    0.000
873.759; 2970.875;  153.125;    0.000
873.940; 2958.875;  194.125;    0.000
874.121; 2709.875;  179.125;    0.000
874.302; 2737.875;  155.125;    0.000
874.483; 2722.875;  131.125;    0.000
874.664; 2723.875;  106.125;    0.000
874.845; 2671.875;  122.125;    0.000
875.026; 2632.875;  127.125;    0.000
875.207; 2532.875;  151.125;    0.000
875.388; 2619.875;  149.125;    0.000
875.568; 2409.875;  164.125;    0.000
875.749; 2375.875;  176.125;    0.000
875.930; 2480.875;  207.125;    0.000
876.111; 2356.875;  177.125;    0.000
876.292; 2369.875;  178.125;    0.000
876.472; 2398.875;  163.125;    0.000
876.653; 2289.875;  159.125;    0.000
876.834; 2304.875;  177.125;    0.000
877.015; 2328.875;  212.125;    0.000
877.195; 2232.875;  166.125;    0.000
877.376; 2285.875;  157.125;    0.000
877.556; 2266.875;  175.125;    0.000
877.737; 2270.875;  220.125;    0.000
877.918; 2218.875;  163.125;    0.000
878.098; 2230.875;  166.125;    0.000
878.279; 2200.875;  136.125;    0.000
878.459; 2147.875;  167.125;    0.000
878.640; 2173.875;  167.125;    0.000
878.820; 2181.875;  155.125;    0.000
879.000; 2161.875;  158.125;    0.000
879.181; 2216.875;  155.125;    0.000
879.361; 2131.875;  181.125;    0.000
879.542; 2122.875;  181.125;    0.000
879.722; 2112.875;  117.125;    0.000
879.902; 2160.875;  180.125;    0.000
880.083; 2198.875;  139.125;    0.000
880.263; 2201.875;  168.125;    0.000
880.443; 2433.875;  206.125;    0.000
880.623; 2770.875;  132.125;    0.000
880.803; 3114.875;  149.125;    0.000
880.984; 2553.875;  189.125;    0.000
881.164; 2358.875;  171.125;    0.000
881.344; 2350.875;  150.125;    0.000
881.524; 2265.875;  185.125;    0.000
881.704; 2333.875;  152.125;    0.000
881.884; 2428.875;  188.125;    0.000
882.064; 2435.875;  155.125;    0.000
882.244; 2553.875;  182.125;    0.000
882.424; 2394.875;  154.125;    0.000
882.604; 2348.875;  175.125;    0.000
882.784; 2314.875;  137.125;    0.000
882.964; 2185.875;  135.125;    0.000
883.144; 2134.875;  142.125;    0.000
883.324; 2165.875;  192.125;    0.000
883.504; 2160.875;  193.125;    0.000
883.683; 2131.875;  208.125;    0.000
883.863; 2060.875;  127.125;    0.000
884.043; 2063.875;  140.125;    0.000
884.223; 2058.875;  167.125;    0.000
884.402; 2038.875;  156.125;    0.000
884.582; 2035.875;  185.125;    0.000
884.762; 2000.875;  187.125;    0.000
884.941; 1967.875;  201.125;    0.000
885.121; 1963.875;  157.125;    0.000
885.301; 2019.875;  173.125;    0.000
885.480; 2031.875;  158.125;    0.000
885.660; 1976.875;  153.125;    0.000
885.839; 1901.875;  144.125;    0.000
886.019; 2017.875;  184.125;    0.000
886.198; 1959.875;  132.125;    0.000
886.378; 1917.875;  124.125;    0.000
886.557; 1944.875;  146.125;    0.000
886.737; 1928.875;  157.125;    0.000
886.916; 1944.875;  203.125;    0.000
887.095; 1825.875;  151.125;    0.000
887.275; 1944.875;  143.125;    0.000
887.454; 1890.875;  140.125;    0.000
887.633; 1894.875;  196.125;    0.000
887.813; 1970.875;  161.125;    0.000
887.992; 1916.875;  183.125;    0.000
888.171; 1966.875;  153.125;    0.000
888.350; 1893.875;  185.125;    0.000
888.530; 1879.875;  163.125;    0.000
888.709; 1893.875;  174.125;    0.000
888.888; 1878.875;  179.125;    0.000
889.067; 1859.875;  178.125;    0.000
889.246; 2016.875;  184.125;    0.000
889.425; 1843.875;  169.125;    0.000
889.604; 1936.875;  210.125;    0.000
889.783; 1925.875;  183.125;    0.000
889.962; 1909.875;  116.125;    0.000
890.141; 1888.875;  179.125;    0.000
890.320; 1867.875;  182.125;    0.000
890.499; 1902.875;  188.125;    0.000
890.678; 1832.875;  167.125;    0.000
890.857; 1886.875;  141.125;    0.000
891.036; 1826.875;  179.125;    0.000
891.214; 1895.875;  156.125;    0.000
891.393; 1845.875;  209.125;    0.000
891.572; 1956.875;  181.125;    0.000
891.751; 1909.875;  172.125;    0.000
891.930; 1889.875;  169.125;    0.000
892.108; 1863.875;  131.125;    0.000
892.287; 1856.875;  162.125;    0.000
892.466; 1924.875;  178.125;    0.000
892.644; 1864.875;  161.125;    0.000
892.823; 1844.875;  180.125;    0.000
893.001; 1979.875;  179.125;    0.000
893.180; 1854.875;  152.125;    0.000
893.359; 1950.875;  184.125;    0.000
893.537; 1908.875;  178.125;    0.000
893.716; 1958.875;  169.125;    0.000
893.894; 1869.875;  159.125;    0.000
894.073; 1831.875;  179.125;    0.000
894.251; 1809.875;  167.125;    0.000
894.429; 1876.875;  142.125;    0.000
894.608; 1935.875;  166.125;    0.000
894.786; 1790.875;  153.125;    0.000
894.964; 1851.875;  181.125;    0.000
895.143; 1824.875;  161.125;    0.000
895.321; 1904.875;  198.125;    0.000
895.499; 1821.875;  184.125;    0.000
895.677; 1921.875;  178.125;    0.000
895.856; 1947.875;  226.125;    0.000
896.034; 1884.875;  180.125;    0.000
896.212; 1942.875;  200.125;    0.000
896.390; 1934.875;  161.125;    0.000
896.568; 1948.875;  204.125;    0.000
896.746; 1879.875;  136.125;    0.000
896.924; 1928.875;  171.125;    0.000
897.102; 1945.875;  203.125;    0.000
897.280; 1913.875;  142.125;    0.000
897.458; 1940.875;  159.125;    0.000
897.636; 1923.875;  163.125;    0.000
897.814; 1904.875;  137.125;    0.000
897.992; 1988.875;  199.125;    0.000
898.170; 2000.875;  176.125;    0.000
898.348; 1930.875;  195.125;    0.000
898.526; 1931.875;  199.125;    0.000
898.704; 2004.875;  260.125;    0.000
898.882; 1908.875;  185.125;    0.000
899.059; 1992.875;  169.125;    0.000
899.237; 1949.875;  197.125;    0.000
899.415; 1969.875;  207.125;    0.000
899.593; 1966.875;  169.125;    0.000
899.770; 2028.875;  182.125;    0.000
899.948; 1974.875;  198.125;    0.000
900.125; 1976.875;  200.125;    0.000
900.303; 2018.875;  165.125;    0.000
900.481; 1947.875;  182.125;    0.000
900.658; 2054.875;  206.125;    0.000
900.836; 1941.875;  188.125;    0.000
901.013; 2038.875;  169.125;    0.000
901.191; 2037.875;  172.125;    0.000
901.368; 2047.875;  170.125;    0.000
901.546; 2221.875;  234.125;    0.000
901.723; 2062.875;  173.125;    0.000
901.901; 2183.875;  190.125;    0.000
902.078; 2196.875;  145.125;    0.000
902.255; 2197.875;  204.125;    0.000
902.433; 2192.875;  198.125;    0.000
902.610; 2271.875;  190.125;    0.000
902.787; 2149.875;  204.125;    0.000
902.964; 2280.875;  208.125;    0.000
903.142; 2286.875;  187.125;    0.000
903.319; 2394.875;  216.125;    0.000
903.496; 2473.875;  186.125;    0.000
903.673; 2450.875;  201.125;    0.000
903.850; 2496.875;  195.125;    0.000
904.027; 2473.875;  211.125;    0.000
904.204; 2677.875;  197.125;    0.000
904.381; 2906.875;  198.125;    0.000
904.558; 3305.875;  188.125;    0.000
904.735; 3756.875;  207.125;    0.000
904.912; 3694.875;  217.125;    0.000
905.089; 3792.875;  188.125;    0.000
905.266; 3521.875;  160.125;    0.000
905.443; 3196.875;  221.125;    0.000
905.620; 3056.875;  163.125;    0.000
905.797; 2887.875;  186.125;    0.000
905.974; 2806.875;  205.125;    0.000
906.151; 2736.875;  159.125;    0.000
906.327; 2752.875;  206.125;    0.000
906.504; 2656.875;  201.125;    0.000
906.681; 2595.875;  202.125;    0.000
906.858; 2531.875;  188.125;    0.000
907.034; 2530.875;  207.125;    0.000
907.211; 2480.875;  182.125;    0.000
907.388; 2390.875;  184.125;    0.000
907.564; 2191.875;  148.125;    0.000
907.741; 2381.875;  181.125;    0.000
907.917; 2275.875;  191.125;    0.000
908.094; 2272.875;  210.125;    0.000
908.271; 2185.875;  171.125;    0.000
908.447; 2263.875;  241.125;    0.000
908.623; 2118.875;  188.125;    0.000
908.800; 2287.875;  205.125;    0.000
908.976; 2142.875;  210.125;    0.000
909.153; 2102.875;  193.125;    0.000
909.329; 2149.875;  206.125;    0.000
909.505; 2091.875;  181.125;    0.000
909.682; 2093.875;  192.125;    0.000
909.858; 2081.875;  134.125;    0.000
910.034; 2071.875;  214.125;    0.000
910.211; 2100.875;  182.125;    0.000
910.387; 2093.875;  194.125;    0.000
910.563; 2040.875;  199.125;    0.000
910.739; 2124.875;  188.125;    0.000
910.915; 2081.875;  192.125;    0.000
911.091; 1988.875;  198.125;    0.000
911.268; 2022.875;  178.125;    0.000
911.444; 2026.875;  201.125;    0.000
911.620; 1962.875;  181.125;    0.000
911.796; 2014.875;  185.125;    0.000
911.972; 2036.875;  176.125;    0.000
912.148; 2079.875;  196.125;    0.000
912.324; 2023.875;  192.125;    0.000
912.500; 2029.875;  204.125;    0.000
912.676; 2021.875;  164.125;    0.000
912.851; 2014.875;  193.125;    0.000
913.027; 1995.875;  175.125;    0.000
913.203; 2009.875;  193.125;    0.000
913.379; 1962.875;  213.125;    0.000
913.555; 1968.875;  211.125;    0.000
913.730; 2031.875;  194.125;    0.000
913.906; 1931.875;  153.125;    0.000
914.082; 1970.875;  212.125;    0.000
914.258; 2011.875;  194.125;    0.000
914.433; 1892.875;  191.125;    0.000
914.609; 1939.875;  208.125;    0.000
914.784; 2011.875;  176.125;    0.000
914.960; 2051.875;  227.125;    0.000
915.136; 2005.875;  152.125;    0.000
915.311; 2096.875;  171.125;    0.000
915.487; 1929.875;  173.125;    0.000
915.662; 2063.875;  189.125;    0.000
915.838; 2037.875;  179.125;    0.000
916.013; 1978.875;  191.125;    0.000
916.189; 2018.875;  207.125;    0.000
916.364; 2010.875;  194.125;    0.000
916.539; 1985.875;  174.125;    0.000
916.715; 2006.875;  207.125;    0.000
916.890; 2049.875;  193.125;    0.000
917.065; 1927.875;  199.125;    0.000
917.240; 2051.875;  214.125;    0.000
917.416; 2020.875;  194.125;    0.000
917.591; 2085.875;  213.125;    0.000
917.766; 2054.875;  194.125;    0.000
917.941; 1913.875;  201.125;    0.000
918.116; 1959.875;  198.125;    0.000
918.292; 2012.875;  176.125;    0.000
918.467; 1986.875;  190.125;    0.000
918.642; 2051.875;  200.125;    0.000
918.817; 2052.875;  186.125;    0.000
918.992; 2009.875;  174.125;    0.000
919.167; 2068.875;  197.125;    0.000
919.342; 1989.875;  188.125;    0.000
919.517; 1997.875;  179.125;    0.000
919.692; 2022.875;  182.125;    0.000
919.867; 2088.875;  216.125;    0.000
920.041; 2054.875;  208.125;    0.000
920.216; 2172.875;  223.125;    0.000
920.391; 2096.875;  203.125;    0.000
920.566; 2123.875;  202.125;    0.000
920.741; 2152.875;  197.125;    0.000
920.915; 2209.875;  223.125;    0.000
921.090; 2326.875;  183.125;    0.000
921.265; 2530.875;  169.125;    0.000
921.439; 2773.875;  212.125;    0.000
921.614; 2562.875;  190.125;    0.000
921.789; 2486.875;  177.125;    0.000
921.963; 2425.875;  233.125;    0.000
922.138; 2337.875;  156.125;    0.000
922.312; 2252.875;  193.125;    0.000
922.487; 2191.875;  208.125;    0.000
922.661; 2315.875;  212.125;    0.000
922.836; 2532.875;  210.125;    0.000
923.010; 2508.875;  183.125;    0.000
923.185; 2470.875;  228.125;    0.000
923.359; 2279.875;  227.125;    0.000
923.534; 2265.875;  189.125;    0.000
923.708; 2338.875;  210.125;    0.000
923.882; 2564.875;  217.125;    0.000
924.057; 2409.875;  195.125;    0.000
924.231; 2351.875;  201.125;    0.000
924.405; 2358.875;  188.125;    0.000
924.579; 2403.875;  188.125;    0.000
924.753; 2338.875;  174.125;    0.000
924.928; 2274.875;  179.125;    0.000
925.102; 2265.875;  186.125;    0.000
925.276; 2315.875;  201.125;    0.000
925.450; 2371.875;  211.125;    0.000
925.624; 2411.875;  238.125;    0.000
925.798; 2467.875;  191.125;    0.000
925.972; 2656.875;  192.125;    0.000
926.146; 2845.875;  198.125;    0.000
926.320; 3081.875;  151.125;    0.000
926.494; 3217.875;  202.125;    0.000
926.668; 3331.875;  197.125;    0.000
926.842; 3536.875;  177.125;    0.000
927.016; 3354.875;  202.125;    0.000
927.190; 3280.875;  207.125;    0.000
927.363; 3270.875;  180.125;    0.000
927.537; 3087.875;  212.125;    0.000
927.711; 2948.875;  148.125;    0.000
927.885; 2911.875;  196.125;    0.000
928.058; 2902.875;  173.125;    0.000
928.232; 2873.875;  219.125;    0.000
928.406; 2705.875;  141.125;    0.000
928.579; 2682.875;  157.125;    0.000
928.753; 2703.875;  205.125;    0.000
928.927; 2677.875;  196.125;    0.000
929.100; 2634.875;  237.125;    0.000
929.274; 2554.875;  166.125;    0.000
929.447; 2421.875;  150.125;    0.000
929.621; 2507.875;  188.125;    0.000
929.794; 2396.875;  169.125;    0.000
929.968; 2345.875;  194.125;    0.000
930.141; 2421.875;  226.125;    0.000
930.315; 2278.875;  196.125;    0.000
930.488; 2273.875;  233.125;    0.000
930.661; 2270.875;  188.125;    0.000
930.835; 2232.875;  170.125;    0.000
931.008; 2312.875;  176.125;    0.000
931.181; 2185.875;  175.125;    0.000
931.354; 2214.875;  212.125;    0.000
931.528; 2171.875;  177.125;    0.000
931.701; 2138.875;  218.125;    0.000
931.874; 2086.875;  175.125;    0.000
932.047; 2078.875;  157.125;    0.000
932.220; 2101.875;  187.125;    0.000
932.393; 2039.875;  166.125;    0.000
932.566; 2101.875;  168.125;    0.000
932.739; 2043.875;  203.125;    0.000
932.912; 2027.875;  202.125;    0.000
933.085; 2094.875;  209.125;    0.000
933.258; 2075.875;  196.125;    0.000
933.431; 2050.875;  207.125;    0.000
933.604; 1997.875;  201.125;    0.000
933.777; 2111.875;  202.125;    0.000
933.950; 1957.875;  184.125;    0.000
934.123; 2061.875;  167.125;    0.000
934.296; 2031.875;  209.125;    0.000
934.468; 1988.875;  216.125;    0.000
934.641; 1925.875;  156.125;    0.000
934.814; 1954.875;  215.125;    0.000
934.987; 1980.875;  201.125;    0.000
935.159; 1929.875;  176.125;    0.000
935.332; 1980.875;  203.125;    0.000
935.505; 1952.875;  163.125;    0.000
935.677; 2067.875;  169.125;    0.000
935.850; 1930.875;  178.125;    0.000
936.022; 1968.875;  187.125;    0.000
936.195; 2046.875;  207.125;    0.000
936.367; 2064.875;  191.125;    0.000
936.540; 2025.875;  214.125;    0.000
936.712; 2091.875;  202.125;    0.000
936.885; 2020.875;  195.125;    0.000
937.057; 2039.875;  173.125;    0.000
937.229; 2082.875;  179.125;    0.000
937.402; 2028.875;  174.125;    0.000
937.574; 2151.875;  140.125;    0.000
937.746; 2104.875;  153.125;    0.000
937.919; 2155.875;  196.125;    0.000
938.091; 2315.875;  173.125;    0.000
938.263; 2486.875;  206.125;    0.000
938.435; 2579.875;  213.125;    0.000
938.608; 2986.875;  204.125;    0.000
938.780; 3555.875;  199.125;    0.000
938.952; 3595.875;  190.125;    0.000
939.124; 3573.875;  182.125;    0.000
939.296; 4095.875;  188.125;    0.000
939.468; 4261.875;  119.125;    0.000
939.640; 3793.875;  171.125;    0.000
939.812; 3399.875;  222.125;    0.000
939.984; 3082.875;  172.125;    0.000
940.156; 2929.875;  171.125;    0.000
940.328; 2622.875;  215.125;    0.000
940.500; 2562.875;  179.125;    0.000
940.672; 2507.875;  178.125;    0.000
940.843; 2389.875;  193.125;    0.000
941.015; 2378.875;  207.125;    0.000
941.187; 2283.875;  179.125;    0.000
941.359; 2195.875;  191.125;    0.000
941.531; 2209.875;  160.125;    0.000
941.702; 2164.875;  208.125;    0.000
941.874; 2143.875;  143.125;    0.000
942.046; 2037.875;  189.125;    0.000
942.217; 2071.875;  167.125;    0.000
942.389; 2062.875;  199.125;    0.000
942.560; 1930.875;  179.125;    0.000
942.732; 2059.875;  209.125;    0.000
942.904; 1980.875;  180.125;    0.000
943.075; 1939.875;  197.125;    0.000
943.247; 1841.875;  207.125;    0.000
943.418; 1899.875;  183.125;    0.000
943.589; 1879.875;  176.125;    0.000
943.761; 1868.875;  165.125;    0.000
943.932; 1899.875;  170.125;    0.000
944.104; 1842.875;  147.125;    0.000
944.275; 1891.875;  149.125;    0.000
944.446; 1897.875;  191.125;    0.000
944.617; 1800.875;  128.125;    0.000
944.789; 1855.875;  166.125;    0.000
944.960; 1819.875;  195.125;    0.000
945.131; 1841.875;  164.125;    0.000
945.302; 1796.875;  229.125;    0.000
945.473; 1784.875;  153.125;    0.000
945.645; 1803.875;  166.125;    0.000
945.816; 1771.875;  187.125;    0.000
945.987; 1868.875;  193.125;    0.000
946.158; 1918.875;  166.125;    0.000
946.329; 1896.875;  196.125;    0.000
946.500; 1811.875;  152.125;    0.000
946.671; 1757.875;  161.125;    0.000
946.842; 1810.875;  176.125;    0.000
947.013; 1793.875;  188.125;    0.000
947.183; 1780.875;  213.125;    0.000
947.354; 1723.875;  163.125;    0.000
947.525; 1738.875;  204.125;    0.000
947.696; 1699.875;  159.125;    0.000
947.867; 1786.875;  197.125;    0.000
948.037; 1728.875;  174.125;    0.000
948.208; 1749.875;  163.125;    0.000
948.379; 1833.875;  189.125;    0.000
948.550; 1775.875;  173.125;    0.000
948.720; 1745.875;  186.125;    0.000
948.891; 1738.875;  166.125;    0.000
949.061; 1768.875;  197.125;    0.000
949.232; 1664.875;  168.125;    0.000
949.403; 1677.875;  188.125;    0.000
949.573; 1776.875;  164.125;    0.000
949.744; 1715.875;  194.125;    0.000
949.914; 1738.875;  154.125;    0.000
950.085; 1744.875;  197.125;    0.000
950.255; 1656.875;  187.125;    0.000
950.425; 1688.875;  193.125;    0.000
950.596; 1661.875;  182.125;    0.000
950.766; 1693.875;  202.125;    0.000
950.936; 1718.875;  230.125;    0.000
951.107; 1598.875;  133.125;    0.000
951.277; 1712.875;  234.125;    0.000
951.447; 1768.875;  200.125;    0.000
951.617; 1774.875;  212.125;    0.000
951.788; 1617.875;  176.125;    0.000
951.958; 1621.875;  218.125;    0.000
952.128; 1736.875;  198.125;    0.000
952.298; 1720.875;  185.125;    0.000
952.468; 1691.875;  231.125;    0.000
952.638; 1696.875;  213.125;    0.000
952.808; 1712.875;  218.125;    0.000
952.978; 1666.875;  252.125;    0.000
953.148; 1752.875;  200.125;    0.000
953.318; 1723.875;  243.125;    0.000
953.488; 1596.875;  140.125;    0.000
953.658; 1676.875;  208.125;    0.000
953.828; 1675.875;  179.125;    0.000
953.998; 1600.875;  211.125;    0.000
954.167; 1553.875;  197.125;    0.000
954.337; 1686.875;  217.125;    0.000
954.507; 1622.875;  219.125;    0.000
954.677; 1565.875;  201.125;    0.000
954.846; 1640.875;  241.125;    0.000
955.016; 1622.875;  222.125;    0.000
955.186; 1633.875;  200.125;    0.000
955.355; 1635.875;  247.125;    0.000
955.525; 1566.875;  212.125;    0.000
955.695; 1634.875;  200.125;    0.000
955.864; 1561.875;  196.125;    0.000
956.034; 1586.875;  195.125;    0.000
956.203; 1645.875;  243.125;    0.000
956.373; 1551.875;  197.125;    0.000
956.542; 1607.875;  237.125;    0.000
956.711; 1590.875;  249.125;    0.000
956.881; 1579.875;  235.125;    0.000
957.050; 1640.875;  259.125;    0.000
957.220; 1613.875;  234.125;    0.000
957.389; 1559.875;  250.125;    0.000
957.558; 1571.875;  214.125;    0.000
957.727; 1547.875;  225.125;    0.000
957.897; 1518.875;  211.125;    0.000
958.066; 1550.875;  200.125;    0.000
958.235; 1493.875;  202.125;    0.000
958.404; 1523.875;  242.125;    0.000
958.573; 1553.875;  222.125;    0.000
958.743; 1523.875;  191.125;    0.000
958.912; 1535.875;  183.125;    0.000
959.081; 1488.875;  212.125;    0.000
959.250; 1559.875;  192.125;    0.000
959.419; 1460.875;  238.125;    0.000
959.588; 1537.875;  205.125;    0.000
959.757; 1515.875;  213.125;    0.000
959.926; 1508.875;  217.125;    0.000
960.094; 1481.875;  215.125;    0.000
960.263; 1522.875;  220.125;    0.000
960.432; 1464.875;  164.125;    0.000
960.601; 1475.875;  228.125;    0.000
960.770; 1440.875;  176.125;    0.000
960.939; 1432.875;  201.125;    0.000
961.107; 1467.875;  183.125;    0.000
961.276; 1456.875;  199.125;    0.000
961.445; 1489.875;  205.125;    0.000
961.613; 1426.875;  183.125;    0.000
961.782; 1454.875;  216.125;    0.000
961.951; 1457.875;  169.125;    0.000
962.119; 1490.875;  211.125;    0.000
962.288; 1464.875;  204.125;    0.000
962.456; 1393.875;  187.125;    0.000
962.625; 1491.875;  223.125;    0.000
962.793; 1510.875;  200.125;    0.000
962.962; 1451.875;  185.125;    0.000
963.130; 1504.875;  195.125;    0.000
963.298; 1490.875;  187.125;    0.000
963.467; 1451.875;  247.125;    0.000
963.635; 1523.875;  165.125;    0.000
963.803; 1515.875;  192.125;    0.000
963.972; 1462.875;  191.125;    0.000
964.140; 1483.875;  163.125;    0.000
964.308; 1505.875;  161.125;    0.000
964.477; 1537.875;  182.125;    0.000
964.645; 1491.875;  195.125;    0.000
964.813; 1499.875;  165.125;    0.000
964.981; 1423.875;  193.125;    0.000
965.149; 1526.875;  174.125;    0.000
965.317; 1502.875;  194.125;    0.000
965.485; 1457.875;  209.125;    0.000
965.653; 1479.875;  210.125;    0.000
965.821; 1471.875;  194.125;    0.000
965.989; 1453.875;  182.125;    0.000
966.157; 1411.875;  180.125;    0.000
966.325; 1466.875;  198.125;    0.000
966.493; 1493.875;  182.125;    0.000
966.661; 1453.875;  200.125;    0.000
966.829; 1468.875;  190.125;    0.000
966.996; 1483.875;  221.125;    0.000
967.164; 1419.875;  176.125;    0.000
967.332; 1556.875;  228.125;    0.000
967.500; 1362.875;  177.125;    0.000
967.667; 1462.875;  202.125;    0.000
967.835; 1471.875;  220.125;    0.000
968.003; 1497.875;  183.125;    0.000
968.170; 1520.875;  163.125;    0.000
968.338; 1415.875;  162.125;    0.000
968.505; 1445.875;  198.125;    0.000
968.673; 1433.875;  213.125;    0.000
968.841; 1390.875;  131.125;    0.000
969.008; 1510.875;  225.125;    0.000
969.175; 1449.875;  202.125;    0.000
969.343; 1474.875;  222.125;    0.000
969.510; 1450.875;  230.125;    0.000
969.678; 1427.875;  161.125;    0.000
969.845; 1487.875;  208.125;    0.000
970.012; 1382.875;  186.125;    0.000
970.180; 1495.875;  226.125;    0.000
970.347; 1493.875;  222.125;    0.000
970.514; 1525.875;  206.125;    0.000
970.681; 1469.875;  173.125;    0.000
970.849; 1513.875;  190.125;    0.000
971.016; 1487.875;  220.125;    0.000
971.183; 1506.875;  202.125;    0.000
971.350; 1530.875;  196.125;    0.000
971.517; 1484.875;  218.125;    0.000
971.684; 1468.875;  228.125;    0.000
971.851; 1449.875;  235.125;    0.000
972.018; 1463.875;  200.125;    0.000
972.185; 1459.875;  183.125;    0.000
972.352; 1502.875;  216.125;    0.000
972.519; 1510.875;  227.125;    0.000
972.686; 1496.875;  209.125;    0.000
972.853; 1463.875;  157.125;    0.000
973.020; 1539.875;  179.125;    0.000
973.186; 1507.875;  173.125;    0.000
973.353; 1493.875;  189.125;    0.000
973.520; 1486.875;  228.125;    0.000
973.687; 1567.875;  190.125;    0.000
973.853; 1519.875;  197.125;    0.000
974.020; 1501.875;  208.125;    0.000
974.187; 1492.875;  158.125;    0.000
974.353; 1525.875;  201.125;    0.000
974.520; 1371.875;  158.125;    0.000
974.687; 1493.875;  192.125;    0.000
974.853; 1456.875;  177.125;    0.000
975.020; 1448.875;  212.125;    0.000
975.186; 1536.875;  200.125;    0.000
975.353; 1477.875;  208.125;    0.000
975.519; 1444.875;  169.125;    0.000
975.685; 1404.875;  176.125;    0.000
975.852; 1480.875;  201.125;    0.000
976.018; 1392.875;  209.125;    0.000
976.184; 1406.875;  197.125;    0.000
976.351; 1428.875;  196.125;    0.000
976.517; 1470.875;  243.125;    0.000
976.683; 1406.875;  210.125;    0.000
976.849; 1448.875;  226.125;    0.000
977.016; 1405.875;  218.125;    0.000
977.182; 1370.875;  213.125;    0.000
977.348; 1415.875;  205.125;    0.000
977.514; 1381.875;  210.125;    0.000
977.680; 1420.875;  226.125;    0.000
977.846; 1388.875;  206.125;    0.000
978.012; 1421.875;  222.125;    0.000
978.178; 1425.875;  216.125;    0.000
978.344; 1386.875;  172.125;    0.000
978.510; 1374.875;  210.125;    0.000
978.676; 1424.875;  184.125;    0.000
978.842; 1366.875;  190.125;    0.000
979.008; 1394.875;  203.125;    0.000
979.174; 1427.875;  211.125;    0.000
979.340; 1471.875;  190.125;    0.000
979.505; 1414.875;  235.125;    0.000
979.671; 1387.875;  182.125;    0.000
979.837; 1473.875;  235.125;    0.000
980.003; 1395.875;  183.125;    0.000
980.168; 1477.875;  220.125;    0.000
980.334; 1407.875;  161.125;    0.000
980.499; 1459.875;  212.125;    0.000
980.665; 1468.875;  219.125;    0.000
980.831; 1435.875;  201.125;    0.000
980.996; 1516.875;  189.125;    0.000
981.162; 1507.875;  222.125;    0.000
981.327; 1405.875;  173.125;    0.000
981.493; 1432.875;  197.125;    0.000
981.658; 1431.875;  178.125;    0.000
981.823; 1442.875;  196.125;    0.000
981.989; 1385.875;  248.125;    0.000
982.154; 1500.875;  222.125;    0.000
982.319; 1498.875;  226.125;    0.000
982.485; 1427.875;  188.125;    0.000
982.650; 1499.875;  203.125;    0.000
982.815; 1460.875;  237.125;    0.000
982.980; 1474.875;  210.125;    0.000
983.146; 1427.875;  202.125;    0.000
983.311; 1427.875;  195.125;    0.000
983.476; 1477.875;  207.125;    0.000
983.641; 1482.875;  198.125;    0.000
983.806; 1305.875;  136.125;    0.000
983.971; 1485.875;  248.125;    0.000
984.136; 1387.875;  213.125;    0.000
984.301; 1458.875;  181.125;    0.000
984.466; 1527.875;  210.125;    0.000
984.631; 1464.875;  219.125;    0.000
984.796; 1452.875;  207.125;    0.000
984.961; 1461.875;  214.125;    0.000
985.126; 1499.875;  218.125;    0.000
985.291; 1439.875;  214.125;    0.000
985.455; 1420.875;  187.125;    0.000
985.620; 1406.875;  191.125;    0.000
985.785; 1476.875;  190.125;    0.000
985.950; 1407.875;  184.125;    0.000
986.114; 1501.875;  242.125;    0.000
986.279; 1480.875;  251.125;    0.000
986.444; 1497.875;  177.125;    0.000
986.608; 1522.875;  216.125;    0.000
986.773; 1535.875;  211.125;    0.000
986.937; 1580.875;  244.125;    0.000
987.102; 1504.875;  187.125;    0.000
987.266; 1462.875;  178.125;    0.000
987.431; 1413.875;  205.125;    0.000
987.595; 1451.875;  221.125;    0.000
987.760; 1478.875;  205.125;    0.000
987.924; 1516.875;  195.125;    0.000
988.088; 1509.875;  184.125;    0.000
988.253; 1368.875;  188.125;    0.000
988.417; 1465.875;  196.125;    0.000
988.581; 1441.875;  218.125;    0.000
988.746; 1416.875;  203.125;    0.000
988.910; 1436.875;  195.125;    0.000
989.074; 1390.875;  187.125;    0.000
989.238; 1438.875;  243.125;    0.000
989.402; 1380.875;  242.125;    0.000
989.566; 1464.875;  205.125;    0.000
989.731; 1384.875;  195.125;    0.000
989.895; 1387.875;  211.125;    0.000
990.059; 1449.875;  175.125;    0.000
990.223; 1436.875;  176.125;    0.000
990.387; 1464.875;  234.125;    0.000
990.551; 1450.875;  231.125;    0.000
990.714; 1441.875;  209.125;    0.000
990.878; 1470.875;  187.125;    0.000
991.042; 1450.875;  183.125;    0.000
991.206; 1488.875;  216.125;    0.000
991.370; 1467.875;  257.125;    0.000
991.534; 1374.875;  188.125;    0.000
991.697; 1417.875;  203.125;    0.000
991.861; 1429.875;  219.125;    0.000
992.025; 1390.875;  221.125;    0.000
992.188; 1419.875;  188.125;    0.000
992.352; 1383.875;  205.125;    0.000
992.516; 1358.875;  189.125;    0.000
992.679; 1368.875;  207.125;    0.000
992.843; 1325.875;  210.125;    0.000
993.006; 1419.875;  191.125;    0.000
993.170; 1485.875;  228.125;    0.000
993.333; 1385.875;  142.125;    0.000
993.497; 1348.875;  175.125;    0.000
993.660; 1430.875;  220.125;    0.000
993.824; 1415.875;  193.125;    0.000
993.987; 1464.875;  219.125;    0.000
994.150; 1376.875;  166.125;    0.000
994.314; 1454.875;  207.125;    0.000
994.477; 1405.875;  227.125;    0.000
994.640; 1391.875;  210.125;    0.000
994.803; 1402.875;  219.125;    0.000
994.967; 1442.875;  192.125;    0.000
995.130; 1399.875;  197.125;    0.000
995.293; 1438.875;  189.125;    0.000
995.456; 1413.875;  180.125;    0.000
995.619; 1395.875;  239.125;    0.000
995.782; 1393.875;  209.125;    0.000
995.945; 1373.875;  216.125;    0.000
996.108; 1347.875;  198.125;    0.000
996.271; 1336.875;  205.125;    0.000
996.434; 1365.875;  205.125;    0.000
996.597; 1442.875;  208.125;    0.000
996.760; 1378.875;  205.125;    0.000
996.923; 1395.875;  174.125;    0.000
997.086; 1432.875;  198.125;    0.000
997.248; 1456.875;  214.125;    0.000
997.411; 1357.875;  237.125;    0.000
997.574; 1403.875;  182.125;    0.000
997.737; 1377.875;  188.125;    0.000
997.899; 1382.875;  216.125;    0.000
998.062; 1314.875;  210.125;    0.000
998.225; 1328.875;  202.125;    0.000
998.387; 1415.875;  202.125;    0.000
998.550; 1288.875;  193.125;    0.000
998.712; 1395.875;  225.125;    0.000
998.875; 1387.875;  228.125;    0.000
999.037; 1388.875;  186.125;    0.000
999.200; 1351.875;  212.125;    0.000
999.362; 1420.875;  234.125;    0.000
999.525; 1335.875;  170.125;    0.000
999.687; 1419.875;  191.125;    0.000
999.849; 1410.875;  218.125;    0.000
1000.012; 1391.875;  187.125;    0.000
1000.174; 1390.875;  216.125;    0.000
1000.336; 1477.875;  194.125;    0.000
1000.499; 1405.875;  209.125;    0.000
1000.661; 1377.875;  208.125;    0.000
1000.823; 1417.875;  197.125;    0.000
1000.985; 1449.875;  201.125;    0.000
1001.147; 1460.875;  234.125;    0.000
1001.309; 1454.875;  180.125;    0.000
1001.471; 1460.875;  223.125;    0.000
1001.633; 1434.875;  198.125;    0.000
1001.796; 1418.875;  200.125;    0.000
1001.958; 1454.875;  204.125;    0.000
1002.119; 1505.875;  193.125;    0.000
1002.281; 1588.875;  205.125;    0.000
1002.443; 1607.875;  236.125;    0.000
1002.605; 1687.875;  197.125;    0.000
1002.767; 1775.875;  223.125;    0.000
1002.929; 1856.875;  220.125;    0.000
1003.091; 1900.875;  214.125;    0.000
1003.252; 1939.875;  233.125;    0.000
1003.414; 2069.875;  230.125;    0.000
1003.576; 2147.875;  203.125;    0.000
1003.738; 2274.875;  201.125;    0.000
1003.899; 2476.875;  222.125;    0.000
1004.061; 2497.875;  208.125;    0.000
1004.222; 2600.875;  194.125;    0.000
1004.384; 2703.875;  205.125;    0.000
1004.546; 2747.875;  162.125;    0.000
1004.707; 2706.875;  232.125;    0.000
1004.869; 2772.875;  223.125;    0.000
1005.030; 2742.875;  204.125;    0.000
1005.191; 2697.875;  214.125;    0.000
1005.353; 2595.875;  226.125;    0.000
1005.514; 2525.875;  201.125;    0.000
1005.675; 2508.875;  205.125;    0.000
1005.837; 2337.875;  235.125;    0.000
1005.998; 2198.875;  210.125;    0.000
1006.159; 2169.875;  214.125;    0.000
1006.321; 2228.875;  236.125;    0.000
1006.482; 2196.875;  214.125;    0.000
1006.643; 2432.875;  213.125;    0.000
1006.804; 2395.875;  204.125;    0.000
1006.965; 2634.875;  212.125;    0.000
1007.126; 2656.875;  251.125;    0.000
1007.287; 2622.875;  238.125;    0.000
1007.448; 2638.875;  198.125;    0.000
1007.609; 2481.875;  241.125;    0.000
1007.770; 2469.875;  213.125;    0.000
1007.931; 2328.875;  225.125;    0.000
1008.092; 2473.875;  204.125;    0.000
1008.253; 2549.875;  220.125;    0.000
1008.414; 2624.875;  180.125;    0.000
1008.575; 2686.875;  224.125;    0.000
1008.736; 2552.875;  164.125;    0.000
1008.896; 2608.875;  247.125;    0.000
1009.057; 2572.875;  263.125;    0.000
1009.218; 2582.875;  233.125;    0.000
1009.379; 2593.875;  207.125;    0.000
1009.539; 2688.875;  221.125;    0.000
1009.700; 2698.875;  209.125;    0.000
1009.860; 2722.875;  217.125;    0.000
1010.021; 2653.875;  182.125;    0.000
1010.182; 2778.875;  233.125;    0.000
1010.342; 2604.875;  210.125;    0.000
1010.503; 2789.875;  232.125;    0.000
1010.663; 2839.875;  228.125;    0.000
1010.823; 2958.875;  212.125;    0.000
1010.984; 2871.875;  244.125;    0.000
1011.144; 2930.875;  200.125;    0.000
1011.305; 2988.875;  237.125;    0.000
1011.465; 3109.875;  225.125;    0.000
1011.625; 3147.875;  215.125;    0.000
1011.785; 3275.875;  235.125;    0.000
1011.946; 3291.875;  231.125;    0.000
1012.106; 3156.875;  206.125;    0.000
1012.266; 3322.875;  218.125;    0.000
1012.426; 3187.875;  249.125;    0.000
1012.586; 3217.875;  217.125;    0.000
1012.746; 3113.875;  231.125;    0.000
1012.906; 3074.875;  230.125;    0.000
1013.066; 3027.875;  260.125;    0.000
1013.226; 3207.875;  206.125;    0.000
1013.386; 3140.875;  220.125;    0.000
1013.546; 3074.875;  233.125;    0.000
1013.706; 3007.875;  194.125;    0.000
1013.866; 2993.875;  209.125;    0.000
1014.026; 3031.875;  204.125;    0.000
1014.186; 3046.875;  203.125;    0.000
1014.346; 3053.875;  244.125;    0.000
1014.505; 3109.875;  206.125;    0.000
1014.665; 3246.875;  210.125;    0.000
1014.825; 3153.875;  235.125;    0.000
1014.985; 2941.875;  227.125;    0.000
1015.144; 3234.875;  237.125;    0.000
1015.304; 3500.875;  196.125;    0.000
1015.464; 3321.875;  228.125;    0.000
1015.623; 3164.875;  235.125;    0.000
1015.783; 3426.875;  187.125;    0.000
1015.942; 3811.875;  184.125;    0.000
1016.102; 3842.875;  245.125;    0.000
1016.261; 3572.875;  203.125;    0.000
1016.420; 4002.875;  209.125;    0.000
1016.580; 4457.875;  235.125;    0.000
1016.739; 4345.875;  175.125;    0.000
1016.899; 4145.875;  220.125;    0.000
1017.058; 4358.875;  219.125;    0.000
1017.217; 4779.875;  238.125;    0.000
1017.376; 4374.875;  235.125;    0.000
1017.536; 4094.875;  195.125;    0.000
1017.695; 4138.875;  215.125;    0.000
1017.854; 4203.875;  231.125;    0.000
1018.013; 4161.875;  184.125;    0.000
1018.172; 3859.875;  179.125;    0.000
1018.331; 3839.875;  205.125;    0.000
1018.490; 4007.875;  203.125;    0.000
1018.649; 4343.875;  261.125;    0.000
1018.808; 4394.875;  253.125;    0.000
1018.967; 4439.875;  201.125;    0.000
1019.126; 4425.875;  216.125;    0.000
1019.285; 4525.875;  169.125;    0.000
1019.444; 4441.875;  226.125;    0.000
1019.603; 4317.875;  252.125;    0.000
1019.762; 4141.875;  206.125;    0.000
1019.921; 4098.875;  235.125;    0.000
1020.079; 4364.875;  192.125;    0.000
1020.238; 4658.875;  226.125;    0.000
1020.397; 4568.875;  231.125;    0.000
1020.555; 4216.875;  218.125;    0.000
1020.714; 4353.875;  235.125;    0.000
1020.873; 4644.875;  229.125;    0.000
1021.031; 4671.875;  234.125;    0.000
1021.190; 4450.875;  223.125;    0.000
1021.348; 4198.875;  186.125;    0.000
1021.507; 4788.875;  201.125;    0.000
1021.665; 4986.875;  222.125;    0.000
1021.824; 4775.875;  208.125;    0.000
1021.982; 4341.875;  209.125;    0.000
1022.141; 4483.875;  224.125;    0.000
1022.299; 5054.875;  214.125;    0.000
1022.457; 5183.875;  176.125;    0.000
1022.616; 4681.875;  211.125;    0.000
1022.774; 4296.875;  218.125;    0.000
1022.932; 4617.875;  205.125;    0.000
1023.090; 5143.875;  246.125;    0.000
1023.249; 5307.875;  249.125;    0.000
1023.407; 4784.875;  235.125;    0.000
1023.565; 4318.875;  202.125;    0.000
1023.723; 4728.875;  210.125;    0.000
1023.881; 5157.875;  206.125;    0.000
1024.039; 5123.875;  240.125;    0.000
1024.197; 4744.875;  275.125;    0.000
1024.355; 4615.875;  228.125;    0.000
1024.513; 4772.875;  234.125;    0.000
1024.671; 5300.875;  222.125;    0.000
1024.829; 5313.875;  241.125;    0.000
1024.987; 4764.875;  209.125;    0.000
1025.145; 4575.875;  227.125;    0.000
1025.302; 4602.875;  208.125;    0.000
1025.460; 5278.875;  210.125;    0.000
1025.618; 5454.875;  192.125;    0.000
1025.776; 5118.875;  220.125;    0.000
1025.933; 4573.875;  223.125;    0.000
1026.091; 4781.875;  189.125;    0.000
1026.249; 5433.875;  210.125;    0.000
1026.406; 5753.875;  231.125;    0.000
1026.564; 5389.875;  247.125;    0.000
1026.721; 4904.875;  213.125;    0.000
1026.879; 4826.875;  208.125;    0.000
1027.036; 5402.875;  222.125;    0.000
1027.194; 5652.875;  253.125;    0.000
1027.351; 5858.875;  239.125;    0.000
1027.509; 5378.875;  232.125;    0.000
1027.666; 4943.875;  251.125;    0.000
1027.823; 5269.875;  212.125;    0.000
1027.981; 5628.875;  260.125;    0.000
1028.138; 6091.875;  263.125;    0.000
1028.295; 5565.875;  251.125;    0.000
1028.452; 5167.875;  249.125;    0.000
1028.609; 5112.875;  259.125;    0.000
1028.767; 5540.875;  255.125;    0.000
1028.924; 5893.875;  201.125;    0.000
1029.081; 5738.875;  217.125;    0.000
1029.238; 5631.875;  230.125;    0.000
1029.395; 5184.875;  263.125;    0.000
1029.552; 5364.875;  207.125;    0.000
1029.709; 5880.875;  220.125;    0.000
1029.866; 6163.875;  214.125;    0.000
1030.023; 5891.875;  224.125;    0.000
1030.180; 5286.875;  209.125;    0.000
1030.337; 5256.875;  269.125;    0.000
1030.494; 5604.875;  207.125;    0.000
1030.650; 5971.875;  230.125;    0.000
1030.807; 6359.875;  217.125;    0.000
1030.964; 5827.875;  212.125;    0.000
1031.121; 5628.875;  220.125;    0.000
1031.277; 5344.875;  233.125;    0.000
1031.434; 5633.875;  266.125;    0.000
1031.591; 6247.875;  270.125;    0.000
1031.747; 6291.875;  229.125;    0.000
1031.904; 6280.875;  227.125;    0.000
1032.060; 5784.875;  210.125;    0.000
1032.217; 5570.875;  218.125;    0.000
1032.373; 6373.875;  190.125;    0.000
1032.530; 6381.875;  236.125;    0.000
1032.686; 7168.875;  199.125;    0.000
1032.843; 7034.875;  216.125;    0.000
1032.999; 6621.875;  204.125;    0.000
1033.155; 7108.875;  208.125;    0.000
1033.312; 6708.875;  231.125;    0.000
1033.468; 7932.875;  213.125;    0.000
1033.624; 8581.875;  235.125;    0.000
1033.780; 8956.875;  233.125;    0.000
1033.937; 9136.875;  201.125;    0.000
1034.093; 8342.875;  233.125;    0.000
1034.249; 8524.875;  214.125;    0.000
1034.405; 8436.875;  245.125;    0.000
1034.561; 9112.875;  228.125;    0.000
1034.717; 9744.875;  234.125;    0.000
1034.873; 9441.875;  248.125;    0.000
1035.029; 9696.875;  220.125;    0.000
1035.185; 9216.875;  294.125;    0.000
1035.341; 8642.875;  231.125;    0.000
1035.497; 9304.875;  254.125;    0.000
1035.653; 9722.875;  225.125;    0.000
1035.809;10222.875;  243.125;    0.000
1035.964;11590.875;  216.125;    0.000
1036.120;10609.875;  199.125;    0.000
1036.276;11192.875;  220.125;    0.000
1036.432;10539.875;  210.125;    0.000
1036.587; 9643.875;  225.125;    0.000
1036.743;10281.875;  245.125;    0.000
1036.899;11070.875;  219.125;    0.000
1037.054;11126.875;  157.125;    0.000
1037.210;12875.875;  208.125;    0.000
1037.365;12771.875;  230.125;    0.000
1037.521;11916.875;  236.125;    0.000
1037.676;11787.875;  193.125;    0.000
1037.832;10959.875;  246.125;    0.000
1037.987;11141.875;  231.125;    0.000
1038.143;11415.875;  234.125;    0.000
1038.298;12958.875;  219.125;    0.000
1038.453;12663.875;  230.125;    0.000
1038.609;14095.875;  254.125;    0.000
1038.764;14380.875;  249.125;    0.000
1038.919;13123.875;  224.125;    0.000
1039.074;12893.875;  209.125;    0.000
1039.229;12243.875;  214.125;    0.000
1039.385;11973.875;  268.125;    0.000
1039.540;12252.875;  268.125;    0.000
1039.695;13385.875;  229.125;    0.000
1039.850;14506.875;  252.125;    0.000
1040.005;15509.875;  248.125;    0.000
1040.160;16518.875;  215.125;    0.000
1040.315;16042.875;  239.125;    0.000
1040.470;15170.875;  210.125;    0.000
1040.625;14285.875;  239.125;    0.000
1040.780;14206.875;  251.125;    0.000
1040.935;14241.875;  247.125;    0.000
1041.089;14343.875;  215.125;    0.000
1041.244;16395.875;  210.125;    0.000
1041.399;17498.875;  237.125;    0.000
1041.554;18555.875;  253.125;    0.000
1041.708;20130.875;  227.125;    0.000
1041.863;20145.875;  219.125;    0.000
1042.018;19223.875;  246.125;    0.000
1042.172;18581.875;  236.125;    0.000
1042.327;17895.875;  272.125;    0.000
1042.481;18425.875;  197.125;    0.000
1042.636;17992.875;  213.125;    0.000
1042.791;17521.875;  250.125;    0.000
1042.945;20998.875;  267.125;    0.000
1043.099;22765.875;  257.125;    0.000
1043.254;22260.875;  206.125;    0.000
1043.408;24054.875;  266.125;    0.000
1043.563;25916.875;  232.125;    0.000
1043.717;24783.875;  241.125;    0.000
1043.871;24088.875;  248.125;    0.000
1044.025;22336.875;  234.125;    0.000
1044.180;21703.875;  222.125;    0.000
1044.334;21672.875;  235.125;    0.000
1044.488;22557.875;  270.125;    0.000
1044.642;23118.875;  215.125;    0.000
1044.796;26256.875;  212.125;    0.000
1044.950;30235.875;  228.125;    0.000
1045.104;31890.875;  223.125;    0.000
1045.258;33224.875;  236.125;    0.000
1045.412;32263.875;  225.125;    0.000
1045.566;30492.875;  245.125;    0.000
1045.720;30141.875;  201.125;    0.000
1045.874;27585.875;  229.125;    0.000
1046.028;25542.875;  243.125;    0.000
1046.182;26313.875;  212.125;    0.000
1046.336;27216.875;  256.125;    0.000
1046.489;28294.875;  234.125;    0.000
1046.643;28998.875;  246.125;    0.000
1046.797;31855.875;  219.125;    0.000
1046.951;33062.875;  231.125;    0.000
1047.104;32636.875;  285.125;    0.000
1047.258;35005.875;  256.125;    0.000
1047.411;36579.875;  232.125;    0.000
1047.565;36459.875;  269.125;    0.000
1047.719;33739.875;  213.125;    0.000
1047.872;32970.875;  210.125;    0.000
1048.026;33322.875;  251.125;    0.000
1048.179;32247.875;  213.125;    0.000
1048.332;31581.875;  212.125;    0.000
1048.486;31455.875;  218.125;    0.000
1048.639;31743.875;  218.125;    0.000
1048.792;31059.875;  247.125;    0.000
1048.946;34301.875;  208.125;    0.000
1049.099;37802.875;  247.125;    0.000
1049.252;38461.875;  274.125;    0.000
1049.406;35673.875;  232.125;    0.000
1049.559;38079.875;  251.125;    0.000
1049.712;42550.875;  243.125;    0.000
1049.865;44527.875;  219.125;    0.000
1050.018;43828.875;  216.125;    0.000
1050.171;38416.875;  237.125;    0.000
1050.324;35403.875;  291.125;    0.000
1050.477;38765.875;  241.125;    0.000
1050.630;41705.875;  245.125;    0.000
1050.783;42482.875;  213.125;    0.000
1050.936;39880.875;  246.125;    0.000
1051.089;38521.875;  255.125;    0.000
1051.242;40362.875;  228.125;    0.000
1051.394;45310.875;  276.125;    0.000
1051.547;47919.875;  246.125;    0.000
1051.700;45676.875;  252.125;    0.000
1051.853;42826.875;  267.125;    0.000
1052.005;44519.875;  261.125;    0.000
1052.158;48605.875;  313.125;    0.000
1052.311;54321.875;  264.125;    0.000
1052.463;52382.875;  271.125;    0.000
1052.616;48045.875;  291.125;    0.000
1052.768;42615.875;  298.125;    0.000
1052.921;41270.875;  262.125;    0.000
1053.073;44624.875;  307.125;    0.000
1053.226;49893.875;  301.125;    0.000
1053.378;56612.875;  309.125;    0.000
1053.531;60693.875;  280.125;    0.000
1053.683;56239.875;  258.125;    0.000
1053.835;48974.875;  267.125;    0.000
1053.988;37266.875;  294.125;    0.000
1054.140; 6742.875;  292.125;    0.000
1054.292; 1674.875;  249.125;    0.000
1054.444; 1307.875;  288.125;    0.000
1054.596; 1215.875;  275.125;    0.000
1054.749; 1041.875;  284.125;    0.000
1054.901; 1049.875;  291.125;    0.000
1055.053;  941.875;  274.125;    0.000
1055.205;  907.875;  313.125;    0.000
1055.357;  855.875;  309.125;    0.000
1055.509;  806.875;  283.125;    0.000
1055.661;  796.875;  341.125;    0.000
1055.813;  786.875;  288.125;    0.000
1055.965;  699.875;  300.125;    0.000
1056.116;  773.875;  296.125;    0.000
1056.268;  767.875;  319.125;    0.000
1056.420;  778.875;  298.125;    0.000

