
Integration time [ms]:   1.000
Averaging Nr. [scans]: 1
Smoothing Nr. [pixels]: 0
Data measured with spectrometer [name]: NIR
Wave   ;Sample   ;Dark     ;Reference
[nm]   ;[counts] ;[counts] ;[counts] 

691.496;   35.450;    0.000;    0.000
691.696;   42.450;    0.000;    0.000
691.896;   -8.550;    0.000;    0.000
692.096;   67.450;    0.000;    0.000
692.296;   -3.550;    0.000;    0.000
692.496;   81.450;    0.000;    0.000
692.695;   19.450;    0.000;    0.000
692.895;   73.450;    0.000;    0.000
693.095;   23.450;    0.000;    0.000
693.295;   42.450;    0.000;    0.000
693.495;   56.450;    0.000;    0.000
693.695;   11.450;    0.000;    0.000
693.894;   34.450;    0.000;    0.000
694.094;   57.450;    0.000;    0.000
694.294;    3.450;    0.000;    0.000
694.494;  200.450;    0.000;    0.000
694.693; 1537.450;    0.000;    0.000
694.893; 1617.450;    0.000;    0.000
695.093; 1676.450;    0.000;    0.000
695.293; 1649.450;    0.000;    0.000
695.492; 1682.450;    0.000;    0.000
695.692; 1686.450;    0.000;    0.000
695.891; 1726.450;    0.000;    0.000
696.091; 1710.450;    0.000;    0.000
696.291; 1732.450;    0.000;    0.000
696.490; 1695.450;    0.000;    0.000
696.690; 1693.450;    0.000;    0.000
696.889; 1785.450;    0.000;    0.000
697.089; 1731.450;    0.000;    0.000
697.288; 1758.450;    0.000;    0.000
697.488; 1741.450;    0.000;    0.000
697.687; 1770.450;    0.000;    0.000
697.887; 1762.450;    0.000;    0.000
698.086; 1863.450;    0.000;    0.000
698.286; 1767.450;    0.000;    0.000
698.485; 1730.450;    0.000;    0.000
698.684; 1783.450;    0.000;    0.000
698.884; 1817.450;    0.000;    0.000
699.083; 1755.450;    0.000;    0.000
699.282; 1793.450;    0.000;    0.000
699.482; 1815.450;    0.000;    0.000
699.681; 1775.450;    0.000;    0.000
699.880; 1936.450;    0.000;    0.000
700.080; 1813.450;    0.000;    0.000
700.279; 1820.450;    0.000;    0.000
700.478; 1799.450;    0.000;    0.000
700.677; 1813.450;    0.000;    0.000
700.877; 1770.450;    0.000;    0.000
701.076; 1804.450;    0.000;    0.000
701.275; 1790.450;    0.000;    0.000
701.474; 1795.450;    0.000;    0.000
701.673; 1856.450;    0.000;    0.000
701.872; 1883.450;    0.000;    0.000
702.071; 1846.450;    0.000;    0.000
702.271; 1807.450;    0.000;    0.000
702.470; 1913.450;    0.000;    0.000
702.669; 1854.450;    0.000;    0.000
702.868; 1923.450;    0.000;    0.000
703.067; 1907.450;    0.000;    0.000
703.266; 1945.450;    0.000;    0.000
703.465; 1890.450;    0.000;    0.000
703.664; 1853.450;    0.000;    0.000
703.863; 1893.450;    0.000;    0.000
704.062; 1931.450;    0.000;    0.000
704.260; 1902.450;    0.000;    0.000
704.459; 1893.450;    0.000;    0.000
704.658; 1960.450;    0.000;    0.000
704.857; 1928.450;    0.000;    0.000
705.056; 1855.450;    0.000;    0.000
705.255; 1917.450;    0.000;    0.000
705.454; 1896.450;    0.000;    0.000
705.652; 1996.450;    0.000;    0.000
705.851; 1970.450;    0.000;    0.000
706.050; 1991.450;    0.000;    0.000
706.249; 1906.450;    0.000;    0.000
706.447; 2022.450;    0.000;    0.000
706.646; 1984.450;    0.000;    0.000
706.845; 1921.450;    0.000;    0.000
707.043; 1923.450;    0.000;    0.000
707.242; 1999.450;    0.000;    0.000
707.441; 2021.450;    0.000;    0.000
707.639; 2060.450;    0.000;    0.000
707.838; 1958.450;    0.000;    0.000
708.037; 1973.450;    0.000;    0.000
708.235; 2043.450;    0.000;    0.000
708.434; 1990.450;    0.000;    0.000
708.632; 2040.450;    0.000;    0.000
708.831; 2043.450;    0.000;    0.000
709.029; 2048.450;    0.000;    0.000
709.228; 1953.450;    0.000;    0.000
709.426; 2081.450;    0.000;    0.000
709.625; 2070.450;    0.000;    0.000
709.823; 2131.450;    0.000;    0.000
710.022; 2080.450;    0.000;    0.000
710.220; 2084.450;    0.000;    0.000
710.418; 2052.450;    0.000;    0.000
710.617; 2041.450;    0.000;    0.000
710.815; 2039.450;    0.000;    0.000
711.013; 2100.450;    0.000;    0.000
711.212; 2060.450;    0.000;    0.000
711.410; 2110.450;    0.000;    0.000
711.608; 2116.450;    0.000;    0.000
711.807; 2151.450;    0.000;    0.000
712.005; 2100.450;    0.000;    0.000
712.203; 2178.450;    0.000;    0.000
712.401; 2059.450;    0.000;    0.000
712.599; 2116.450;    0.000;    0.000
712.798; 2167.450;    0.000;    0.000
712.996; 2230.450;    0.000;    0.000
713.194; 2207.450;    0.000;    0.000
713.392; 2125.450;    0.000;    0.000
713.590; 2194.450;    0.000;    0.000
713.788; 2257.450;    0.000;    0.000
713.986; 2317.450;    0.000;    0.000
714.184; 2257.450;    0.000;    0.000
714.382; 2234.450;    0.000;    0.000
714.580; 2173.450;    0.000;    0.000
714.778; 2288.450;    0.000;    0.000
714.976; 2374.450;    0.000;    0.000
715.174; 2284.450;    0.000;    0.000
715.372; 2367.450;    0.000;    0.000
715.570; 2418.450;    0.000;    0.000
715.768; 2474.450;    0.000;    0.000
715.966; 2567.450;    0.000;    0.000
716.164; 2472.450;    0.000;    0.000
716.362; 2529.450;    0.000;    0.000
716.560; 2465.450;    0.000;    0.000
716.758; 2375.450;    0.000;    0.000
716.955; 2443.450;    0.000;    0.000
717.153; 2338.450;    0.000;    0.000
717.351; 2426.450;    0.000;    0.000
717.549; 2464.450;    0.000;    0.000
717.746; 2489.450;    0.000;    0.000
717.944; 2427.450;    0.000;    0.000
718.142; 2377.450;    0.000;    0.000
718.340; 2399.450;    0.000;    0.000
718.537; 2364.450;    0.000;    0.000
718.735; 2440.450;    0.000;    0.000
718.933; 2435.450;    0.000;    0.000
719.130; 2434.450;    0.000;    0.000
719.328; 2451.450;    0.000;    0.000
719.525; 2438.450;    0.000;    0.000
719.723; 2368.450;    0.000;    0.000
719.920; 2427.450;    0.000;    0.000
720.118; 2389.450;    0.000;    0.000
720.316; 2519.450;    0.000;    0.000
720.513; 2421.450;    0.000;    0.000
720.711; 2404.450;    0.000;    0.000
720.908; 2389.450;    0.000;    0.000
721.105; 2500.450;    0.000;    0.000
721.303; 2481.450;    0.000;    0.000
721.500; 2472.450;    0.000;    0.000
721.698; 2398.450;    0.000;    0.000
721.895; 2384.450;    0.000;    0.000
722.092; 2480.450;    0.000;    0.000
722.290; 2430.450;    0.000;    0.000
722.487; 2494.450;    0.000;    0.000
722.684; 2441.450;    0.000;    0.000
722.882; 2364.450;    0.000;    0.000
723.079; 2454.450;    0.000;    0.000
723.276; 2523.450;    0.000;    0.000
723.473; 2497.450;    0.000;    0.000
723.671; 2452.450;    0.000;    0.000
723.868; 2514.450;    0.000;    0.000
724.065; 2505.450;    0.000;    0.000
724.262; 2491.450;    0.000;    0.000
724.459; 2428.450;    0.000;    0.000
724.656; 2448.450;    0.000;    0.000
724.854; 2505.450;    0.000;    0.000
725.051; 2414.450;    0.000;    0.000
725.248; 2601.450;    0.000;    0.000
725.445; 2610.450;    0.000;    0.000
725.642; 2514.450;    0.000;    0.000
725.839; 2514.450;    0.000;    0.000
726.036; 2541.450;    0.000;    0.000
726.233; 2438.450;    0.000;    0.000
726.430; 2499.450;    0.000;    0.000
726.627; 2591.450;    0.000;    0.000
726.824; 2541.450;    0.000;    0.000
727.021; 2622.450;    0.000;    0.000
727.218; 2525.450;    0.000;    0.000
727.414; 2663.450;    0.000;    0.000
727.611; 2593.450;    0.000;    0.000
727.808; 2682.450;    0.000;    0.000
728.005; 2601.450;    0.000;    0.000
728.202; 2674.450;    0.000;    0.000
728.399; 2643.450;    0.000;    0.000
728.595; 2544.450;    0.000;    0.000
728.792; 2581.450;    0.000;    0.000
728.989; 2586.450;    0.000;    0.000
729.186; 2689.450;    0.000;    0.000
729.382; 2677.450;    0.000;    0.000
729.579; 2582.450;    0.000;    0.000
729.776; 2648.450;    0.000;    0.000
729.972; 2703.450;    0.000;    0.000
730.169; 2684.450;    0.000;    0.000
730.366; 2676.450;    0.000;    0.000
730.562; 2635.450;    0.000;    0.000
730.759; 2654.450;    0.000;    0.000
730.955; 2673.450;    0.000;    0.000
731.152; 2724.450;    0.000;    0.000
731.348; 2726.450;    0.000;    0.000
731.545; 2745.450;    0.000;    0.000
731.741; 2725.450;    0.000;    0.000
731.938; 2752.450;    0.000;    0.000
732.134; 2804.450;    0.000;    0.000
732.331; 2713.450;    0.000;    0.000
732.527; 2872.450;    0.000;    0.000
732.724; 2730.450;    0.000;    0.000
732.920; 2778.450;    0.000;    0.000
733.116; 2760.450;    0.000;    0.000
733.313; 2774.450;    0.000;    0.000
733.509; 2754.450;    0.000;    0.000
733.705; 2783.450;    0.000;    0.000
733.902; 2651.450;    0.000;    0.000
734.098; 2818.450;    0.000;    0.000
734.294; 2889.450;    0.000;    0.000
734.490; 2781.450;    0.000;    0.000
734.687; 2887.450;    0.000;    0.000
734.883; 2775.450;    0.000;    0.000
735.079; 2785.450;    0.000;    0.000
735.275; 2850.450;    0.000;    0.000
735.471; 2852.450;    0.000;    0.000
735.667; 2831.450;    0.000;    0.000
735.863; 2939.450;    0.000;    0.000
736.060; 2890.450;    0.000;    0.000
736.256; 2829.450;    0.000;    0.000
736.452; 2946.450;    0.000;    0.000
736.648; 2903.450;    0.000;    0.000
736.844; 2995.450;    0.000;    0.000
737.040; 2929.450;    0.000;    0.000
737.236; 2944.450;    0.000;    0.000
737.432; 2931.450;    0.000;    0.000
737.628; 2935.450;    0.000;    0.000
737.824; 2903.450;    0.000;    0.000
738.019; 2972.450;    0.000;    0.000
738.215; 3046.450;    0.000;    0.000
738.411; 3027.450;    0.000;    0.000
738.607; 2909.450;    0.000;    0.000
738.803; 2969.450;    0.000;    0.000
738.999; 2950.450;    0.000;    0.000
739.195; 3009.450;    0.000;    0.000
739.390; 3107.450;    0.000;    0.000
739.586; 3110.450;    0.000;    0.000
739.782; 3064.450;    0.000;    0.000
739.978; 3049.450;    0.000;    0.000
740.173; 3158.450;    0.000;    0.000
740.369; 3065.450;    0.000;    0.000
740.565; 3217.450;    0.000;    0.000
740.760; 3154.450;    0.000;    0.000
740.956; 3110.450;    0.000;    0.000
741.152; 3193.450;    0.000;    0.000
741.347; 3228.450;    0.000;    0.000
741.543; 3264.450;    0.000;    0.000
741.738; 3223.450;    0.000;    0.000
741.934; 3417.450;    0.000;    0.000
742.129; 3432.450;    0.000;    0.000
742.325; 3720.450;    0.000;    0.000
742.520; 3970.450;    0.000;    0.000
742.716; 3795.450;    0.000;    0.000
742.911; 3650.450;    0.000;    0.000
743.107; 3712.450;    0.000;    0.000
743.302; 3626.450;    0.000;    0.000
743.498; 3623.450;    0.000;    0.000
743.693; 3745.450;    0.000;    0.000
743.888; 3823.450;    0.000;    0.000
744.084; 4202.450;    0.000;    0.000
744.279; 4493.450;    0.000;    0.000
744.474; 4619.450;    0.000;    0.000
744.670; 4494.450;    0.000;    0.000
744.865; 4263.450;    0.000;    0.000
745.060; 4079.450;    0.000;    0.000
745.255; 4088.450;    0.000;    0.000
745.451; 4011.450;    0.000;    0.000
745.646; 4017.450;    0.000;    0.000
745.841; 3945.450;    0.000;    0.000
746.036; 3961.450;    0.000;    0.000
746.231; 4114.450;    0.000;    0.000
746.426; 4171.450;    0.000;    0.000
746.622; 4600.450;    0.000;    0.000
746.817; 5344.450;    0.000;    0.000
747.012; 5516.450;    0.000;    0.000
747.207; 5297.450;    0.000;    0.000
747.402; 4981.450;    0.000;    0.000
747.597; 4766.450;    0.000;    0.000
747.792; 4750.450;    0.000;    0.000
747.987; 4498.450;    0.000;    0.000
748.182; 4390.450;    0.000;    0.000
748.377; 4354.450;    0.000;    0.000
748.572; 4319.450;    0.000;    0.000
748.767; 4267.450;    0.000;    0.000
748.961; 4039.450;    0.000;    0.000
749.156; 4081.450;    0.000;    0.000
749.351; 4039.450;    0.000;    0.000
749.546; 3969.450;    0.000;    0.000
749.741; 3931.450;    0.000;    0.000
749.936; 3981.450;    0.000;    0.000
750.130; 3874.450;    0.000;    0.000
750.325; 3909.450;    0.000;    0.000
750.520; 3912.450;    0.000;    0.000
750.715; 3889.450;    0.000;    0.000
750.909; 3766.450;    0.000;    0.000
751.104; 3793.450;    0.000;    0.000
751.299; 3708.450;    0.000;    0.000
751.493; 3766.450;    0.000;    0.000
751.688; 3782.450;    0.000;    0.000
751.882; 3717.450;    0.000;    0.000
752.077; 3708.450;    0.000;    0.000
752.272; 3720.450;    0.000;    0.000
752.466; 3771.450;    0.000;    0.000
752.661; 3735.450;    0.000;    0.000
752.855; 3674.450;    0.000;    0.000
753.050; 3658.450;    0.000;    0.000
753.244; 3726.450;    0.000;    0.000
753.439; 3757.450;    0.000;    0.000
753.633; 3699.450;    0.000;    0.000
753.828; 3733.450;    0.000;    0.000
754.022; 3689.450;    0.000;    0.000
754.216; 3701.450;    0.000;    0.000
754.411; 3672.450;    0.000;    0.000
754.605; 3781.450;    0.000;    0.000
754.799; 3682.450;    0.000;    0.000
754.994; 3568.450;    0.000;    0.000
755.188; 3696.450;    0.000;    0.000
755.382; 3790.450;    0.000;    0.000
755.576; 3602.450;    0.000;    0.000
755.771; 3639.450;    0.000;    0.000
755.965; 3672.450;    0.000;    0.000
756.159; 3598.450;    0.000;    0.000
756.353; 3669.450;    0.000;    0.000
756.547; 3629.450;    0.000;    0.000
756.742; 3725.450;    0.000;    0.000
756.936; 3704.450;    0.000;    0.000
757.130; 3669.450;    0.000;    0.000
757.324; 3718.450;    0.000;    0.000
757.518; 3686.450;    0.000;    0.000
757.712; 3776.450;    0.000;    0.000
757.906; 3706.450;    0.000;    0.000
758.100; 3732.450;    0.000;    0.000
758.294; 3847.450;    0.000;    0.000
758.488; 3841.450;    0.000;    0.000
758.682; 3746.450;    0.000;    0.000
758.876; 3715.450;    0.000;    0.000
759.070; 3788.450;    0.000;    0.000
759.264; 3859.450;    0.000;    0.000
759.458; 3698.450;    0.000;    0.000
759.651; 3771.450;    0.000;    0.000
759.845; 3737.450;    0.000;    0.000
760.039; 3760.450;    0.000;    0.000
760.233; 3765.450;    0.000;    0.000
760.427; 3671.450;    0.000;    0.000
760.620; 3797.450;    0.000;    0.000
760.814; 3758.450;    0.000;    0.000
761.008; 3808.450;    0.000;    0.000
761.202; 3854.450;    0.000;    0.000
761.395; 3831.450;    0.000;    0.000
761.589; 3788.450;    0.000;    0.000
761.783; 3841.450;    0.000;    0.000
761.976; 3826.450;    0.000;    0.000
762.170; 3895.450;    0.000;    0.000
762.363; 3781.450;    0.000;    0.000
762.557; 3772.450;    0.000;    0.000
762.750; 3816.450;    0.000;    0.000
762.944; 3825.450;    0.000;    0.000
763.138; 3871.450;    0.000;    0.000
763.331; 3790.450;    0.000;    0.000
763.524; 3910.450;    0.000;    0.000
763.718; 3958.450;    0.000;    0.000
763.911; 3908.450;    0.000;    0.000
764.105; 3753.450;    0.000;    0.000
764.298; 3841.450;    0.000;    0.000
764.492; 3837.450;    0.000;    0.000
764.685; 3937.450;    0.000;    0.000
764.878; 3994.450;    0.000;    0.000
765.072; 3836.450;    0.000;    0.000
765.265; 4008.450;    0.000;    0.000
765.458; 3996.450;    0.000;    0.000
765.651; 4094.450;    0.000;    0.000
765.845; 4155.450;    0.000;    0.000
766.038; 4340.450;    0.000;    0.000
766.231; 5710.450;    0.000;    0.000
766.424; 8084.450;    0.000;    0.000
766.617; 7539.450;    0.000;    0.000
766.811; 5033.450;    0.000;    0.000
767.004; 4356.450;    0.000;    0.000
767.197; 4195.450;    0.000;    0.000
767.390; 4164.450;    0.000;    0.000
767.583; 4133.450;    0.000;    0.000
767.776; 4184.450;    0.000;    0.000
767.969; 4002.450;    0.000;    0.000
768.162; 4181.450;    0.000;    0.000
768.355; 4204.450;    0.000;    0.000
768.548; 4344.450;    0.000;    0.000
768.741; 4270.450;    0.000;    0.000
768.934; 4267.450;    0.000;    0.000
769.127; 4232.450;    0.000;    0.000
769.320; 4226.450;    0.000;    0.000
769.513; 4522.450;    0.000;    0.000
769.706; 6021.450;    0.000;    0.000
769.898; 7141.450;    0.000;    0.000
770.091; 5864.450;    0.000;    0.000
770.284; 4599.450;    0.000;    0.000
770.477; 4471.450;    0.000;    0.000
770.670; 4472.450;    0.000;    0.000
770.862; 4344.450;    0.000;    0.000
771.055; 4388.450;    0.000;    0.000
771.248; 4395.450;    0.000;    0.000
771.441; 4431.450;    0.000;    0.000
771.633; 4590.450;    0.000;    0.000
771.826; 4538.450;    0.000;    0.000
772.018; 4580.450;    0.000;    0.000
772.211; 4493.450;    0.000;    0.000
772.404; 4639.450;    0.000;    0.000
772.596; 4603.450;    0.000;    0.000
772.789; 4689.450;    0.000;    0.000
772.981; 4804.450;    0.000;    0.000
773.174; 4780.450;    0.000;    0.000
773.366; 4839.450;    0.000;    0.000
773.559; 4859.450;    0.000;    0.000
773.751; 5082.450;    0.000;    0.000
773.944; 5066.450;    0.000;    0.000
774.136; 5124.450;    0.000;    0.000
774.329; 5261.450;    0.000;    0.000
774.521; 5301.450;    0.000;    0.000
774.713; 5413.450;    0.000;    0.000
774.906; 5607.450;    0.000;    0.000
775.098; 5804.450;    0.000;    0.000
775.290; 5860.450;    0.000;    0.000
775.483; 6140.450;    0.000;    0.000
775.675; 6436.450;    0.000;    0.000
775.867; 6757.450;    0.000;    0.000
776.059; 7362.450;    0.000;    0.000
776.251; 7916.450;    0.000;    0.000
776.444; 8668.450;    0.000;    0.000
776.636; 9998.450;    0.000;    0.000
776.828;12164.450;    0.000;    0.000
777.020;16339.450;    0.000;    0.000
777.212;21412.449;    0.000;    0.000
777.404;23260.449;    0.000;    0.000
777.596;21009.449;    0.000;    0.000
777.788;16788.449;    0.000;    0.000
777.980;13593.450;    0.000;    0.000
778.172;11458.450;    0.000;    0.000
778.364;10156.450;    0.000;    0.000
778.556; 9192.450;    0.000;    0.000
778.748; 8424.450;    0.000;    0.000
778.940; 7938.450;    0.000;    0.000
779.132; 7561.450;    0.000;    0.000
779.324; 7022.450;    0.000;    0.000
779.516; 6694.450;    0.000;    0.000
779.708; 6356.450;    0.000;    0.000
779.900; 6251.450;    0.000;    0.000
780.091; 6026.450;    0.000;    0.000
780.283; 5817.450;    0.000;    0.000
780.475; 5639.450;    0.000;    0.000
780.667; 5594.450;    0.000;    0.000
780.859; 5379.450;    0.000;    0.000
781.050; 5263.450;    0.000;    0.000
781.242; 5136.450;    0.000;    0.000
781.434; 5013.450;    0.000;    0.000
781.625; 5067.450;    0.000;    0.000
781.817; 4897.450;    0.000;    0.000
782.008; 4823.450;    0.000;    0.000
782.200; 5002.450;    0.000;    0.000
782.392; 4820.450;    0.000;    0.000
782.583; 4751.450;    0.000;    0.000
782.775; 4650.450;    0.000;    0.000
782.966; 4617.450;    0.000;    0.000
783.158; 4521.450;    0.000;    0.000
783.349; 4510.450;    0.000;    0.000
783.541; 4597.450;    0.000;    0.000
783.732; 4467.450;    0.000;    0.000
783.924; 4546.450;    0.000;    0.000
784.115; 4398.450;    0.000;    0.000
784.306; 4443.450;    0.000;    0.000
784.498; 4466.450;    0.000;    0.000
784.689; 4419.450;    0.000;    0.000
784.880; 4451.450;    0.000;    0.000
785.072; 4441.450;    0.000;    0.000
785.263; 4363.450;    0.000;    0.000
785.454; 4345.450;    0.000;    0.000
785.645; 4297.450;    0.000;    0.000
785.837; 4287.450;    0.000;    0.000
786.028; 4242.450;    0.000;    0.000
786.219; 4213.450;    0.000;    0.000
786.410; 4178.450;    0.000;    0.000
786.601; 4158.450;    0.000;    0.000
786.792; 4211.450;    0.000;    0.000
786.984; 4239.450;    0.000;    0.000
787.175; 4302.450;    0.000;    0.000
787.366; 4185.450;    0.000;    0.000
787.557; 4271.450;    0.000;    0.000
787.748; 4287.450;    0.000;    0.000
787.939; 4321.450;    0.000;    0.000
788.130; 4247.450;    0.000;    0.000
788.321; 4232.450;    0.000;    0.000
788.512; 4291.450;    0.000;    0.000
788.703; 4195.450;    0.000;    0.000
788.894; 4134.450;    0.000;    0.000
789.084; 4259.450;    0.000;    0.000
789.275; 4324.450;    0.000;    0.000
789.466; 4311.450;    0.000;    0.000
789.657; 4273.450;    0.000;    0.000
789.848; 4407.450;    0.000;    0.000
790.039; 4311.450;    0.000;    0.000
790.229; 4316.450;    0.000;    0.000
790.420; 4363.450;    0.000;    0.000
790.611; 4298.450;    0.000;    0.000
790.801; 4399.450;    0.000;    0.000
790.992; 4341.450;    0.000;    0.000
791.183; 4242.450;    0.000;    0.000
791.373; 4187.450;    0.000;    0.000
791.564; 4217.450;    0.000;    0.000
791.755; 4299.450;    0.000;    0.000
791.945; 4330.450;    0.000;    0.000
792.136; 4191.450;    0.000;    0.000
792.326; 4243.450;    0.000;    0.000
792.517; 4260.450;    0.000;    0.000
792.707; 4285.450;    0.000;    0.000
792.898; 4231.450;    0.000;    0.000
793.088; 4361.450;    0.000;    0.000
793.279; 4279.450;    0.000;    0.000
793.469; 4368.450;    0.000;    0.000
793.660; 4430.450;    0.000;    0.000
793.850; 4441.450;    0.000;    0.000
794.040; 4644.450;    0.000;    0.000
794.231; 4731.450;    0.000;    0.000
794.421; 4942.450;    0.000;    0.000
794.611; 5375.450;    0.000;    0.000
794.802; 5742.450;    0.000;    0.000
794.992; 6056.450;    0.000;    0.000
795.182; 6177.450;    0.000;    0.000
795.372; 5783.450;    0.000;    0.000
795.563; 5427.450;    0.000;    0.000
795.753; 5211.450;    0.000;    0.000
795.943; 4990.450;    0.000;    0.000
796.133; 4754.450;    0.000;    0.000
796.323; 4621.450;    0.000;    0.000
796.513; 4531.450;    0.000;    0.000
796.703; 4501.450;    0.000;    0.000
796.893; 4497.450;    0.000;    0.000
797.083; 4511.450;    0.000;    0.000
797.273; 4346.450;    0.000;    0.000
797.463; 4437.450;    0.000;    0.000
797.653; 4300.450;    0.000;    0.000
797.843; 4284.450;    0.000;    0.000
798.033; 4249.450;    0.000;    0.000
798.223; 4103.450;    0.000;    0.000
798.413; 4082.450;    0.000;    0.000
798.603; 3984.450;    0.000;    0.000
798.793; 3952.450;    0.000;    0.000
798.983; 3822.450;    0.000;    0.000
799.172; 4029.450;    0.000;    0.000
799.362; 4037.450;    0.000;    0.000
799.552; 3870.450;    0.000;    0.000
799.742; 3860.450;    0.000;    0.000
799.932; 3769.450;    0.000;    0.000
800.121; 3870.450;    0.000;    0.000
800.311; 3802.450;    0.000;    0.000
800.501; 3881.450;    0.000;    0.000
800.690; 3866.450;    0.000;    0.000
800.880; 3744.450;    0.000;    0.000
801.070; 3775.450;    0.000;    0.000
801.259; 3903.450;    0.000;    0.000
801.449; 3720.450;    0.000;    0.000
801.638; 3739.450;    0.000;    0.000
801.828; 3708.450;    0.000;    0.000
802.017; 3729.450;    0.000;    0.000
802.207; 3687.450;    0.000;    0.000
802.396; 3676.450;    0.000;    0.000
802.586; 3693.450;    0.000;    0.000
802.775; 3738.450;    0.000;    0.000
802.965; 3740.450;    0.000;    0.000
803.154; 3719.450;    0.000;    0.000
803.343; 3674.450;    0.000;    0.000
803.533; 3646.450;    0.000;    0.000
803.722; 3647.450;    0.000;    0.000
803.911; 3634.450;    0.000;    0.000
804.101; 3587.450;    0.000;    0.000
804.290; 3559.450;    0.000;    0.000
804.479; 3661.450;    0.000;    0.000
804.668; 3663.450;    0.000;    0.000
804.857; 3611.450;    0.000;    0.000
805.047; 3565.450;    0.000;    0.000
805.236; 3661.450;    0.000;    0.000
805.425; 3618.450;    0.000;    0.000
805.614; 3519.450;    0.000;    0.000
805.803; 3579.450;    0.000;    0.000
805.992; 3588.450;    0.000;    0.000
806.181; 3590.450;    0.000;    0.000
806.370; 3603.450;    0.000;    0.000
806.559; 3639.450;    0.000;    0.000
806.748; 3631.450;    0.000;    0.000
806.937; 3638.450;    0.000;    0.000
807.126; 3579.450;    0.000;    0.000
807.315; 3517.450;    0.000;    0.000
807.504; 3615.450;    0.000;    0.000
807.693; 3509.450;    0.000;    0.000
807.882; 3599.450;    0.000;    0.000
808.071; 3571.450;    0.000;    0.000
808.260; 3454.450;    0.000;    0.000
808.448; 3631.450;    0.000;    0.000
808.637; 3692.450;    0.000;    0.000
808.826; 3623.450;    0.000;    0.000
809.015; 3583.450;    0.000;    0.000
809.203; 3611.450;    0.000;    0.000
809.392; 3669.450;    0.000;    0.000
809.581; 3682.450;    0.000;    0.000
809.770; 3673.450;    0.000;    0.000
809.958; 3649.450;    0.000;    0.000
810.147; 3737.450;    0.000;    0.000
810.335; 3614.450;    0.000;    0.000
810.524; 3655.450;    0.000;    0.000
810.713; 3704.450;    0.000;    0.000
810.901; 3714.450;    0.000;    0.000
811.090; 3858.450;    0.000;    0.000
811.278; 3699.450;    0.000;    0.000
811.467; 3873.450;    0.000;    0.000
811.655; 3830.450;    0.000;    0.000
811.844; 3953.450;    0.000;    0.000
812.032; 3869.450;    0.000;    0.000
812.220; 3927.450;    0.000;    0.000
812.409; 3848.450;    0.000;    0.000
812.597; 3931.450;    0.000;    0.000
812.785; 3968.450;    0.000;    0.000
812.974; 3854.450;    0.000;    0.000
813.162; 3991.450;    0.000;    0.000
813.350; 3988.450;    0.000;    0.000
813.539; 4005.450;    0.000;    0.000
813.727; 4182.450;    0.000;    0.000
813.915; 4041.450;    0.000;    0.000
814.103; 4083.450;    0.000;    0.000
814.291; 4136.450;    0.000;    0.000
814.479; 4200.450;    0.000;    0.000
814.668; 4165.450;    0.000;    0.000
814.856; 4210.450;    0.000;    0.000
815.044; 4291.450;    0.000;    0.000
815.232; 4462.450;    0.000;    0.000
815.420; 4560.450;    0.000;    0.000
815.608; 4524.450;    0.000;    0.000
815.796; 4619.450;    0.000;    0.000
815.984; 4857.450;    0.000;    0.000
816.172; 4663.450;    0.000;    0.000
816.360; 4986.450;    0.000;    0.000
816.548; 5038.450;    0.000;    0.000
816.736; 5173.450;    0.000;    0.000
816.924; 5584.450;    0.000;    0.000
817.111; 5777.450;    0.000;    0.000
817.299; 6091.450;    0.000;    0.000
817.487; 6655.450;    0.000;    0.000
817.675; 7320.450;    0.000;    0.000
817.863; 8730.450;    0.000;    0.000
818.050;12458.450;    0.000;    0.000
818.238;20749.449;    0.000;    0.000
818.426;23697.449;    0.000;    0.000
818.613;18418.449;    0.000;    0.000
818.801;15229.450;    0.000;    0.000
818.989;14745.450;    0.000;    0.000
819.176;17360.449;    0.000;    0.000
819.364;26036.449;    0.000;    0.000
819.552;29717.449;    0.000;    0.000
819.739;24192.449;    0.000;    0.000
819.927;17630.449;    0.000;    0.000
820.114;14566.450;    0.000;    0.000
820.302;12872.450;    0.000;    0.000
820.489;11586.450;    0.000;    0.000
820.677;10876.450;    0.000;    0.000
820.864;10233.450;    0.000;    0.000
821.052; 9889.450;    0.000;    0.000
821.239; 9964.450;    0.000;    0.000
821.426;10177.450;    0.000;    0.000
821.614;10704.450;    0.000;    0.000
821.801;10762.450;    0.000;    0.000
821.988; 9818.450;    0.000;    0.000
822.176; 9762.450;    0.000;    0.000
822.363; 9514.450;    0.000;    0.000
822.550; 8788.450;    0.000;    0.000
822.737; 8267.450;    0.000;    0.000
822.924; 7987.450;    0.000;    0.000
823.112; 7619.450;    0.000;    0.000
823.299; 7133.450;    0.000;    0.000
823.486; 6942.450;    0.000;    0.000
823.673; 6639.450;    0.000;    0.000
823.860; 6647.450;    0.000;    0.000
824.047; 6657.450;    0.000;    0.000
824.234; 6712.450;    0.000;    0.000
824.421; 6655.450;    0.000;    0.000
824.608; 6259.450;    0.000;    0.000
824.795; 5909.450;    0.000;    0.000
824.982; 5618.450;    0.000;    0.000
825.169; 5416.450;    0.000;    0.000
825.356; 5303.450;    0.000;    0.000
825.543; 5171.450;    0.000;    0.000
825.730; 4950.450;    0.000;    0.000
825.917; 4845.450;    0.000;    0.000
826.104; 4712.450;    0.000;    0.000
826.290; 4697.450;    0.000;    0.000
826.477; 4463.450;    0.000;    0.000
826.664; 4425.450;    0.000;    0.000
826.851; 4414.450;    0.000;    0.000
827.038; 4238.450;    0.000;    0.000
827.224; 4188.450;    0.000;    0.000
827.411; 4265.450;    0.000;    0.000
827.598; 4250.450;    0.000;    0.000
827.784; 4203.450;    0.000;    0.000
827.971; 3953.450;    0.000;    0.000
828.157; 3988.450;    0.000;    0.000
828.344; 3988.450;    0.000;    0.000
828.531; 3895.450;    0.000;    0.000
828.717; 3849.450;    0.000;    0.000
828.904; 3726.450;    0.000;    0.000
829.090; 3898.450;    0.000;    0.000
829.277; 3752.450;    0.000;    0.000
829.463; 3733.450;    0.000;    0.000
829.650; 3662.450;    0.000;    0.000
829.836; 3601.450;    0.000;    0.000
830.022; 3637.450;    0.000;    0.000
830.209; 3528.450;    0.000;    0.000
830.395; 3492.450;    0.000;    0.000
830.581; 3521.450;    0.000;    0.000
830.768; 3494.450;    0.000;    0.000
830.954; 3440.450;    0.000;    0.000
831.140; 3390.450;    0.000;    0.000
831.327; 3438.450;    0.000;    0.000
831.513; 3468.450;    0.000;    0.000
831.699; 3323.450;    0.000;    0.000
831.885; 3376.450;    0.000;    0.000
832.071; 3307.450;    0.000;    0.000
832.257; 3317.450;    0.000;    0.000
832.444; 3288.450;    0.000;    0.000
832.630; 3281.450;    0.000;    0.000
832.816; 3322.450;    0.000;    0.000
833.002; 3209.450;    0.000;    0.000
833.188; 3270.450;    0.000;    0.000
833.374; 3186.450;    0.000;    0.000
833.560; 3232.450;    0.000;    0.000
833.746; 3159.450;    0.000;    0.000
833.932; 3154.450;    0.000;    0.000
834.118; 2991.450;    0.000;    0.000
834.303; 3077.450;    0.000;    0.000
834.489; 3078.450;    0.000;    0.000
834.675; 3083.450;    0.000;    0.000
834.861; 3061.450;    0.000;    0.000
835.047; 3007.450;    0.000;    0.000
835.233; 3076.450;    0.000;    0.000
835.418; 3023.450;    0.000;    0.000
835.604; 2975.450;    0.000;    0.000
835.790; 2962.450;    0.000;    0.000
835.976; 2961.450;    0.000;    0.000
836.161; 3044.450;    0.000;    0.000
836.347; 2961.450;    0.000;    0.000
836.533; 3039.450;    0.000;    0.000
836.718; 3009.450;    0.000;    0.000
836.904; 3024.450;    0.000;    0.000
837.089; 2950.450;    0.000;    0.000
837.275; 2932.450;    0.000;    0.000
837.460; 2935.450;    0.000;    0.000
837.646; 2978.450;    0.000;    0.000
837.831; 2938.450;    0.000;    0.000
838.017; 2959.450;    0.000;    0.000
838.202; 2884.450;    0.000;    0.000
838.388; 2973.450;    0.000;    0.000
838.573; 2903.450;    0.000;    0.000
838.759; 2995.450;    0.000;    0.000
838.944; 2995.450;    0.000;    0.000
839.129; 2950.450;    0.000;    0.000
839.315; 2812.450;    0.000;    0.000
839.500; 2965.450;    0.000;    0.000
839.685; 2871.450;    0.000;    0.000
839.870; 3001.450;    0.000;    0.000
840.056; 2949.450;    0.000;    0.000
840.241; 2928.450;    0.000;    0.000
840.426; 3048.450;    0.000;    0.000
840.611; 3057.450;    0.000;    0.000
840.796; 2970.450;    0.000;    0.000
840.981; 3026.450;    0.000;    0.000
841.166; 2990.450;    0.000;    0.000
841.352; 3006.450;    0.000;    0.000
841.537; 3048.450;    0.000;    0.000
841.722; 3063.450;    0.000;    0.000
841.907; 3001.450;    0.000;    0.000
842.092; 3127.450;    0.000;    0.000
842.277; 3037.450;    0.000;    0.000
842.461; 3204.450;    0.000;    0.000
842.646; 3163.450;    0.000;    0.000
842.831; 3268.450;    0.000;    0.000
843.016; 3185.450;    0.000;    0.000
843.201; 3362.450;    0.000;    0.000
843.386; 3500.450;    0.000;    0.000
843.571; 3629.450;    0.000;    0.000
843.755; 3754.450;    0.000;    0.000
843.940; 3938.450;    0.000;    0.000
844.125; 4279.450;    0.000;    0.000
844.310; 4808.450;    0.000;    0.000
844.494; 6070.450;    0.000;    0.000
844.679; 7083.450;    0.000;    0.000
844.864; 6885.450;    0.000;    0.000
845.048; 5909.450;    0.000;    0.000
845.233; 5316.450;    0.000;    0.000
845.418; 4835.450;    0.000;    0.000
845.602; 4417.450;    0.000;    0.000
845.787; 4118.450;    0.000;    0.000
845.971; 3936.450;    0.000;    0.000
846.156; 3748.450;    0.000;    0.000
846.340; 3741.450;    0.000;    0.000
846.525; 3546.450;    0.000;    0.000
846.709; 3367.450;    0.000;    0.000
846.893; 3274.450;    0.000;    0.000
847.078; 3170.450;    0.000;    0.000
847.262; 3210.450;    0.000;    0.000
847.447; 3119.450;    0.000;    0.000
847.631; 3003.450;    0.000;    0.000
847.815; 3139.450;    0.000;    0.000
848.000; 2945.450;    0.000;    0.000
848.184; 2925.450;    0.000;    0.000
848.368; 2973.450;    0.000;    0.000
848.552; 2815.450;    0.000;    0.000
848.736; 2879.450;    0.000;    0.000
848.921; 2870.450;    0.000;    0.000
849.105; 2836.450;    0.000;    0.000
849.289; 2800.450;    0.000;    0.000
849.473; 2813.450;    0.000;    0.000
849.657; 2783.450;    0.000;    0.000
849.841; 2741.450;    0.000;    0.000
850.025; 2812.450;    0.000;    0.000
850.209; 2630.450;    0.000;    0.000
850.393; 2624.450;    0.000;    0.000
850.577; 2637.450;    0.000;    0.000
850.761; 2612.450;    0.000;    0.000
850.945; 2604.450;    0.000;    0.000
851.129; 2631.450;    0.000;    0.000
851.313; 2598.450;    0.000;    0.000
851.497; 2582.450;    0.000;    0.000
851.680; 2554.450;    0.000;    0.000
851.864; 2710.450;    0.000;    0.000
852.048; 2565.450;    0.000;    0.000
852.232; 2601.450;    0.000;    0.000
852.416; 2621.450;    0.000;    0.000
852.599; 2573.450;    0.000;    0.000
852.783; 2561.450;    0.000;    0.000
852.967; 2620.450;    0.000;    0.000
853.150; 2572.450;    0.000;    0.000
853.334; 2648.450;    0.000;    0.000
853.518; 2632.450;    0.000;    0.000
853.701; 2572.450;    0.000;    0.000
853.885; 2502.450;    0.000;    0.000
854.068; 2482.450;    0.000;    0.000
854.252; 2662.450;    0.000;    0.000
854.435; 2638.450;    0.000;    0.000
854.619; 2598.450;    0.000;    0.000
854.802; 2425.450;    0.000;    0.000
854.986; 2483.450;    0.000;    0.000
855.169; 2497.450;    0.000;    0.000
855.353; 2537.450;    0.000;    0.000
855.536; 2469.450;    0.000;    0.000
855.719; 2482.450;    0.000;    0.000
855.903; 2575.450;    0.000;    0.000
856.086; 2580.450;    0.000;    0.000
856.269; 2516.450;    0.000;    0.000
856.452; 2516.450;    0.000;    0.000
856.636; 2579.450;    0.000;    0.000
856.819; 2735.450;    0.000;    0.000
857.002; 2650.450;    0.000;    0.000
857.185; 2746.450;    0.000;    0.000
857.368; 2614.450;    0.000;    0.000
857.552; 2575.450;    0.000;    0.000
857.735; 2651.450;    0.000;    0.000
857.918; 2625.450;    0.000;    0.000
858.101; 2633.450;    0.000;    0.000
858.284; 2649.450;    0.000;    0.000
858.467; 2735.450;    0.000;    0.000
858.650; 2747.450;    0.000;    0.000
858.833; 2708.450;    0.000;    0.000
859.016; 2758.450;    0.000;    0.000
859.199; 2748.450;    0.000;    0.000
859.382; 2895.450;    0.000;    0.000
859.564; 2941.450;    0.000;    0.000
859.747; 2904.450;    0.000;    0.000
859.930; 2781.450;    0.000;    0.000
860.113; 2806.450;    0.000;    0.000
860.296; 2837.450;    0.000;    0.000
860.478; 2704.450;    0.000;    0.000
860.661; 2764.450;    0.000;    0.000
860.844; 2760.450;    0.000;    0.000
861.027; 2773.450;    0.000;    0.000
861.209; 2666.450;    0.000;    0.000
861.392; 2710.450;    0.000;    0.000
861.575; 2766.450;    0.000;    0.000
861.757; 2786.450;    0.000;    0.000
861.940; 2728.450;    0.000;    0.000
862.122; 2869.450;    0.000;    0.000
862.305; 2841.450;    0.000;    0.000
862.487; 2877.450;    0.000;    0.000
862.670; 3117.450;    0.000;    0.000
862.852; 3374.450;    0.000;    0.000
863.035; 3702.450;    0.000;    0.000
863.217; 3600.450;    0.000;    0.000
863.400; 3464.450;    0.000;    0.000
863.582; 3404.450;    0.000;    0.000
863.764; 3231.450;    0.000;    0.000
863.947; 3245.450;    0.000;    0.000
864.129; 3132.450;    0.000;    0.000
864.311; 3182.450;    0.000;    0.000
864.493; 3122.450;    0.000;    0.000
864.676; 2965.450;    0.000;    0.000
864.858; 3102.450;    0.000;    0.000
865.040; 3082.450;    0.000;    0.000
865.222; 2989.450;    0.000;    0.000
865.404; 3085.450;    0.000;    0.000
865.587; 3244.450;    0.000;    0.000
865.769; 3219.450;    0.000;    0.000
865.951; 3201.450;    0.000;    0.000
866.133; 3212.450;    0.000;    0.000
866.315; 3168.450;    0.000;    0.000
866.497; 3302.450;    0.000;    0.000
866.679; 3267.450;    0.000;    0.000
866.861; 3528.450;    0.000;    0.000
867.043; 3644.450;    0.000;    0.000
867.225; 3686.450;    0.000;    0.000
867.407; 3865.450;    0.000;    0.000
867.589; 4369.450;    0.000;    0.000
867.770; 4992.450;    0.000;    0.000
867.952; 6266.450;    0.000;    0.000
868.134; 7223.450;    0.000;    0.000
868.316; 7146.450;    0.000;    0.000
868.498; 6892.450;    0.000;    0.000
868.679; 6266.450;    0.000;    0.000
868.861; 5503.450;    0.000;    0.000
869.043; 4827.450;    0.000;    0.000
869.224; 4579.450;    0.000;    0.000
869.406; 4212.450;    0.000;    0.000
869.588; 4073.450;    0.000;    0.000
869.769; 4057.450;    0.000;    0.000
869.951; 3923.450;    0.000;    0.000
870.132; 3967.450;    0.000;    0.000
870.314; 4128.450;    0.000;    0.000
870.495; 4188.450;    0.000;    0.000
870.677; 3856.450;    0.000;    0.000
870.858; 3787.450;    0.000;    0.000
871.040; 3989.450;    0.000;    0.000
871.221; 4210.450;    0.000;    0.000
871.403; 4018.450;    0.000;    0.000
871.584; 4034.450;    0.000;    0.000
871.765; 4073.450;    0.000;    0.000
871.947; 4116.450;    0.000;    0.000
872.128; 3733.450;    0.000;    0.000
872.309; 3477.450;    0.000;    0.000
872.491; 3357.450;    0.000;    0.000
872.672; 3210.450;    0.000;    0.000
872.853; 3114.450;    0.000;    0.000
873.034; 3052.450;    0.000;    0.000
873.215; 2994.450;    0.000;    0.000
873.396; 2980.450;    0.000;    0.000
873.578; 2849.450;    0.000;    0.000
873.759; 2873.450;    0.000;    0.000
873.940; 2784.450;    0.000;    0.000
874.121; 2617.450;    0.000;    0.000
874.302; 2734.450;    0.000;    0.000
874.483; 2644.450;    0.000;    0.000
874.664; 2568.450;    0.000;    0.000
874.845; 2640.450;    0.000;    0.000
875.026; 2654.450;    0.000;    0.000
875.207; 2561.450;    0.000;    0.000
875.388; 2586.450;    0.000;    0.000
875.568; 2560.450;    0.000;    0.000
875.749; 2452.450;    0.000;    0.000
875.930; 2501.450;    0.000;    0.000
876.111; 2480.450;    0.000;    0.000
876.292; 2499.450;    0.000;    0.000
876.472; 2458.450;    0.000;    0.000
876.653; 2408.450;    0.000;    0.000
876.834; 2460.450;    0.000;    0.000
877.015; 2422.450;    0.000;    0.000
877.195; 2475.450;    0.000;    0.000
877.376; 2361.450;    0.000;    0.000
877.556; 2438.450;    0.000;    0.000
877.737; 2392.450;    0.000;    0.000
877.918; 2395.450;    0.000;    0.000
878.098; 2371.450;    0.000;    0.000
878.279; 2400.450;    0.000;    0.000
878.459; 2379.450;    0.000;    0.000
878.640; 2366.450;    0.000;    0.000
878.820; 2369.450;    0.000;    0.000
879.000; 2285.450;    0.000;    0.000
879.181; 2258.450;    0.000;    0.000
879.361; 2277.450;    0.000;    0.000
879.542; 2337.450;    0.000;    0.000
879.722; 2394.450;    0.000;    0.000
879.902; 2324.450;    0.000;    0.000
880.083; 2367.450;    0.000;    0.000
880.263; 2388.450;    0.000;    0.000
880.443; 2624.450;    0.000;    0.000
880.623; 2891.450;    0.000;    0.000
880.803; 2960.450;    0.000;    0.000
880.984; 2791.450;    0.000;    0.000
881.164; 2624.450;    0.000;    0.000
881.344; 2578.450;    0.000;    0.000
881.524; 2495.450;    0.000;    0.000
881.704; 2496.450;    0.000;    0.000
881.884; 2609.450;    0.000;    0.000
882.064; 2558.450;    0.000;    0.000
882.244; 2631.450;    0.000;    0.000
882.424; 2479.450;    0.000;    0.000
882.604; 2474.450;    0.000;    0.000
882.784; 2414.450;    0.000;    0.000
882.964; 2397.450;    0.000;    0.000
883.144; 2351.450;    0.000;    0.000
883.324; 2407.450;    0.000;    0.000
883.504; 2403.450;    0.000;    0.000
883.683; 2315.450;    0.000;    0.000
883.863; 2302.450;    0.000;    0.000
884.043; 2189.450;    0.000;    0.000
884.223; 2293.450;    0.000;    0.000
884.402; 2207.450;    0.000;    0.000
884.582; 2251.450;    0.000;    0.000
884.762; 2215.450;    0.000;    0.000
884.941; 2220.450;    0.000;    0.000
885.121; 2220.450;    0.000;    0.000
885.301; 2253.450;    0.000;    0.000
885.480; 2235.450;    0.000;    0.000
885.660; 2191.450;    0.000;    0.000
885.839; 2248.450;    0.000;    0.000
886.019; 2262.450;    0.000;    0.000
886.198; 2224.450;    0.000;    0.000
886.378; 2145.450;    0.000;    0.000
886.557; 2167.450;    0.000;    0.000
886.737; 2202.450;    0.000;    0.000
886.916; 2217.450;    0.000;    0.000
887.095; 2226.450;    0.000;    0.000
887.275; 2182.450;    0.000;    0.000
887.454; 2145.450;    0.000;    0.000
887.633; 2155.450;    0.000;    0.000
887.813; 2246.450;    0.000;    0.000
887.992; 2253.450;    0.000;    0.000
888.171; 2221.450;    0.000;    0.000
888.350; 2286.450;    0.000;    0.000
888.530; 2173.450;    0.000;    0.000
888.709; 2229.450;    0.000;    0.000
888.888; 2184.450;    0.000;    0.000
889.067; 2240.450;    0.000;    0.000
889.246; 2213.450;    0.000;    0.000
889.425; 2240.450;    0.000;    0.000
889.604; 2268.450;    0.000;    0.000
889.783; 2118.450;    0.000;    0.000
889.962; 2194.450;    0.000;    0.000
890.141; 2184.450;    0.000;    0.000
890.320; 2154.450;    0.000;    0.000
890.499; 2210.450;    0.000;    0.000
890.678; 2141.450;    0.000;    0.000
890.857; 2215.450;    0.000;    0.000
891.036; 2150.450;    0.000;    0.000
891.214; 2171.450;    0.000;    0.000
891.393; 2183.450;    0.000;    0.000
891.572; 2174.450;    0.000;    0.000
891.751; 2175.450;    0.000;    0.000
891.930; 2183.450;    0.000;    0.000
892.108; 2205.450;    0.000;    0.000
892.287; 2167.450;    0.000;    0.000
892.466; 2155.450;    0.000;    0.000
892.644; 2135.450;    0.000;    0.000
892.823; 2129.450;    0.000;    0.000
893.001; 2194.450;    0.000;    0.000
893.180; 2123.450;    0.000;    0.000
893.359; 2231.450;    0.000;    0.000
893.537; 2095.450;    0.000;    0.000
893.716; 2180.450;    0.000;    0.000
893.894; 2125.450;    0.000;    0.000
894.073; 2199.450;    0.000;    0.000
894.251; 2163.450;    0.000;    0.000
894.429; 2095.450;    0.000;    0.000
894.608; 2166.450;    0.000;    0.000
894.786; 2150.450;    0.000;    0.000
894.964; 2119.450;    0.000;    0.000
895.143; 2153.450;    0.000;    0.000
895.321; 2119.450;    0.000;    0.000
895.499; 2139.450;    0.000;    0.000
895.677; 2175.450;    0.000;    0.000
895.856; 2147.450;    0.000;    0.000
896.034; 2224.450;    0.000;    0.000
896.212; 2303.450;    0.000;    0.000
896.390; 2139.450;    0.000;    0.000
896.568; 2149.450;    0.000;    0.000
896.746; 2189.450;    0.000;    0.000
896.924; 2086.450;    0.000;    0.000
897.102; 2191.450;    0.000;    0.000
897.280; 2201.450;    0.000;    0.000
897.458; 2194.450;    0.000;    0.000
897.636; 2128.450;    0.000;    0.000
897.814; 2153.450;    0.000;    0.000
897.992; 2267.450;    0.000;    0.000
898.170; 2192.450;    0.000;    0.000
898.348; 2217.450;    0.000;    0.000
898.526; 2194.450;    0.000;    0.000
898.704; 2262.450;    0.000;    0.000
898.882; 2099.450;    0.000;    0.000
899.059; 2096.450;    0.000;    0.000
899.237; 2138.450;    0.000;    0.000
899.415; 2271.450;    0.000;    0.000
899.593; 2077.450;    0.000;    0.000
899.770; 2203.450;    0.000;    0.000
899.948; 2172.450;    0.000;    0.000
900.125; 2131.450;    0.000;    0.000
900.303; 2063.450;    0.000;    0.000
900.481; 2242.450;    0.000;    0.000
900.658; 2277.450;    0.000;    0.000
900.836; 2290.450;    0.000;    0.000
901.013; 2229.450;    0.000;    0.000
901.191; 2131.450;    0.000;    0.000
901.368; 2243.450;    0.000;    0.000
901.546; 2200.450;    0.000;    0.000
901.723; 2267.450;    0.000;    0.000
901.901; 2258.450;    0.000;    0.000
902.078; 2307.450;    0.000;    0.000
902.255; 2251.450;    0.000;    0.000
902.433; 2234.450;    0.000;    0.000
902.610; 2281.450;    0.000;    0.000
902.787; 2333.450;    0.000;    0.000
902.964; 2305.450;    0.000;    0.000
903.142; 2319.450;    0.000;    0.000
903.319; 2455.450;    0.000;    0.000
903.496; 2422.450;    0.000;    0.000
903.673; 2510.450;    0.000;    0.000
903.850; 2452.450;    0.000;    0.000
904.027; 2597.450;    0.000;    0.000
904.204; 2507.450;    0.000;    0.000
904.381; 2709.450;    0.000;    0.000
904.558; 2857.450;    0.000;    0.000
904.735; 2994.450;    0.000;    0.000
904.912; 3000.450;    0.000;    0.000
905.089; 2941.450;    0.000;    0.000
905.266; 2874.450;    0.000;    0.000
905.443; 2770.450;    0.000;    0.000
905.620; 2703.450;    0.000;    0.000
905.797; 2674.450;    0.000;    0.000
905.974; 2600.450;    0.000;    0.000
906.151; 2587.450;    0.000;    0.000
906.327; 2611.450;    0.000;    0.000
906.504; 2613.450;    0.000;    0.000
906.681; 2565.450;    0.000;    0.000
906.858; 2544.450;    0.000;    0.000
907.034; 2501.450;    0.000;    0.000
907.211; 2437.450;    0.000;    0.000
907.388; 2444.450;    0.000;    0.000
907.564; 2410.450;    0.000;    0.000
907.741; 2432.450;    0.000;    0.000
907.917; 2420.450;    0.000;    0.000
908.094; 2402.450;    0.000;    0.000
908.271; 2434.450;    0.000;    0.000
908.447; 2407.450;    0.000;    0.000
908.623; 2390.450;    0.000;    0.000
908.800; 2354.450;    0.000;    0.000
908.976; 2323.450;    0.000;    0.000
909.153; 2355.450;    0.000;    0.000
909.329; 2381.450;    0.000;    0.000
909.505; 2169.450;    0.000;    0.000
909.682; 2267.450;    0.000;    0.000
909.858; 2337.450;    0.000;    0.000
910.034; 2299.450;    0.000;    0.000
910.211; 2282.450;    0.000;    0.000
910.387; 2294.450;    0.000;    0.000
910.563; 2277.450;    0.000;    0.000
910.739; 2280.450;    0.000;    0.000
910.915; 2251.450;    0.000;    0.000
911.091; 2383.450;    0.000;    0.000
911.268; 2327.450;    0.000;    0.000
911.444; 2236.450;    0.000;    0.000
911.620; 2218.450;    0.000;    0.000
911.796; 2235.450;    0.000;    0.000
911.972; 2219.450;    0.000;    0.000
912.148; 2269.450;    0.000;    0.000
912.324; 2380.450;    0.000;    0.000
912.500; 2315.450;    0.000;    0.000
912.676; 2251.450;    0.000;    0.000
912.851; 2279.450;    0.000;    0.000
913.027; 2310.450;    0.000;    0.000
913.203; 2284.450;    0.000;    0.000
913.379; 2245.450;    0.000;    0.000
913.555; 2195.450;    0.000;    0.000
913.730; 2239.450;    0.000;    0.000
913.906; 2293.450;    0.000;    0.000
914.082; 2330.450;    0.000;    0.000
914.258; 2280.450;    0.000;    0.000
914.433; 2253.450;    0.000;    0.000
914.609; 2145.450;    0.000;    0.000
914.784; 2234.450;    0.000;    0.000
914.960; 2281.450;    0.000;    0.000
915.136; 2208.450;    0.000;    0.000
915.311; 2224.450;    0.000;    0.000
915.487; 2218.450;    0.000;    0.000
915.662; 2183.450;    0.000;    0.000
915.838; 2228.450;    0.000;    0.000
916.013; 2200.450;    0.000;    0.000
916.189; 2260.450;    0.000;    0.000
916.364; 2319.450;    0.000;    0.000
916.539; 2185.450;    0.000;    0.000
916.715; 2280.450;    0.000;    0.000
916.890; 2222.450;    0.000;    0.000
917.065; 2248.450;    0.000;    0.000
917.240; 2289.450;    0.000;    0.000
917.416; 2338.450;    0.000;    0.000
917.591; 2348.450;    0.000;    0.000
917.766; 2367.450;    0.000;    0.000
917.941; 2294.450;    0.000;    0.000
918.116; 2300.450;    0.000;    0.000
918.292; 2255.450;    0.000;    0.000
918.467; 2320.450;    0.000;    0.000
918.642; 2285.450;    0.000;    0.000
918.817; 2299.450;    0.000;    0.000
918.992; 2298.450;    0.000;    0.000
919.167; 2305.450;    0.000;    0.000
919.342; 2364.450;    0.000;    0.000
919.517; 2384.450;    0.000;    0.000
919.692; 2411.450;    0.000;    0.000
919.867; 2469.450;    0.000;    0.000
920.041; 2460.450;    0.000;    0.000
920.216; 2412.450;    0.000;    0.000
920.391; 2486.450;    0.000;    0.000
920.566; 2515.450;    0.000;    0.000
920.741; 2574.450;    0.000;    0.000
920.915; 2558.450;    0.000;    0.000
921.090; 2818.450;    0.000;    0.000
921.265; 3135.450;    0.000;    0.000
921.439; 3191.450;    0.000;    0.000
921.614; 3129.450;    0.000;    0.000
921.789; 2851.450;    0.000;    0.000
921.963; 2815.450;    0.000;    0.000
922.138; 2667.450;    0.000;    0.000
922.312; 2749.450;    0.000;    0.000
922.487; 2742.450;    0.000;    0.000
922.661; 2859.450;    0.000;    0.000
922.836; 3017.450;    0.000;    0.000
923.010; 2955.450;    0.000;    0.000
923.185; 2900.450;    0.000;    0.000
923.359; 2773.450;    0.000;    0.000
923.534; 2861.450;    0.000;    0.000
923.708; 2930.450;    0.000;    0.000
923.882; 2883.450;    0.000;    0.000
924.057; 2764.450;    0.000;    0.000
924.231; 2828.450;    0.000;    0.000
924.405; 2712.450;    0.000;    0.000
924.579; 2685.450;    0.000;    0.000
924.753; 2651.450;    0.000;    0.000
924.928; 2610.450;    0.000;    0.000
925.102; 2642.450;    0.000;    0.000
925.276; 2602.450;    0.000;    0.000
925.450; 2620.450;    0.000;    0.000
925.624; 2643.450;    0.000;    0.000
925.798; 2723.450;    0.000;    0.000
925.972; 2657.450;    0.000;    0.000
926.146; 2713.450;    0.000;    0.000
926.320; 2782.450;    0.000;    0.000
926.494; 2947.450;    0.000;    0.000
926.668; 2963.450;    0.000;    0.000
926.842; 3162.450;    0.000;    0.000
927.016; 3184.450;    0.000;    0.000
927.190; 3075.450;    0.000;    0.000
927.363; 3001.450;    0.000;    0.000
927.537; 3009.450;    0.000;    0.000
927.711; 2973.450;    0.000;    0.000
927.885; 2902.450;    0.000;    0.000
928.058; 2905.450;    0.000;    0.000
928.232; 2824.450;    0.000;    0.000
928.406; 2770.450;    0.000;    0.000
928.579; 2776.450;    0.000;    0.000
928.753; 2769.450;    0.000;    0.000
928.927; 2724.450;    0.000;    0.000
929.100; 2706.450;    0.000;    0.000
929.274; 2561.450;    0.000;    0.000
929.447; 2578.450;    0.000;    0.000
929.621; 2646.450;    0.000;    0.000
929.794; 2570.450;    0.000;    0.000
929.968; 2605.450;    0.000;    0.000
930.141; 2554.450;    0.000;    0.000
930.315; 2521.450;    0.000;    0.000
930.488; 2549.450;    0.000;    0.000
930.661; 2523.450;    0.000;    0.000
930.835; 2400.450;    0.000;    0.000
931.008; 2443.450;    0.000;    0.000
931.181; 2388.450;    0.000;    0.000
931.354; 2434.450;    0.000;    0.000
931.528; 2413.450;    0.000;    0.000
931.701; 2364.450;    0.000;    0.000
931.874; 2327.450;    0.000;    0.000
932.047; 2326.450;    0.000;    0.000
932.220; 2283.450;    0.000;    0.000
932.393; 2362.450;    0.000;    0.000
932.566; 2314.450;    0.000;    0.000
932.739; 2321.450;    0.000;    0.000
932.912; 2297.450;    0.000;    0.000
933.085; 2295.450;    0.000;    0.000
933.258; 2309.450;    0.000;    0.000
933.431; 2319.450;    0.000;    0.000
933.604; 2204.450;    0.000;    0.000
933.777; 2268.450;    0.000;    0.000
933.950; 2387.450;    0.000;    0.000
934.123; 2224.450;    0.000;    0.000
934.296; 2243.450;    0.000;    0.000
934.468; 2186.450;    0.000;    0.000
934.641; 2198.450;    0.000;    0.000
934.814; 2229.450;    0.000;    0.000
934.987; 2204.450;    0.000;    0.000
935.159; 2145.450;    0.000;    0.000
935.332; 2137.450;    0.000;    0.000
935.505; 2159.450;    0.000;    0.000
935.677; 2274.450;    0.000;    0.000
935.850; 2192.450;    0.000;    0.000
936.022; 2204.450;    0.000;    0.000
936.195; 2210.450;    0.000;    0.000
936.367; 2223.450;    0.000;    0.000
936.540; 2181.450;    0.000;    0.000
936.712; 2252.450;    0.000;    0.000
936.885; 2214.450;    0.000;    0.000
937.057; 2251.450;    0.000;    0.000
937.229; 2209.450;    0.000;    0.000
937.402; 2248.450;    0.000;    0.000
937.574; 2294.450;    0.000;    0.000
937.746; 2335.450;    0.000;    0.000
937.919; 2375.450;    0.000;    0.000
938.091; 2228.450;    0.000;    0.000
938.263; 2434.450;    0.000;    0.000
938.435; 2537.450;    0.000;    0.000
938.608; 2565.450;    0.000;    0.000
938.780; 2757.450;    0.000;    0.000
938.952; 2900.450;    0.000;    0.000
939.124; 2831.450;    0.000;    0.000
939.296; 2884.450;    0.000;    0.000
939.468; 2920.450;    0.000;    0.000
939.640; 2726.450;    0.000;    0.000
939.812; 2704.450;    0.000;    0.000
939.984; 2495.450;    0.000;    0.000
940.156; 2516.450;    0.000;    0.000
940.328; 2502.450;    0.000;    0.000
940.500; 2377.450;    0.000;    0.000
940.672; 2362.450;    0.000;    0.000
940.843; 2361.450;    0.000;    0.000
941.015; 2286.450;    0.000;    0.000
941.187; 2197.450;    0.000;    0.000
941.359; 2238.450;    0.000;    0.000
941.531; 2217.450;    0.000;    0.000
941.702; 2288.450;    0.000;    0.000
941.874; 2189.450;    0.000;    0.000
942.046; 2258.450;    0.000;    0.000
942.217; 2261.450;    0.000;    0.000
942.389; 2230.450;    0.000;    0.000
942.560; 2144.450;    0.000;    0.000
942.732; 2218.450;    0.000;    0.000
942.904; 2157.450;    0.000;    0.000
943.075; 2170.450;    0.000;    0.000
943.247; 2111.450;    0.000;    0.000
943.418; 2042.450;    0.000;    0.000
943.589; 2071.450;    0.000;    0.000
943.761; 2084.450;    0.000;    0.000
943.932; 2185.450;    0.000;    0.000
944.104; 2137.450;    0.000;    0.000
944.275; 2037.450;    0.000;    0.000
944.446; 2053.450;    0.000;    0.000
944.617; 2076.450;    0.000;    0.000
944.789; 2088.450;    0.000;    0.000
944.960; 2048.450;    0.000;    0.000
945.131; 2064.450;    0.000;    0.000
945.302; 2128.450;    0.000;    0.000
945.473; 2090.450;    0.000;    0.000
945.645; 2160.450;    0.000;    0.000
945.816; 2092.450;    0.000;    0.000
945.987; 2150.450;    0.000;    0.000
946.158; 2036.450;    0.000;    0.000
946.329; 2145.450;    0.000;    0.000
946.500; 2100.450;    0.000;    0.000
946.671; 2036.450;    0.000;    0.000
946.842; 2153.450;    0.000;    0.000
947.013; 2034.450;    0.000;    0.000
947.183; 2104.450;    0.000;    0.000
947.354; 2070.450;    0.000;    0.000
947.525; 2124.450;    0.000;    0.000
947.696; 2004.450;    0.000;    0.000
947.867; 2149.450;    0.000;    0.000
948.037; 2046.450;    0.000;    0.000
948.208; 2067.450;    0.000;    0.000
948.379; 2074.450;    0.000;    0.000
948.550; 2022.450;    0.000;    0.000
948.720; 2038.450;    0.000;    0.000
948.891; 2071.450;    0.000;    0.000
949.061; 2075.450;    0.000;    0.000
949.232; 2101.450;    0.000;    0.000
949.403; 1987.450;    0.000;    0.000
949.573; 2063.450;    0.000;    0.000
949.744; 2091.450;    0.000;    0.000
949.914; 2035.450;    0.000;    0.000
950.085; 2110.450;    0.000;    0.000
950.255; 2081.450;    0.000;    0.000
950.425; 1959.450;    0.000;    0.000
950.596; 2055.450;    0.000;    0.000
950.766; 2169.450;    0.000;    0.000
950.936; 2071.450;    0.000;    0.000
951.107; 2028.450;    0.000;    0.000
951.277; 2053.450;    0.000;    0.000
951.447; 2115.450;    0.000;    0.000
951.617; 2096.450;    0.000;    0.000
951.788; 2121.450;    0.000;    0.000
951.958; 2092.450;    0.000;    0.000
952.128; 2036.450;    0.000;    0.000
952.298; 1915.450;    0.000;    0.000
952.468; 2102.450;    0.000;    0.000
952.638; 2078.450;    0.000;    0.000
952.808; 2046.450;    0.000;    0.000
952.978; 2108.450;    0.000;    0.000
953.148; 2027.450;    0.000;    0.000
953.318; 1991.450;    0.000;    0.000
953.488; 2005.450;    0.000;    0.000
953.658; 1999.450;    0.000;    0.000
953.828; 2082.450;    0.000;    0.000
953.998; 2017.450;    0.000;    0.000
954.167; 1987.450;    0.000;    0.000
954.337; 1978.450;    0.000;    0.000
954.507; 2031.450;    0.000;    0.000
954.677; 2079.450;    0.000;    0.000
954.846; 2184.450;    0.000;    0.000
955.016; 2099.450;    0.000;    0.000
955.186; 2167.450;    0.000;    0.000
955.355; 2071.450;    0.000;    0.000
955.525; 2039.450;    0.000;    0.000
955.695; 2060.450;    0.000;    0.000
955.864; 2163.450;    0.000;    0.000
956.034; 1993.450;    0.000;    0.000
956.203; 2153.450;    0.000;    0.000
956.373; 2029.450;    0.000;    0.000
956.542; 2090.450;    0.000;    0.000
956.711; 1981.450;    0.000;    0.000
956.881; 2042.450;    0.000;    0.000
957.050; 1978.450;    0.000;    0.000
957.220; 2082.450;    0.000;    0.000
957.389; 2039.450;    0.000;    0.000
957.558; 2038.450;    0.000;    0.000
957.727; 2095.450;    0.000;    0.000
957.897; 2055.450;    0.000;    0.000
958.066; 2123.450;    0.000;    0.000
958.235; 1993.450;    0.000;    0.000
958.404; 1999.450;    0.000;    0.000
958.573; 2093.450;    0.000;    0.000
958.743; 1975.450;    0.000;    0.000
958.912; 2055.450;    0.000;    0.000
959.081; 2096.450;    0.000;    0.000
959.250; 2127.450;    0.000;    0.000
959.419; 1980.450;    0.000;    0.000
959.588; 2059.450;    0.000;    0.000
959.757; 2041.450;    0.000;    0.000
959.926; 2070.450;    0.000;    0.000
960.094; 2005.450;    0.000;    0.000
960.263; 2036.450;    0.000;    0.000
960.432; 1963.450;    0.000;    0.000
960.601; 2048.450;    0.000;    0.000
960.770; 2075.450;    0.000;    0.000
960.939; 2060.450;    0.000;    0.000
961.107; 2022.450;    0.000;    0.000
961.276; 2003.450;    0.000;    0.000
961.445; 1990.450;    0.000;    0.000
961.613; 2075.450;    0.000;    0.000
961.782; 2042.450;    0.000;    0.000
961.951; 2037.450;    0.000;    0.000
962.119; 2059.450;    0.000;    0.000
962.288; 1993.450;    0.000;    0.000
962.456; 1961.450;    0.000;    0.000
962.625; 2031.450;    0.000;    0.000
962.793; 2062.450;    0.000;    0.000
962.962; 2019.450;    0.000;    0.000
963.130; 1988.450;    0.000;    0.000
963.298; 1956.450;    0.000;    0.000
963.467; 1985.450;    0.000;    0.000
963.635; 1989.450;    0.000;    0.000
963.803; 2037.450;    0.000;    0.000
963.972; 2018.450;    0.000;    0.000
964.140; 1994.450;    0.000;    0.000
964.308; 1926.450;    0.000;    0.000
964.477; 2028.450;    0.000;    0.000
964.645; 1964.450;    0.000;    0.000
964.813; 2057.450;    0.000;    0.000
964.981; 2023.450;    0.000;    0.000
965.149; 2001.450;    0.000;    0.000
965.317; 2070.450;    0.000;    0.000
965.485; 1970.450;    0.000;    0.000
965.653; 2136.450;    0.000;    0.000
965.821; 2027.450;    0.000;    0.000
965.989; 2060.450;    0.000;    0.000
966.157; 1987.450;    0.000;    0.000
966.325; 1987.450;    0.000;    0.000
966.493; 1980.450;    0.000;    0.000
966.661; 2033.450;    0.000;    0.000
966.829; 1928.450;    0.000;    0.000
966.996; 2101.450;    0.000;    0.000
967.164; 2029.450;    0.000;    0.000
967.332; 2114.450;    0.000;    0.000
967.500; 2070.450;    0.000;    0.000
967.667; 2000.450;    0.000;    0.000
967.835; 2136.450;    0.000;    0.000
968.003; 2068.450;    0.000;    0.000
968.170; 1909.450;    0.000;    0.000
968.338; 2057.450;    0.000;    0.000
968.505; 1896.450;    0.000;    0.000
968.673; 1976.450;    0.000;    0.000
968.841; 1938.450;    0.000;    0.000
969.008; 2052.450;    0.000;    0.000
969.175; 1958.450;    0.000;    0.000
969.343; 2042.450;    0.000;    0.000
969.510; 2010.450;    0.000;    0.000
969.678; 2049.450;    0.000;    0.000
969.845; 2096.450;    0.000;    0.000
970.012; 2111.450;    0.000;    0.000
970.180; 2127.450;    0.000;    0.000
970.347; 2101.450;    0.000;    0.000
970.514; 2056.450;    0.000;    0.000
970.681; 2110.450;    0.000;    0.000
970.849; 2031.450;    0.000;    0.000
971.016; 2097.450;    0.000;    0.000
971.183; 2100.450;    0.000;    0.000
971.350; 2142.450;    0.000;    0.000
971.517; 2077.450;    0.000;    0.000
971.684; 2109.450;    0.000;    0.000
971.851; 2162.450;    0.000;    0.000
972.018; 2106.450;    0.000;    0.000
972.185; 2091.450;    0.000;    0.000
972.352; 2102.450;    0.000;    0.000
972.519; 2136.450;    0.000;    0.000
972.686; 2167.450;    0.000;    0.000
972.853; 2093.450;    0.000;    0.000
973.020; 2087.450;    0.000;    0.000
973.186; 2041.450;    0.000;    0.000
973.353; 2084.450;    0.000;    0.000
973.520; 2049.450;    0.000;    0.000
973.687; 2122.450;    0.000;    0.000
973.853; 2081.450;    0.000;    0.000
974.020; 2202.450;    0.000;    0.000
974.187; 2080.450;    0.000;    0.000
974.353; 2066.450;    0.000;    0.000
974.520; 2009.450;    0.000;    0.000
974.687; 2054.450;    0.000;    0.000
974.853; 2117.450;    0.000;    0.000
975.020; 2174.450;    0.000;    0.000
975.186; 2103.450;    0.000;    0.000
975.353; 2082.450;    0.000;    0.000
975.519; 2227.450;    0.000;    0.000
975.685; 2056.450;    0.000;    0.000
975.852; 2157.450;    0.000;    0.000
976.018; 2039.450;    0.000;    0.000
976.184; 2113.450;    0.000;    0.000
976.351; 1995.450;    0.000;    0.000
976.517; 2012.450;    0.000;    0.000
976.683; 2068.450;    0.000;    0.000
976.849; 2041.450;    0.000;    0.000
977.016; 1938.450;    0.000;    0.000
977.182; 1957.450;    0.000;    0.000
977.348; 1976.450;    0.000;    0.000
977.514; 1898.450;    0.000;    0.000
977.680; 1952.450;    0.000;    0.000
977.846; 1969.450;    0.000;    0.000
978.012; 2020.450;    0.000;    0.000
978.178; 1960.450;    0.000;    0.000
978.344; 1957.450;    0.000;    0.000
978.510; 1952.450;    0.000;    0.000
978.676; 1988.450;    0.000;    0.000
978.842; 1978.450;    0.000;    0.000
979.008; 1936.450;    0.000;    0.000
979.174; 2018.450;    0.000;    0.000
979.340; 2020.450;    0.000;    0.000
979.505; 2052.450;    0.000;    0.000
979.671; 1987.450;    0.000;    0.000
979.837; 2050.450;    0.000;    0.000
980.003; 1965.450;    0.000;    0.000
980.168; 2044.450;    0.000;    0.000
980.334; 1982.450;    0.000;    0.000
980.499; 2021.450;    0.000;    0.000
980.665; 2061.450;    0.000;    0.000
980.831; 1990.450;    0.000;    0.000
980.996; 2038.450;    0.000;    0.000
981.162; 2123.450;    0.000;    0.000
981.327; 2090.450;    0.000;    0.000
981.493; 2114.450;    0.000;    0.000
981.658; 2101.450;    0.000;    0.000
981.823; 2107.450;    0.000;    0.000
981.989; 2059.450;    0.000;    0.000
982.154; 2143.450;    0.000;    0.000
982.319; 2079.450;    0.000;    0.000
982.485; 2084.450;    0.000;    0.000
982.650; 2067.450;    0.000;    0.000
982.815; 2117.450;    0.000;    0.000
982.980; 2005.450;    0.000;    0.000
983.146; 2127.450;    0.000;    0.000
983.311; 2014.450;    0.000;    0.000
983.476; 2089.450;    0.000;    0.000
983.641; 2050.450;    0.000;    0.000
983.806; 1996.450;    0.000;    0.000
983.971; 2059.450;    0.000;    0.000
984.136; 2055.450;    0.000;    0.000
984.301; 2090.450;    0.000;    0.000
984.466; 2079.450;    0.000;    0.000
984.631; 2008.450;    0.000;    0.000
984.796; 2133.450;    0.000;    0.000
984.961; 2003.450;    0.000;    0.000
985.126; 2099.450;    0.000;    0.000
985.291; 2089.450;    0.000;    0.000
985.455; 2014.450;    0.000;    0.000
985.620; 2046.450;    0.000;    0.000
985.785; 2025.450;    0.000;    0.000
985.950; 1955.450;    0.000;    0.000
986.114; 2064.450;    0.000;    0.000
986.279; 2035.450;    0.000;    0.000
986.444; 2017.450;    0.000;    0.000
986.608; 2018.450;    0.000;    0.000
986.773; 2031.450;    0.000;    0.000
986.937; 2152.450;    0.000;    0.000
987.102; 2155.450;    0.000;    0.000
987.266; 2074.450;    0.000;    0.000
987.431; 2153.450;    0.000;    0.000
987.595; 2149.450;    0.000;    0.000
987.760; 2146.450;    0.000;    0.000
987.924; 2201.450;    0.000;    0.000
988.088; 2055.450;    0.000;    0.000
988.253; 2136.450;    0.000;    0.000
988.417; 2068.450;    0.000;    0.000
988.581; 2087.450;    0.000;    0.000
988.746; 2064.450;    0.000;    0.000
988.910; 2119.450;    0.000;    0.000
989.074; 2194.450;    0.000;    0.000
989.238; 2122.450;    0.000;    0.000
989.402; 2119.450;    0.000;    0.000
989.566; 2078.450;    0.000;    0.000
989.731; 2081.450;    0.000;    0.000
989.895; 2097.450;    0.000;    0.000
990.059; 2009.450;    0.000;    0.000
990.223; 1993.450;    0.000;    0.000
990.387; 2115.450;    0.000;    0.000
990.551; 2062.450;    0.000;    0.000
990.714; 2126.450;    0.000;    0.000
990.878; 2078.450;    0.000;    0.000
991.042; 2038.450;    0.000;    0.000
991.206; 2157.450;    0.000;    0.000
991.370; 2227.450;    0.000;    0.000
991.534; 2079.450;    0.000;    0.000
991.697; 2153.450;    0.000;    0.000
991.861; 2093.450;    0.000;    0.000
992.025; 2030.450;    0.000;    0.000
992.188; 2087.450;    0.000;    0.000
992.352; 2199.450;    0.000;    0.000
992.516; 2116.450;    0.000;    0.000
992.679; 2034.450;    0.000;    0.000
992.843; 2065.450;    0.000;    0.000
993.006; 2103.450;    0.000;    0.000
993.170; 2147.450;    0.000;    0.000
993.333; 2060.450;    0.000;    0.000
993.497; 2073.450;    0.000;    0.000
993.660; 2000.450;    0.000;    0.000
993.824; 2115.450;    0.000;    0.000
993.987; 2033.450;    0.000;    0.000
994.150; 2088.450;    0.000;    0.000
994.314; 2216.450;    0.000;    0.000
994.477; 2082.450;    0.000;    0.000
994.640; 2091.450;    0.000;    0.000
994.803; 2080.450;    0.000;    0.000
994.967; 2082.450;    0.000;    0.000
995.130; 2082.450;    0.000;    0.000
995.293; 2119.450;    0.000;    0.000
995.456; 2133.450;    0.000;    0.000
995.619; 2174.450;    0.000;    0.000
995.782; 2149.450;    0.000;    0.000
995.945; 2133.450;    0.000;    0.000
996.108; 2145.450;    0.000;    0.000
996.271; 2126.450;    0.000;    0.000
996.434; 2093.450;    0.000;    0.000
996.597; 2108.450;    0.000;    0.000
996.760; 2090.450;    0.000;    0.000
996.923; 2054.450;    0.000;    0.000
997.086; 2101.450;    0.000;    0.000
997.248; 2168.450;    0.000;    0.000
997.411; 2084.450;    0.000;    0.000
997.574; 2003.450;    0.000;    0.000
997.737; 2019.450;    0.000;    0.000
997.899; 2108.450;    0.000;    0.000
998.062; 2012.450;    0.000;    0.000
998.225; 2112.450;    0.000;    0.000
998.387; 2103.450;    0.000;    0.000
998.550; 2051.450;    0.000;    0.000
998.712; 2138.450;    0.000;    0.000
998.875; 2132.450;    0.000;    0.000
999.037; 2036.450;    0.000;    0.000
999.200; 2095.450;    0.000;    0.000
999.362; 2157.450;    0.000;    0.000
999.525; 2047.450;    0.000;    0.000
999.687; 2108.450;    0.000;    0.000
999.849; 2096.450;    0.000;    0.000
1000.012; 2039.450;    0.000;    0.000
1000.174; 2182.450;    0.000;    0.000
1000.336; 2131.450;    0.000;    0.000
1000.499; 2196.450;    0.000;    0.000
1000.661; 2154.450;    0.000;    0.000
1000.823; 2185.450;    0.000;    0.000
1000.985; 2253.450;    0.000;    0.000
1001.147; 2221.450;    0.000;    0.000
1001.309; 2276.450;    0.000;    0.000
1001.471; 2259.450;    0.000;    0.000
1001.633; 2248.450;    0.000;    0.000
1001.796; 2252.450;    0.000;    0.000
1001.958; 2204.450;    0.000;    0.000
1002.119; 2192.450;    0.000;    0.000
1002.281; 2377.450;    0.000;    0.000
1002.443; 2328.450;    0.000;    0.000
1002.605; 2352.450;    0.000;    0.000
1002.767; 2402.450;    0.000;    0.000
1002.929; 2498.450;    0.000;    0.000
1003.091; 2588.450;    0.000;    0.000
1003.252; 2616.450;    0.000;    0.000
1003.414; 2618.450;    0.000;    0.000
1003.576; 2727.450;    0.000;    0.000
1003.738; 2805.450;    0.000;    0.000
1003.899; 2872.450;    0.000;    0.000
1004.061; 2916.450;    0.000;    0.000
1004.222; 3015.450;    0.000;    0.000
1004.384; 3069.450;    0.000;    0.000
1004.546; 3210.450;    0.000;    0.000
1004.707; 3100.450;    0.000;    0.000
1004.869; 3082.450;    0.000;    0.000
1005.030; 3045.450;    0.000;    0.000
1005.191; 2942.450;    0.000;    0.000
1005.353; 2991.450;    0.000;    0.000
1005.514; 2952.450;    0.000;    0.000
1005.675; 2723.450;    0.000;    0.000
1005.837; 2758.450;    0.000;    0.000
1005.998; 2807.450;    0.000;    0.000
1006.159; 2795.450;    0.000;    0.000
1006.321; 2816.450;    0.000;    0.000
1006.482; 2857.450;    0.000;    0.000
1006.643; 2843.450;    0.000;    0.000
1006.804; 2933.450;    0.000;    0.000
1006.965; 2907.450;    0.000;    0.000
1007.126; 3072.450;    0.000;    0.000
1007.287; 3038.450;    0.000;    0.000
1007.448; 2953.450;    0.000;    0.000
1007.609; 3000.450;    0.000;    0.000
1007.770; 3021.450;    0.000;    0.000
1007.931; 2918.450;    0.000;    0.000
1008.092; 2941.450;    0.000;    0.000
1008.253; 3024.450;    0.000;    0.000
1008.414; 3116.450;    0.000;    0.000
1008.575; 3068.450;    0.000;    0.000
1008.736; 3065.450;    0.000;    0.000
1008.896; 3154.450;    0.000;    0.000
1009.057; 3126.450;    0.000;    0.000
1009.218; 3066.450;    0.000;    0.000
1009.379; 3042.450;    0.000;    0.000
1009.539; 3032.450;    0.000;    0.000
1009.700; 3123.450;    0.000;    0.000
1009.860; 3053.450;    0.000;    0.000
1010.021; 3049.450;    0.000;    0.000
1010.182; 3019.450;    0.000;    0.000
1010.342; 3038.450;    0.000;    0.000
1010.503; 3177.450;    0.000;    0.000
1010.663; 3076.450;    0.000;    0.000
1010.823; 3072.450;    0.000;    0.000
1010.984; 3101.450;    0.000;    0.000
1011.144; 3231.450;    0.000;    0.000
1011.305; 3364.450;    0.000;    0.000
1011.465; 3228.450;    0.000;    0.000
1011.625; 3406.450;    0.000;    0.000
1011.785; 3386.450;    0.000;    0.000
1011.946; 3337.450;    0.000;    0.000
1012.106; 3330.450;    0.000;    0.000
1012.266; 3382.450;    0.000;    0.000
1012.426; 3317.450;    0.000;    0.000
1012.586; 3365.450;    0.000;    0.000
1012.746; 3232.450;    0.000;    0.000
1012.906; 3291.450;    0.000;    0.000
1013.066; 3329.450;    0.000;    0.000
1013.226; 3366.450;    0.000;    0.000
1013.386; 3328.450;    0.000;    0.000
1013.546; 3290.450;    0.000;    0.000
1013.706; 3187.450;    0.000;    0.000
1013.866; 3268.450;    0.000;    0.000
1014.026; 3347.450;    0.000;    0.000
1014.186; 3268.450;    0.000;    0.000
1014.346; 3309.450;    0.000;    0.000
1014.505; 3395.450;    0.000;    0.000
1014.665; 3344.450;    0.000;    0.000
1014.825; 3387.450;    0.000;    0.000
1014.985; 3394.450;    0.000;    0.000
1015.144; 3350.450;    0.000;    0.000
1015.304; 3701.450;    0.000;    0.000
1015.464; 3526.450;    0.000;    0.000
1015.623; 3379.450;    0.000;    0.000
1015.783; 3559.450;    0.000;    0.000
1015.942; 3999.450;    0.000;    0.000
1016.102; 3812.450;    0.000;    0.000
1016.261; 3529.450;    0.000;    0.000
1016.420; 3873.450;    0.000;    0.000
1016.580; 4311.450;    0.000;    0.000
1016.739; 4257.450;    0.000;    0.000
1016.899; 3964.450;    0.000;    0.000
1017.058; 4136.450;    0.000;    0.000
1017.217; 4278.450;    0.000;    0.000
1017.376; 4235.450;    0.000;    0.000
1017.536; 3918.450;    0.000;    0.000
1017.695; 3900.450;    0.000;    0.000
1017.854; 3962.450;    0.000;    0.000
1018.013; 3927.450;    0.000;    0.000
1018.172; 3771.450;    0.000;    0.000
1018.331; 3769.450;    0.000;    0.000
1018.490; 4002.450;    0.000;    0.000
1018.649; 4241.450;    0.000;    0.000
1018.808; 4301.450;    0.000;    0.000
1018.967; 4163.450;    0.000;    0.000
1019.126; 4198.450;    0.000;    0.000
1019.285; 4237.450;    0.000;    0.000
1019.444; 4222.450;    0.000;    0.000
1019.603; 4276.450;    0.000;    0.000
1019.762; 4049.450;    0.000;    0.000
1019.921; 4045.450;    0.000;    0.000
1020.079; 4252.450;    0.000;    0.000
1020.238; 4339.450;    0.000;    0.000
1020.397; 4230.450;    0.000;    0.000
1020.555; 4004.450;    0.000;    0.000
1020.714; 4136.450;    0.000;    0.000
1020.873; 4232.450;    0.000;    0.000
1021.031; 4321.450;    0.000;    0.000
1021.190; 4277.450;    0.000;    0.000
1021.348; 4014.450;    0.000;    0.000
1021.507; 4146.450;    0.000;    0.000
1021.665; 4568.450;    0.000;    0.000
1021.824; 4620.450;    0.000;    0.000
1021.982; 4394.450;    0.000;    0.000
1022.141; 4257.450;    0.000;    0.000
1022.299; 4523.450;    0.000;    0.000
1022.457; 4642.450;    0.000;    0.000
1022.616; 4700.450;    0.000;    0.000
1022.774; 4359.450;    0.000;    0.000
1022.932; 4322.450;    0.000;    0.000
1023.090; 4701.450;    0.000;    0.000
1023.249; 4723.450;    0.000;    0.000
1023.407; 4576.450;    0.000;    0.000
1023.565; 4235.450;    0.000;    0.000
1023.723; 4485.450;    0.000;    0.000
1023.881; 4628.450;    0.000;    0.000
1024.039; 4835.450;    0.000;    0.000
1024.197; 4656.450;    0.000;    0.000
1024.355; 4521.450;    0.000;    0.000
1024.513; 4558.450;    0.000;    0.000
1024.671; 4726.450;    0.000;    0.000
1024.829; 4917.450;    0.000;    0.000
1024.987; 4776.450;    0.000;    0.000
1025.145; 4254.450;    0.000;    0.000
1025.302; 4549.450;    0.000;    0.000
1025.460; 4767.450;    0.000;    0.000
1025.618; 4970.450;    0.000;    0.000
1025.776; 4772.450;    0.000;    0.000
1025.933; 4611.450;    0.000;    0.000
1026.091; 4554.450;    0.000;    0.000
1026.249; 4843.450;    0.000;    0.000
1026.406; 5207.450;    0.000;    0.000
1026.564; 5066.450;    0.000;    0.000
1026.721; 4799.450;    0.000;    0.000
1026.879; 4477.450;    0.000;    0.000
1027.036; 4733.450;    0.000;    0.000
1027.194; 5101.450;    0.000;    0.000
1027.351; 5143.450;    0.000;    0.000
1027.509; 4851.450;    0.000;    0.000
1027.666; 4706.450;    0.000;    0.000
1027.823; 4674.450;    0.000;    0.000
1027.981; 5086.450;    0.000;    0.000
1028.138; 5165.450;    0.000;    0.000
1028.295; 4939.450;    0.000;    0.000
1028.452; 4637.450;    0.000;    0.000
1028.609; 4663.450;    0.000;    0.000
1028.767; 4819.450;    0.000;    0.000
1028.924; 5088.450;    0.000;    0.000
1029.081; 4999.450;    0.000;    0.000
1029.238; 5082.450;    0.000;    0.000
1029.395; 4787.450;    0.000;    0.000
1029.552; 4895.450;    0.000;    0.000
1029.709; 5148.450;    0.000;    0.000
1029.866; 5531.450;    0.000;    0.000
1030.023; 5327.450;    0.000;    0.000
1030.180; 4855.450;    0.000;    0.000
1030.337; 5009.450;    0.000;    0.000
1030.494; 5028.450;    0.000;    0.000
1030.650; 5457.450;    0.000;    0.000
1030.807; 5697.450;    0.000;    0.000
1030.964; 5285.450;    0.000;    0.000
1031.121; 5128.450;    0.000;    0.000
1031.277; 5126.450;    0.000;    0.000
1031.434; 5318.450;    0.000;    0.000
1031.591; 5692.450;    0.000;    0.000
1031.747; 5658.450;    0.000;    0.000
1031.904; 5484.450;    0.000;    0.000
1032.060; 5269.450;    0.000;    0.000
1032.217; 5191.450;    0.000;    0.000
1032.373; 5618.450;    0.000;    0.000
1032.530; 5775.450;    0.000;    0.000
1032.686; 5950.450;    0.000;    0.000
1032.843; 6248.450;    0.000;    0.000
1032.999; 5807.450;    0.000;    0.000
1033.155; 5933.450;    0.000;    0.000
1033.312; 5743.450;    0.000;    0.000
1033.468; 6083.450;    0.000;    0.000
1033.624; 7144.450;    0.000;    0.000
1033.780; 6789.450;    0.000;    0.000
1033.937; 7416.450;    0.000;    0.000
1034.093; 6449.450;    0.000;    0.000
1034.249; 6307.450;    0.000;    0.000
1034.405; 6846.450;    0.000;    0.000
1034.561; 6750.450;    0.000;    0.000
1034.717; 7308.450;    0.000;    0.000
1034.873; 7464.450;    0.000;    0.000
1035.029; 7451.450;    0.000;    0.000
1035.185; 7119.450;    0.000;    0.000
1035.341; 6985.450;    0.000;    0.000
1035.497; 7234.450;    0.000;    0.000
1035.653; 7806.450;    0.000;    0.000
1035.809; 7749.450;    0.000;    0.000
1035.964; 8897.450;    0.000;    0.000
1036.120; 7978.450;    0.000;    0.000
1036.276; 8117.450;    0.000;    0.000
1036.432; 8247.450;    0.000;    0.000
1036.587; 7548.450;    0.000;    0.000
1036.743; 7524.450;    0.000;    0.000
1036.899; 8727.450;    0.000;    0.000
1037.054; 8234.450;    0.000;    0.000
1037.210; 9265.450;    0.000;    0.000
1037.365; 9944.450;    0.000;    0.000
1037.521; 8862.450;    0.000;    0.000
1037.676; 8513.450;    0.000;    0.000
1037.832; 8265.450;    0.000;    0.000
1037.987; 8264.450;    0.000;    0.000
1038.143; 8128.450;    0.000;    0.000
1038.298; 9565.450;    0.000;    0.000
1038.453; 9530.450;    0.000;    0.000
1038.609; 9696.450;    0.000;    0.000
1038.764;10594.450;    0.000;    0.000
1038.919; 9550.450;    0.000;    0.000
1039.074; 9094.450;    0.000;    0.000
1039.229; 8875.450;    0.000;    0.000
1039.385; 8652.450;    0.000;    0.000
1039.540; 8851.450;    0.000;    0.000
1039.695; 9335.450;    0.000;    0.000
1039.850;10533.450;    0.000;    0.000
1040.005;10389.450;    0.000;    0.000
1040.160;11586.450;    0.000;    0.000
1040.315;11211.450;    0.000;    0.000
1040.470;10377.450;    0.000;    0.000
1040.625;10554.450;    0.000;    0.000
1040.780;10004.450;    0.000;    0.000
1040.935;10159.450;    0.000;    0.000
1041.089; 9899.450;    0.000;    0.000
1041.244;10890.450;    0.000;    0.000
1041.399;12821.450;    0.000;    0.000
1041.554;11986.450;    0.000;    0.000
1041.708;13323.450;    0.000;    0.000
1041.863;14213.450;    0.000;    0.000
1042.018;11735.450;    0.000;    0.000
1042.172;11876.450;    0.000;    0.000
1042.327;11907.450;    0.000;    0.000
1042.481;11325.450;    0.000;    0.000
1042.636;12250.450;    0.000;    0.000
1042.791;10937.450;    0.000;    0.000
1042.945;12606.450;    0.000;    0.000
1043.099;15447.450;    0.000;    0.000
1043.254;14654.450;    0.000;    0.000
1043.408;14409.450;    0.000;    0.000
1043.563;16626.449;    0.000;    0.000
1043.717;15397.450;    0.000;    0.000
1043.871;14191.450;    0.000;    0.000
1044.025;13747.450;    0.000;    0.000
1044.180;13776.450;    0.000;    0.000
1044.334;14141.450;    0.000;    0.000
1044.488;14626.450;    0.000;    0.000
1044.642;14061.450;    0.000;    0.000
1044.796;15949.450;    0.000;    0.000
1044.950;18730.449;    0.000;    0.000
1045.104;19882.449;    0.000;    0.000
1045.258;20067.449;    0.000;    0.000
1045.412;20382.449;    0.000;    0.000
1045.566;20520.449;    0.000;    0.000
1045.720;18873.449;    0.000;    0.000
1045.874;18025.449;    0.000;    0.000
1046.028;16733.449;    0.000;    0.000
1046.182;15389.450;    0.000;    0.000
1046.336;16312.450;    0.000;    0.000
1046.489;17154.449;    0.000;    0.000
1046.643;17640.449;    0.000;    0.000
1046.797;17908.449;    0.000;    0.000
1046.951;20070.449;    0.000;    0.000
1047.104;21772.449;    0.000;    0.000
1047.258;22677.449;    0.000;    0.000
1047.411;22494.449;    0.000;    0.000
1047.565;22582.449;    0.000;    0.000
1047.719;23465.449;    0.000;    0.000
1047.872;22826.449;    0.000;    0.000
1048.026;20526.449;    0.000;    0.000
1048.179;20547.449;    0.000;    0.000
1048.332;19343.449;    0.000;    0.000
1048.486;19392.449;    0.000;    0.000
1048.639;19249.449;    0.000;    0.000
1048.792;20183.449;    0.000;    0.000
1048.946;22733.449;    0.000;    0.000
1049.099;24001.449;    0.000;    0.000
1049.252;24288.449;    0.000;    0.000
1049.406;22854.449;    0.000;    0.000
1049.559;23643.449;    0.000;    0.000
1049.712;28170.449;    0.000;    0.000
1049.865;30196.449;    0.000;    0.000
1050.018;29290.449;    0.000;    0.000
1050.171;25479.449;    0.000;    0.000
1050.324;23859.449;    0.000;    0.000
1050.477;26335.449;    0.000;    0.000
1050.630;30638.449;    0.000;    0.000
1050.783;31447.449;    0.000;    0.000
1050.936;29213.449;    0.000;    0.000
1051.089;25831.449;    0.000;    0.000
1051.242;25811.449;    0.000;    0.000
1051.394;27339.449;    0.000;    0.000
1051.547;30745.449;    0.000;    0.000
1051.700;32638.449;    0.000;    0.000
1051.853;30433.449;    0.000;    0.000
1052.005;30717.449;    0.000;    0.000
1052.158;33259.449;    0.000;    0.000
1052.311;36146.449;    0.000;    0.000
1052.463;36191.449;    0.000;    0.000
1052.616;33552.449;    0.000;    0.000
1052.768;30576.449;    0.000;    0.000
1052.921;29701.449;    0.000;    0.000
1053.073;31109.449;    0.000;    0.000
1053.226;35693.449;    0.000;    0.000
1053.378;41342.449;    0.000;    0.000
1053.531;44270.449;    0.000;    0.000
1053.683;41600.449;    0.000;    0.000
1053.835;36782.449;    0.000;    0.000
1053.988;29318.449;    0.000;    0.000
1054.140; 5171.450;    0.000;    0.000
1054.292; 1265.450;    0.000;    0.000
1054.444; 1042.450;    0.000;    0.000
1054.596;  871.450;    0.000;    0.000
1054.749;  861.450;    0.000;    0.000
1054.901;  801.450;    0.000;    0.000
1055.053;  738.450;    0.000;    0.000
1055.205;  733.450;    0.000;    0.000
1055.357;  731.450;    0.000;    0.000
1055.509;  698.450;    0.000;    0.000
1055.661;  696.450;    0.000;    0.000
1055.813;  645.450;    0.000;    0.000
1055.965;  676.450;    0.000;    0.000
1056.116;  641.450;    0.000;    0.000
1056.268;  609.450;    0.000;    0.000
1056.420;  646.450;    0.000;    0.000

