
Integration time [ms]:   1.000
Averaging Nr. [scans]: 1
Smoothing Nr. [pixels]: 0
Data measured with spectrometer [name]: VIS
Wave   ;Sample   ;Dark     ;Reference
[nm]   ;[counts] ;[counts] ;[counts] 

450.961;  185.650;  200.375;    0.000
451.100;  227.650;  241.375;    0.000
451.239;  189.650;  201.375;    0.000
451.377;  237.650;  262.375;    0.000
451.516;  208.650;  229.375;    0.000
451.655;  232.650;  211.375;    0.000
451.794;  215.650;  225.375;    0.000
451.932;  208.650;  247.375;    0.000
452.071;  224.650;  260.375;    0.000
452.210;  231.650;  235.375;    0.000
452.348;  229.650;  276.375;    0.000
452.487;  219.650;  259.375;    0.000
452.626;  193.650;  254.375;    0.000
452.764;  253.650;  233.375;    0.000
452.903;  223.650;  202.375;    0.000
453.042;  296.650;  211.375;    0.000
453.180; 4585.650;  240.375;    0.000
453.319; 4658.650;  238.375;    0.000
453.458; 4568.650;  215.375;    0.000
453.596; 4743.650;  252.375;    0.000
453.735; 4809.650;  240.375;    0.000
453.873; 4752.650;  257.375;    0.000
454.012; 4832.650;  228.375;    0.000
454.150; 4853.650;  270.375;    0.000
454.289; 4985.650;  233.375;    0.000
454.427; 5058.650;  243.375;    0.000
454.566; 5041.650;  257.375;    0.000
454.704; 5067.650;  243.375;    0.000
454.843; 5008.650;  190.375;    0.000
454.981; 5138.650;  271.375;    0.000
455.120; 5226.650;  210.375;    0.000
455.258; 5318.650;  235.375;    0.000
455.397; 5339.650;  214.375;    0.000
455.535; 5317.650;  214.375;    0.000
455.674; 5424.650;  184.375;    0.000
455.812; 5554.650;  228.375;    0.000
455.951; 5634.650;  204.375;    0.000
456.089; 5607.650;  220.375;    0.000
456.227; 5602.650;  196.375;    0.000
456.366; 5723.650;  261.375;    0.000
456.504; 5814.650;  249.375;    0.000
456.642; 5868.650;  245.375;    0.000
456.781; 5769.650;  183.375;    0.000
456.919; 5930.650;  203.375;    0.000
457.057; 5953.650;  177.375;    0.000
457.196; 6078.650;  191.375;    0.000
457.334; 6071.650;  233.375;    0.000
457.472; 6260.650;  214.375;    0.000
457.610; 6378.650;  230.375;    0.000
457.749; 6456.650;  247.375;    0.000
457.887; 6432.650;  220.375;    0.000
458.025; 6529.650;  195.375;    0.000
458.163; 6719.650;  224.375;    0.000
458.301; 6832.650;  228.375;    0.000
458.440; 6911.650;  200.375;    0.000
458.578; 7101.650;  233.375;    0.000
458.716; 7024.650;  182.375;    0.000
458.854; 7327.650;  251.375;    0.000
458.992; 7325.650;  187.375;    0.000
459.130; 7361.650;  229.375;    0.000
459.269; 7558.650;  237.375;    0.000
459.407; 7695.650;  228.375;    0.000
459.545; 7639.650;  216.375;    0.000
459.683; 7844.650;  204.375;    0.000
459.821; 7868.650;  191.375;    0.000
459.959; 7978.650;  227.375;    0.000
460.097; 8111.650;  221.375;    0.000
460.235; 8289.650;  241.375;    0.000
460.373; 8279.650;  231.375;    0.000
460.511; 8423.650;  214.375;    0.000
460.649; 8490.650;  172.375;    0.000
460.787; 8357.650;  275.375;    0.000
460.925; 8442.650;  175.375;    0.000
461.063; 8525.650;  252.375;    0.000
461.201; 8645.650;  210.375;    0.000
461.339; 8558.650;  237.375;    0.000
461.477; 8684.650;  210.375;    0.000
461.615; 8680.650;  236.375;    0.000
461.753; 8874.650;  215.375;    0.000
461.891; 8938.650;  222.375;    0.000
462.029; 9154.650;  227.375;    0.000
462.166; 9279.650;  202.375;    0.000
462.304; 9527.650;  191.375;    0.000
462.442; 9608.650;  210.375;    0.000
462.580; 9528.650;  184.375;    0.000
462.718; 9752.650;  220.375;    0.000
462.856; 9961.650;  226.375;    0.000
462.993; 9871.650;  254.375;    0.000
463.131; 9849.650;  200.375;    0.000
463.269; 9671.650;  215.375;    0.000
463.407; 9683.650;  213.375;    0.000
463.545; 9390.650;  242.375;    0.000
463.682; 9345.650;  212.375;    0.000
463.820; 9776.650;  185.375;    0.000
463.958;10103.650;  212.375;    0.000
464.095;10241.650;  181.375;    0.000
464.233;10266.650;  192.375;    0.000
464.371;10494.650;  247.375;    0.000
464.509;10115.650;  151.375;    0.000
464.646;10339.650;  207.375;    0.000
464.784;10154.650;  199.375;    0.000
464.921; 9988.650;  253.375;    0.000
465.059; 9868.650;  214.375;    0.000
465.197; 9507.650;  200.375;    0.000
465.334; 9251.650;  180.375;    0.000
465.472; 9168.650;  204.375;    0.000
465.609; 8929.650;  203.375;    0.000
465.747; 8829.650;  214.375;    0.000
465.885; 9111.650;  233.375;    0.000
466.022; 8853.650;  215.375;    0.000
466.160; 8751.650;  201.375;    0.000
466.297; 8772.650;  196.375;    0.000
466.435; 8662.650;  230.375;    0.000
466.572; 8657.650;  227.375;    0.000
466.710; 8684.650;  218.375;    0.000
466.847; 8657.650;  245.375;    0.000
466.985; 8383.650;  223.375;    0.000
467.122; 8554.650;  168.375;    0.000
467.260; 8404.650;  196.375;    0.000
467.397; 8523.650;  198.375;    0.000
467.534; 8640.650;  219.375;    0.000
467.672; 8495.650;  214.375;    0.000
467.809; 8610.650;  185.375;    0.000
467.947; 8365.650;  247.375;    0.000
468.084; 8533.650;  196.375;    0.000
468.221; 8543.650;  238.375;    0.000
468.359; 8537.650;  236.375;    0.000
468.496; 8438.650;  235.375;    0.000
468.633; 8608.650;  218.375;    0.000
468.771; 8500.650;  223.375;    0.000
468.908; 8721.650;  208.375;    0.000
469.045; 8646.650;  249.375;    0.000
469.183; 8768.650;  222.375;    0.000
469.320; 8817.650;  216.375;    0.000
469.457; 8897.650;  224.375;    0.000
469.594; 9052.650;  259.375;    0.000
469.732; 8918.650;  223.375;    0.000
469.869; 9137.650;  234.375;    0.000
470.006; 9048.650;  225.375;    0.000
470.143; 9092.650;  243.375;    0.000
470.280; 9219.650;  208.375;    0.000
470.417; 9314.650;  232.375;    0.000
470.555; 9164.650;  218.375;    0.000
470.692; 9417.650;  223.375;    0.000
470.829; 9407.650;  238.375;    0.000
470.966; 9247.650;  205.375;    0.000
471.103; 9252.650;  259.375;    0.000
471.240; 9139.650;  214.375;    0.000
471.377; 9142.650;  226.375;    0.000
471.514; 9133.650;  250.375;    0.000
471.651; 9065.650;  221.375;    0.000
471.789; 8951.650;  242.375;    0.000
471.926; 9157.650;  190.375;    0.000
472.063; 8892.650;  234.375;    0.000
472.200; 8874.650;  252.375;    0.000
472.337; 8766.650;  241.375;    0.000
472.474; 8861.650;  244.375;    0.000
472.611; 8778.650;  268.375;    0.000
472.748; 8861.650;  222.375;    0.000
472.884; 8726.650;  271.375;    0.000
473.021; 8754.650;  195.375;    0.000
473.158; 8704.650;  205.375;    0.000
473.295; 9028.650;  223.375;    0.000
473.432; 8684.650;  216.375;    0.000
473.569; 8566.650;  196.375;    0.000
473.706; 8672.650;  190.375;    0.000
473.843; 8787.650;  211.375;    0.000
473.980; 8781.650;  254.375;    0.000
474.117; 8723.650;  185.375;    0.000
474.253; 8750.650;  229.375;    0.000
474.390; 8667.650;  238.375;    0.000
474.527; 8655.650;  220.375;    0.000
474.664; 8852.650;  242.375;    0.000
474.801; 8863.650;  229.375;    0.000
474.937; 8838.650;  229.375;    0.000
475.074; 8931.650;  210.375;    0.000
475.211; 8839.650;  219.375;    0.000
475.348; 8889.650;  226.375;    0.000
475.484; 8787.650;  207.375;    0.000
475.621; 8998.650;  233.375;    0.000
475.758; 8841.650;  230.375;    0.000
475.894; 8973.650;  234.375;    0.000
476.031; 8862.650;  202.375;    0.000
476.168; 8971.650;  222.375;    0.000
476.304; 8936.650;  237.375;    0.000
476.441; 9080.650;  238.375;    0.000
476.578; 9156.650;  216.375;    0.000
476.714; 9014.650;  212.375;    0.000
476.851; 9249.650;  210.375;    0.000
476.987; 9317.650;  239.375;    0.000
477.124; 9297.650;  250.375;    0.000
477.261; 9379.650;  227.375;    0.000
477.397; 9396.650;  189.375;    0.000
477.534; 9310.650;  204.375;    0.000
477.670; 9496.650;  190.375;    0.000
477.807; 9558.650;  198.375;    0.000
477.943; 9539.650;  216.375;    0.000
478.080; 9725.650;  213.375;    0.000
478.216; 9746.650;  239.375;    0.000
478.353; 9889.650;  218.375;    0.000
478.489; 9958.650;  184.375;    0.000
478.626; 9979.650;  223.375;    0.000
478.762;10030.650;  213.375;    0.000
478.898;10068.650;  216.375;    0.000
479.035;10262.650;  250.375;    0.000
479.171;10060.650;  201.375;    0.000
479.308;10003.650;  242.375;    0.000
479.444;10028.650;  205.375;    0.000
479.580;10145.650;  203.375;    0.000
479.717;10220.650;  260.375;    0.000
479.853;10291.650;  225.375;    0.000
479.989;10519.650;  226.375;    0.000
480.126;10341.650;  211.375;    0.000
480.262;10760.650;  220.375;    0.000
480.398;10475.650;  207.375;    0.000
480.535;10393.650;  179.375;    0.000
480.671;10621.650;  200.375;    0.000
480.807;10388.650;  190.375;    0.000
480.943;10151.650;  165.375;    0.000
481.080;10343.650;  210.375;    0.000
481.216;10074.650;  232.375;    0.000
481.352;10200.650;  235.375;    0.000
481.488;10225.650;  208.375;    0.000
481.624;10119.650;  245.375;    0.000
481.760;10017.650;  210.375;    0.000
481.897;10032.650;  189.375;    0.000
482.033;10067.650;  256.375;    0.000
482.169;10088.650;  257.375;    0.000
482.305; 9897.650;  199.375;    0.000
482.441; 9952.650;  182.375;    0.000
482.577; 9999.650;  223.375;    0.000
482.713; 9981.650;  243.375;    0.000
482.849; 9901.650;  197.375;    0.000
482.985; 9920.650;  240.375;    0.000
483.121;10103.650;  210.375;    0.000
483.258;10157.650;  248.375;    0.000
483.394;10018.650;  224.375;    0.000
483.530; 9934.650;  209.375;    0.000
483.665; 9915.650;  225.375;    0.000
483.801;10029.650;  216.375;    0.000
483.937;10016.650;  211.375;    0.000
484.073;10164.650;  259.375;    0.000
484.209;10048.650;  191.375;    0.000
484.345;10225.650;  239.375;    0.000
484.481;10264.650;  231.375;    0.000
484.617;10291.650;  216.375;    0.000
484.753;10183.650;  180.375;    0.000
484.889;10267.650;  252.375;    0.000
485.025;10202.650;  244.375;    0.000
485.161;10203.650;  242.375;    0.000
485.296;10319.650;  235.375;    0.000
485.432;10473.650;  247.375;    0.000
485.568;10609.650;  203.375;    0.000
485.704;10402.650;  229.375;    0.000
485.840;10315.650;  230.375;    0.000
485.975;10501.650;  266.375;    0.000
486.111;10296.650;  220.375;    0.000
486.247;10390.650;  264.375;    0.000
486.383;10384.650;  213.375;    0.000
486.518;10443.650;  222.375;    0.000
486.654;10236.650;  244.375;    0.000
486.790;10385.650;  273.375;    0.000
486.926;10412.650;  203.375;    0.000
487.061;10373.650;  227.375;    0.000
487.197;10395.650;  210.375;    0.000
487.333;10231.650;  209.375;    0.000
487.468;10198.650;  197.375;    0.000
487.604;10265.650;  230.375;    0.000
487.740;10280.650;  254.375;    0.000
487.875;10429.650;  286.375;    0.000
488.011;10279.650;  225.375;    0.000
488.146;10290.650;  251.375;    0.000
488.282;10222.650;  242.375;    0.000
488.417;10317.650;  230.375;    0.000
488.553;10204.650;  260.375;    0.000
488.688;10299.650;  207.375;    0.000
488.824;10268.650;  204.375;    0.000
488.960;10250.650;  248.375;    0.000
489.095;10276.650;  204.375;    0.000
489.230;10335.650;  227.375;    0.000
489.366;10527.650;  226.375;    0.000
489.501;10537.650;  199.375;    0.000
489.637;10572.650;  233.375;    0.000
489.772;10463.650;  249.375;    0.000
489.908;10309.650;  200.375;    0.000
490.043;10231.650;  246.375;    0.000
490.178;10436.650;  222.375;    0.000
490.314;10257.650;  219.375;    0.000
490.449;10349.650;  227.375;    0.000
490.585;10436.650;  209.375;    0.000
490.720;10313.650;  238.375;    0.000
490.855;10445.650;  222.375;    0.000
490.991;10212.650;  202.375;    0.000
491.126;10212.650;  272.375;    0.000
491.261;10221.650;  261.375;    0.000
491.396;10252.650;  190.375;    0.000
491.532;10280.650;  202.375;    0.000
491.667;10327.650;  208.375;    0.000
491.802;10379.650;  203.375;    0.000
491.937;10288.650;  253.375;    0.000
492.073;10529.650;  242.375;    0.000
492.208;10305.650;  230.375;    0.000
492.343;10399.650;  183.375;    0.000
492.478;10567.650;  246.375;    0.000
492.613;10473.650;  223.375;    0.000
492.749;10530.650;  230.375;    0.000
492.884;10530.650;  190.375;    0.000
493.019;10517.650;  234.375;    0.000
493.154;10577.650;  218.375;    0.000
493.289;10458.650;  222.375;    0.000
493.424;10556.650;  196.375;    0.000
493.559;10434.650;  202.375;    0.000
493.694;10466.650;  180.375;    0.000
493.829;10406.650;  224.375;    0.000
493.964;10478.650;  218.375;    0.000
494.099;10535.650;  275.375;    0.000
494.234;10582.650;  226.375;    0.000
494.369;10514.650;  225.375;    0.000
494.504;10322.650;  219.375;    0.000
494.639;10348.650;  296.375;    0.000
494.774;10321.650;  228.375;    0.000
494.909;10554.650;  222.375;    0.000
495.044;10324.650;  215.375;    0.000
495.179;10456.650;  200.375;    0.000
495.314;10369.650;  235.375;    0.000
495.449;10356.650;  249.375;    0.000
495.584;10402.650;  228.375;    0.000
495.719;10571.650;  212.375;    0.000
495.854;10479.650;  201.375;    0.000
495.988;10574.650;  248.375;    0.000
496.123;10477.650;  209.375;    0.000
496.258;10638.650;  249.375;    0.000
496.393;10671.650;  223.375;    0.000
496.528;10865.650;  209.375;    0.000
496.663;10714.650;  207.375;    0.000
496.797;11040.650;  229.375;    0.000
496.932;11006.650;  225.375;    0.000
497.067;11115.650;  218.375;    0.000
497.202;11126.650;  163.375;    0.000
497.336;11334.650;  246.375;    0.000
497.471;11475.650;  229.375;    0.000
497.606;11720.650;  251.375;    0.000
497.740;11793.650;  220.375;    0.000
497.875;12006.650;  216.375;    0.000
498.010;12266.650;  226.375;    0.000
498.144;12551.650;  237.375;    0.000
498.279;12845.650;  196.375;    0.000
498.414;13082.650;  219.375;    0.000
498.548;12976.650;  205.375;    0.000
498.683;13316.650;  206.375;    0.000
498.817;13845.650;  225.375;    0.000
498.952;14154.650;  221.375;    0.000
499.087;14692.650;  220.375;    0.000
499.221;15319.650;  233.375;    0.000
499.356;15475.650;  230.375;    0.000
499.490;16170.650;  229.375;    0.000
499.625;16474.650;  231.375;    0.000
499.759;17321.650;  243.375;    0.000
499.894;17957.650;  241.375;    0.000
500.028;18815.650;  264.375;    0.000
500.162;19520.650;  287.375;    0.000
500.297;19782.650;  234.375;    0.000
500.431;19862.650;  230.375;    0.000
500.566;20164.650;  213.375;    0.000
500.700;19429.650;  243.375;    0.000
500.835;19071.650;  272.375;    0.000
500.969;18456.650;  188.375;    0.000
501.103;17692.650;  200.375;    0.000
501.238;17193.650;  257.375;    0.000
501.372;16286.650;  224.375;    0.000
501.506;15533.650;  225.375;    0.000
501.641;15075.650;  271.375;    0.000
501.775;14361.650;  199.375;    0.000
501.909;14060.650;  249.375;    0.000
502.043;13814.650;  211.375;    0.000
502.178;13336.650;  269.375;    0.000
502.312;12907.650;  198.375;    0.000
502.446;12680.650;  256.375;    0.000
502.580;12275.650;  195.375;    0.000
502.715;12232.650;  224.375;    0.000
502.849;11841.650;  245.375;    0.000
502.983;11771.650;  250.375;    0.000
503.117;11743.650;  193.375;    0.000
503.251;11521.650;  242.375;    0.000
503.385;11151.650;  227.375;    0.000
503.520;11202.650;  235.375;    0.000
503.654;10933.650;  220.375;    0.000
503.788;10987.650;  267.375;    0.000
503.922;10690.650;  220.375;    0.000
504.056;10879.650;  238.375;    0.000
504.190;10684.650;  212.375;    0.000
504.324;10756.650;  265.375;    0.000
504.458;10675.650;  228.375;    0.000
504.592;10612.650;  231.375;    0.000
504.726;10357.650;  218.375;    0.000
504.860;10175.650;  253.375;    0.000
504.994; 9895.650;  217.375;    0.000
505.128; 9827.650;  243.375;    0.000
505.262; 9665.650;  194.375;    0.000
505.396; 9432.650;  210.375;    0.000
505.530; 9193.650;  211.375;    0.000
505.664; 9269.650;  219.375;    0.000
505.798; 9199.650;  240.375;    0.000
505.932; 9018.650;  240.375;    0.000
506.066; 9045.650;  252.375;    0.000
506.199; 8878.650;  242.375;    0.000
506.333; 8942.650;  244.375;    0.000
506.467; 8711.650;  223.375;    0.000
506.601; 8598.650;  183.375;    0.000
506.735; 8610.650;  249.375;    0.000
506.869; 8554.650;  270.375;    0.000
507.002; 8512.650;  207.375;    0.000
507.136; 8493.650;  242.375;    0.000
507.270; 8376.650;  232.375;    0.000
507.404; 8282.650;  195.375;    0.000
507.537; 8302.650;  218.375;    0.000
507.671; 8239.650;  246.375;    0.000
507.805; 8202.650;  244.375;    0.000
507.939; 8109.650;  251.375;    0.000
508.072; 8136.650;  212.375;    0.000
508.206; 7884.650;  198.375;    0.000
508.340; 8029.650;  234.375;    0.000
508.473; 7988.650;  217.375;    0.000
508.607; 8138.650;  224.375;    0.000
508.740; 8041.650;  207.375;    0.000
508.874; 8017.650;  230.375;    0.000
509.008; 7998.650;  246.375;    0.000
509.141; 7851.650;  239.375;    0.000
509.275; 7954.650;  229.375;    0.000
509.408; 7864.650;  234.375;    0.000
509.542; 7806.650;  212.375;    0.000
509.675; 7726.650;  256.375;    0.000
509.809; 7755.650;  232.375;    0.000
509.942; 7736.650;  237.375;    0.000
510.076; 7713.650;  226.375;    0.000
510.209; 7836.650;  251.375;    0.000
510.343; 7704.650;  229.375;    0.000
510.476; 7709.650;  285.375;    0.000
510.610; 7633.650;  211.375;    0.000
510.743; 7590.650;  258.375;    0.000
510.877; 7649.650;  244.375;    0.000
511.010; 7501.650;  235.375;    0.000
511.143; 7560.650;  251.375;    0.000
511.277; 7542.650;  228.375;    0.000
511.410; 7622.650;  216.375;    0.000
511.543; 7524.650;  231.375;    0.000
511.677; 7458.650;  244.375;    0.000
511.810; 7519.650;  186.375;    0.000
511.943; 7542.650;  211.375;    0.000
512.077; 7600.650;  201.375;    0.000
512.210; 7409.650;  194.375;    0.000
512.343; 7448.650;  233.375;    0.000
512.476; 7511.650;  234.375;    0.000
512.610; 7470.650;  224.375;    0.000
512.743; 7413.650;  255.375;    0.000
512.876; 7596.650;  264.375;    0.000
513.009; 7557.650;  283.375;    0.000
513.142; 7533.650;  246.375;    0.000
513.276; 7234.650;  217.375;    0.000
513.409; 7526.650;  222.375;    0.000
513.542; 7535.650;  237.375;    0.000
513.675; 7548.650;  238.375;    0.000
513.808; 7350.650;  220.375;    0.000
513.941; 7334.650;  233.375;    0.000
514.074; 7400.650;  248.375;    0.000
514.207; 7469.650;  233.375;    0.000
514.340; 7377.650;  190.375;    0.000
514.474; 7418.650;  221.375;    0.000
514.607; 7506.650;  213.375;    0.000
514.740; 7551.650;  251.375;    0.000
514.873; 7516.650;  257.375;    0.000
515.006; 7592.650;  268.375;    0.000
515.139; 7476.650;  257.375;    0.000
515.272; 7776.650;  227.375;    0.000
515.404; 7625.650;  238.375;    0.000
515.537; 7941.650;  275.375;    0.000
515.670; 7851.650;  239.375;    0.000
515.803; 7921.650;  223.375;    0.000
515.936; 7741.650;  202.375;    0.000
516.069; 7966.650;  188.375;    0.000
516.202; 8156.650;  240.375;    0.000
516.335; 8313.650;  252.375;    0.000
516.468; 8756.650;  254.375;    0.000
516.600; 9816.650;  254.375;    0.000
516.733;11878.650;  255.375;    0.000
516.866;11899.650;  265.375;    0.000
516.999;11026.650;  251.375;    0.000
517.132;13105.650;  256.375;    0.000
517.264;17397.650;  202.375;    0.000
517.397;17180.650;  248.375;    0.000
517.530;13393.650;  221.375;    0.000
517.663;11752.650;  244.375;    0.000
517.795;10856.650;  245.375;    0.000
517.928;10600.650;  236.375;    0.000
518.061;10569.650;  219.375;    0.000
518.193;13154.650;  251.375;    0.000
518.326;19887.650;  271.375;    0.000
518.459;21235.650;  207.375;    0.000
518.591;16217.650;  217.375;    0.000
518.724;12486.650;  200.375;    0.000
518.857;10830.650;  204.375;    0.000
518.989;10215.650;  242.375;    0.000
519.122; 9515.650;  254.375;    0.000
519.254; 9090.650;  239.375;    0.000
519.387; 8736.650;  235.375;    0.000
519.519; 8442.650;  227.375;    0.000
519.652; 8253.650;  178.375;    0.000
519.784; 8153.650;  226.375;    0.000
519.917; 7904.650;  256.375;    0.000
520.049; 7889.650;  234.375;    0.000
520.182; 7712.650;  258.375;    0.000
520.314; 7696.650;  298.375;    0.000
520.447; 7682.650;  204.375;    0.000
520.579; 7583.650;  235.375;    0.000
520.712; 7498.650;  208.375;    0.000
520.844; 7743.650;  272.375;    0.000
520.976; 7279.650;  234.375;    0.000
521.109; 7080.650;  235.375;    0.000
521.241; 7213.650;  250.375;    0.000
521.373; 7036.650;  233.375;    0.000
521.506; 7065.650;  231.375;    0.000
521.638; 6935.650;  258.375;    0.000
521.770; 6895.650;  226.375;    0.000
521.903; 6848.650;  258.375;    0.000
522.035; 6731.650;  263.375;    0.000
522.167; 6978.650;  214.375;    0.000
522.300; 6737.650;  212.375;    0.000
522.432; 6771.650;  220.375;    0.000
522.564; 6637.650;  228.375;    0.000
522.696; 6639.650;  272.375;    0.000
522.828; 6620.650;  222.375;    0.000
522.961; 6554.650;  205.375;    0.000
523.093; 6703.650;  253.375;    0.000
523.225; 6466.650;  239.375;    0.000
523.357; 6581.650;  263.375;    0.000
523.489; 6481.650;  264.375;    0.000
523.621; 6440.650;  259.375;    0.000
523.753; 6347.650;  233.375;    0.000
523.885; 6370.650;  232.375;    0.000
524.018; 6316.650;  214.375;    0.000
524.150; 6308.650;  235.375;    0.000
524.282; 6349.650;  242.375;    0.000
524.414; 6355.650;  261.375;    0.000
524.546; 6232.650;  233.375;    0.000
524.678; 6281.650;  242.375;    0.000
524.810; 6139.650;  216.375;    0.000
524.942; 6162.650;  220.375;    0.000
525.074; 6251.650;  249.375;    0.000
525.206; 6287.650;  227.375;    0.000
525.338; 6150.650;  250.375;    0.000
525.469; 6161.650;  231.375;    0.000
525.601; 6168.650;  245.375;    0.000
525.733; 6093.650;  187.375;    0.000
525.865; 6105.650;  280.375;    0.000
525.997; 6054.650;  216.375;    0.000
526.129; 6076.650;  228.375;    0.000
526.261; 6177.650;  187.375;    0.000
526.393; 5992.650;  228.375;    0.000
526.524; 5868.650;  201.375;    0.000
526.656; 6120.650;  199.375;    0.000
526.788; 6001.650;  233.375;    0.000
526.920; 5966.650;  256.375;    0.000
527.052; 5937.650;  219.375;    0.000
527.183; 5893.650;  227.375;    0.000
527.315; 5997.650;  266.375;    0.000
527.447; 5966.650;  239.375;    0.000
527.578; 5874.650;  213.375;    0.000
527.710; 5994.650;  216.375;    0.000
527.842; 5908.650;  240.375;    0.000
527.973; 5960.650;  286.375;    0.000
528.105; 5978.650;  222.375;    0.000
528.237; 5858.650;  223.375;    0.000
528.368; 5764.650;  211.375;    0.000
528.500; 5901.650;  215.375;    0.000
528.632; 5925.650;  216.375;    0.000
528.763; 5774.650;  234.375;    0.000
528.895; 5836.650;  196.375;    0.000
529.026; 5923.650;  202.375;    0.000
529.158; 5858.650;  226.375;    0.000
529.289; 5904.650;  229.375;    0.000
529.421; 5974.650;  264.375;    0.000
529.552; 5859.650;  265.375;    0.000
529.684; 5955.650;  260.375;    0.000
529.815; 5988.650;  284.375;    0.000
529.947; 5715.650;  237.375;    0.000
530.078; 5938.650;  223.375;    0.000
530.210; 5941.650;  223.375;    0.000
530.341; 5853.650;  209.375;    0.000
530.472; 5729.650;  203.375;    0.000
530.604; 5829.650;  223.375;    0.000
530.735; 5904.650;  218.375;    0.000
530.867; 5840.650;  222.375;    0.000
530.998; 5842.650;  239.375;    0.000
531.129; 5856.650;  250.375;    0.000
531.260; 5902.650;  224.375;    0.000
531.392; 5981.650;  216.375;    0.000
531.523; 6013.650;  234.375;    0.000
531.654; 6164.650;  256.375;    0.000
531.786; 5987.650;  226.375;    0.000
531.917; 6116.650;  239.375;    0.000
532.048; 5982.650;  205.375;    0.000
532.179; 5882.650;  244.375;    0.000
532.311; 5943.650;  235.375;    0.000
532.442; 5979.650;  258.375;    0.000
532.573; 5981.650;  220.375;    0.000
532.704; 5940.650;  213.375;    0.000
532.835; 5930.650;  249.375;    0.000
532.966; 5803.650;  226.375;    0.000
533.097; 5791.650;  246.375;    0.000
533.229; 5836.650;  237.375;    0.000
533.360; 6005.650;  225.375;    0.000
533.491; 5926.650;  241.375;    0.000
533.622; 5827.650;  242.375;    0.000
533.753; 5859.650;  264.375;    0.000
533.884; 5829.650;  245.375;    0.000
534.015; 5958.650;  269.375;    0.000
534.146; 5972.650;  267.375;    0.000
534.277; 5893.650;  282.375;    0.000
534.408; 5903.650;  229.375;    0.000
534.539; 6040.650;  269.375;    0.000
534.670; 5980.650;  231.375;    0.000
534.801; 5891.650;  260.375;    0.000
534.932; 5780.650;  232.375;    0.000
535.063; 5855.650;  227.375;    0.000
535.194; 5897.650;  281.375;    0.000
535.324; 5707.650;  206.375;    0.000
535.455; 5685.650;  257.375;    0.000
535.586; 5817.650;  275.375;    0.000
535.717; 5807.650;  206.375;    0.000
535.848; 5800.650;  271.375;    0.000
535.979; 5765.650;  250.375;    0.000
536.109; 5684.650;  253.375;    0.000
536.240; 5736.650;  234.375;    0.000
536.371; 5779.650;  230.375;    0.000
536.502; 5689.650;  270.375;    0.000
536.632; 5784.650;  228.375;    0.000
536.763; 5749.650;  249.375;    0.000
536.894; 5799.650;  262.375;    0.000
537.025; 5637.650;  258.375;    0.000
537.155; 5646.650;  278.375;    0.000
537.286; 5479.650;  209.375;    0.000
537.417; 5714.650;  255.375;    0.000
537.547; 5651.650;  208.375;    0.000
537.678; 5570.650;  224.375;    0.000
537.808; 5686.650;  224.375;    0.000
537.939; 5621.650;  257.375;    0.000
538.070; 5552.650;  240.375;    0.000
538.200; 5653.650;  259.375;    0.000
538.331; 5680.650;  235.375;    0.000
538.461; 5482.650;  251.375;    0.000
538.592; 5658.650;  245.375;    0.000
538.722; 5667.650;  239.375;    0.000
538.853; 5546.650;  216.375;    0.000
538.983; 5565.650;  226.375;    0.000
539.114; 5510.650;  240.375;    0.000
539.244; 5588.650;  237.375;    0.000
539.375; 5515.650;  198.375;    0.000
539.505; 5602.650;  263.375;    0.000
539.636; 5588.650;  226.375;    0.000
539.766; 5636.650;  229.375;    0.000
539.896; 5579.650;  219.375;    0.000
540.027; 5573.650;  246.375;    0.000
540.157; 5658.650;  218.375;    0.000
540.287; 5497.650;  216.375;    0.000
540.418; 5459.650;  267.375;    0.000
540.548; 5551.650;  260.375;    0.000
540.678; 5534.650;  242.375;    0.000
540.809; 5588.650;  260.375;    0.000
540.939; 5624.650;  257.375;    0.000
541.069; 5541.650;  226.375;    0.000
541.200; 5491.650;  227.375;    0.000
541.330; 5628.650;  218.375;    0.000
541.460; 5665.650;  223.375;    0.000
541.590; 5685.650;  237.375;    0.000
541.720; 5566.650;  222.375;    0.000
541.851; 5645.650;  250.375;    0.000
541.981; 5659.650;  222.375;    0.000
542.111; 5652.650;  212.375;    0.000
542.241; 5780.650;  205.375;    0.000
542.371; 5782.650;  202.375;    0.000
542.501; 5834.650;  218.375;    0.000
542.631; 5837.650;  222.375;    0.000
542.761; 5883.650;  249.375;    0.000
542.891; 5787.650;  173.375;    0.000
543.021; 5856.650;  218.375;    0.000
543.151; 5900.650;  222.375;    0.000
543.281; 5880.650;  188.375;    0.000
543.411; 5895.650;  239.375;    0.000
543.542; 5797.650;  215.375;    0.000
543.671; 5829.650;  250.375;    0.000
543.801; 5821.650;  212.375;    0.000
543.931; 5709.650;  233.375;    0.000
544.061; 5897.650;  194.375;    0.000
544.191; 5794.650;  218.375;    0.000
544.321; 5774.650;  220.375;    0.000
544.451; 5800.650;  183.375;    0.000
544.581; 5840.650;  221.375;    0.000
544.711; 5938.650;  224.375;    0.000
544.841; 6104.650;  214.375;    0.000
544.970; 6008.650;  227.375;    0.000
545.100; 6119.650;  186.375;    0.000
545.230; 6199.650;  205.375;    0.000
545.360; 6152.650;  211.375;    0.000
545.490; 6167.650;  202.375;    0.000
545.619; 6047.650;  182.375;    0.000
545.749; 5963.650;  174.375;    0.000
545.879; 5911.650;  169.375;    0.000
546.009; 5921.650;  182.375;    0.000
546.138; 5857.650;  200.375;    0.000
546.268; 5873.650;  204.375;    0.000
546.398; 5891.650;  200.375;    0.000
546.527; 5831.650;  179.375;    0.000
546.657; 5956.650;  162.375;    0.000
546.786; 5790.650;  179.375;    0.000
546.916; 5874.650;  221.375;    0.000
547.046; 5981.650;  179.375;    0.000
547.175; 5817.650;  168.375;    0.000
547.305; 5951.650;  200.375;    0.000
547.434; 5932.650;  166.375;    0.000
547.564; 5902.650;  177.375;    0.000
547.693; 5966.650;  152.375;    0.000
547.823; 5934.650;  171.375;    0.000
547.953; 5899.650;  195.375;    0.000
548.082; 5937.650;  214.375;    0.000
548.211; 5794.650;  177.375;    0.000
548.341; 5874.650;  189.375;    0.000
548.470; 5922.650;  194.375;    0.000
548.600; 5933.650;  172.375;    0.000
548.729; 5882.650;  158.375;    0.000
548.859; 5904.650;  193.375;    0.000
548.988; 5900.650;  131.375;    0.000
549.117; 6004.650;  204.375;    0.000
549.247; 5996.650;  191.375;    0.000
549.376; 6028.650;  202.375;    0.000
549.505; 5935.650;  187.375;    0.000
549.635; 6191.650;  198.375;    0.000
549.764; 6015.650;  155.375;    0.000
549.893; 6083.650;  176.375;    0.000
550.023; 6029.650;  202.375;    0.000
550.152; 6155.650;  168.375;    0.000
550.281; 6103.650;  180.375;    0.000
550.410; 6065.650;  180.375;    0.000
550.539; 6071.650;  181.375;    0.000
550.669; 5952.650;  168.375;    0.000
550.798; 6111.650;  223.375;    0.000
550.927; 6045.650;  179.375;    0.000
551.056; 5974.650;  159.375;    0.000
551.185; 5995.650;  199.375;    0.000
551.314; 6161.650;  185.375;    0.000
551.443; 5949.650;  172.375;    0.000
551.573; 6118.650;  158.375;    0.000
551.702; 6076.650;  210.375;    0.000
551.831; 6271.650;  238.375;    0.000
551.960; 6160.650;  191.375;    0.000
552.089; 6106.650;  195.375;    0.000
552.218; 6262.650;  196.375;    0.000
552.347; 6245.650;  194.375;    0.000
552.476; 6453.650;  192.375;    0.000
552.605; 6441.650;  172.375;    0.000
552.734; 6538.650;  214.375;    0.000
552.863; 6700.650;  177.375;    0.000
552.992; 6810.650;  190.375;    0.000
553.121; 6690.650;  185.375;    0.000
553.249; 6698.650;  175.375;    0.000
553.378; 6566.650;  192.375;    0.000
553.507; 6593.650;  193.375;    0.000
553.636; 6540.650;  182.375;    0.000
553.765; 6472.650;  187.375;    0.000
553.894; 6384.650;  214.375;    0.000
554.023; 6406.650;  217.375;    0.000
554.151; 6230.650;  223.375;    0.000
554.280; 6397.650;  170.375;    0.000
554.409; 6303.650;  172.375;    0.000
554.538; 6255.650;  182.375;    0.000
554.666; 6176.650;  195.375;    0.000
554.795; 6172.650;  176.375;    0.000
554.924; 6092.650;  164.375;    0.000
555.052; 6103.650;  171.375;    0.000
555.181; 6171.650;  208.375;    0.000
555.310; 6109.650;  214.375;    0.000
555.439; 6017.650;  193.375;    0.000
555.567; 5997.650;  189.375;    0.000
555.696; 5979.650;  196.375;    0.000
555.824; 6009.650;  183.375;    0.000
555.953; 5966.650;  234.375;    0.000
556.082; 5904.650;  183.375;    0.000
556.210; 5898.650;  199.375;    0.000
556.339; 5901.650;  201.375;    0.000
556.467; 5844.650;  208.375;    0.000
556.596; 5884.650;  194.375;    0.000
556.724; 5899.650;  170.375;    0.000
556.853; 5764.650;  166.375;    0.000
556.981; 5732.650;  185.375;    0.000
557.110; 5895.650;  213.375;    0.000
557.238; 5867.650;  188.375;    0.000
557.367; 5831.650;  176.375;    0.000
557.495; 5727.650;  180.375;    0.000
557.623; 5753.650;  193.375;    0.000
557.752; 5677.650;  207.375;    0.000
557.880; 5757.650;  189.375;    0.000
558.008; 5709.650;  169.375;    0.000
558.137; 5691.650;  203.375;    0.000
558.265; 5716.650;  167.375;    0.000
558.393; 5836.650;  204.375;    0.000
558.522; 5808.650;  203.375;    0.000
558.650; 5846.650;  215.375;    0.000
558.778; 5801.650;  190.375;    0.000
558.906; 5705.650;  186.375;    0.000
559.035; 5685.650;  193.375;    0.000
559.163; 5733.650;  198.375;    0.000
559.291; 5694.650;  222.375;    0.000
559.419; 5692.650;  192.375;    0.000
559.548; 5684.650;  186.375;    0.000
559.676; 5750.650;  199.375;    0.000
559.804; 5918.650;  186.375;    0.000
559.932; 5826.650;  202.375;    0.000
560.060; 5925.650;  183.375;    0.000
560.188; 6033.650;  212.375;    0.000
560.316; 5926.650;  192.375;    0.000
560.444; 5944.650;  180.375;    0.000
560.572; 5956.650;  206.375;    0.000
560.700; 6068.650;  184.375;    0.000
560.828; 6086.650;  177.375;    0.000
560.956; 6076.650;  221.375;    0.000
561.085; 6031.650;  227.375;    0.000
561.212; 6103.650;  208.375;    0.000
561.340; 5961.650;  189.375;    0.000
561.468; 6044.650;  189.375;    0.000
561.596; 5967.650;  183.375;    0.000
561.724; 6023.650;  188.375;    0.000
561.852; 6065.650;  183.375;    0.000
561.980; 6050.650;  209.375;    0.000
562.108; 6089.650;  165.375;    0.000
562.236; 6203.650;  188.375;    0.000
562.364; 6151.650;  177.375;    0.000
562.492; 6174.650;  192.375;    0.000
562.619; 6060.650;  187.375;    0.000
562.747; 6172.650;  217.375;    0.000
562.875; 6317.650;  221.375;    0.000
563.003; 6329.650;  199.375;    0.000
563.130; 6242.650;  191.375;    0.000
563.258; 6307.650;  186.375;    0.000
563.386; 6443.650;  191.375;    0.000
563.514; 6488.650;  217.375;    0.000
563.641; 6456.650;  220.375;    0.000
563.769; 6446.650;  186.375;    0.000
563.897; 6673.650;  158.375;    0.000
564.024; 6851.650;  192.375;    0.000
564.152; 6935.650;  217.375;    0.000
564.280; 6825.650;  203.375;    0.000
564.407; 6890.650;  190.375;    0.000
564.535; 6756.650;  188.375;    0.000
564.662; 6927.650;  199.375;    0.000
564.790; 6983.650;  227.375;    0.000
564.917; 7084.650;  160.375;    0.000
565.045; 7076.650;  222.375;    0.000
565.173; 7247.650;  169.375;    0.000
565.300; 7285.650;  208.375;    0.000
565.428; 7457.650;  174.375;    0.000
565.555; 7377.650;  201.375;    0.000
565.682; 7553.650;  180.375;    0.000
565.810; 7731.650;  165.375;    0.000
565.937; 8028.650;  167.375;    0.000
566.065; 8188.650;  190.375;    0.000
566.192; 8340.650;  169.375;    0.000
566.320; 8588.650;  167.375;    0.000
566.447; 8713.650;  151.375;    0.000
566.574; 8891.650;  176.375;    0.000
566.702; 9167.650;  198.375;    0.000
566.829; 9257.650;  209.375;    0.000
566.956; 9351.650;  186.375;    0.000
567.083; 9274.650;  188.375;    0.000
567.211; 9271.650;  159.375;    0.000
567.338; 9581.650;  204.375;    0.000
567.465; 9640.650;  141.375;    0.000
567.593; 9747.650;  168.375;    0.000
567.720; 9850.650;  177.375;    0.000
567.847; 9853.650;  160.375;    0.000
567.974; 9754.650;  139.375;    0.000
568.101; 9699.650;  153.375;    0.000
568.228;10243.650;  173.375;    0.000
568.356; 9976.650;  149.375;    0.000
568.483; 9410.650;  185.375;    0.000
568.610; 9396.650;  170.375;    0.000
568.737; 9811.650;  223.375;    0.000
568.864;10431.650;  167.375;    0.000
568.991; 9749.650;  177.375;    0.000
569.118; 8946.650;  169.375;    0.000
569.245; 8451.650;  128.375;    0.000
569.372; 8177.650;  160.375;    0.000
569.499; 7793.650;  156.375;    0.000
569.626; 7778.650;  191.375;    0.000
569.753; 7614.650;  163.375;    0.000
569.880; 7535.650;  167.375;    0.000
570.007; 7464.650;  143.375;    0.000
570.134; 7332.650;  191.375;    0.000
570.261; 7144.650;  164.375;    0.000
570.388; 7170.650;  162.375;    0.000
570.515; 7121.650;  220.375;    0.000
570.642; 7087.650;  184.375;    0.000
570.768; 7015.650;  174.375;    0.000
570.895; 7019.650;  177.375;    0.000
571.022; 7084.650;  152.375;    0.000
571.149; 6880.650;  183.375;    0.000
571.276; 6811.650;  153.375;    0.000
571.402; 6717.650;  190.375;    0.000
571.529; 6745.650;  187.375;    0.000
571.656; 6631.650;  167.375;    0.000
571.783; 6495.650;  186.375;    0.000
571.909; 6519.650;  183.375;    0.000
572.036; 6462.650;  162.375;    0.000
572.163; 6366.650;  196.375;    0.000
572.289; 6373.650;  180.375;    0.000
572.416; 6243.650;  190.375;    0.000
572.543; 6349.650;  174.375;    0.000
572.669; 6172.650;  186.375;    0.000
572.796; 6180.650;  205.375;    0.000
572.922; 6040.650;  185.375;    0.000
573.049; 6193.650;  178.375;    0.000
573.176; 6136.650;  196.375;    0.000
573.302; 6031.650;  202.375;    0.000
573.429; 6093.650;  189.375;    0.000
573.555; 6047.650;  145.375;    0.000
573.682; 5996.650;  228.375;    0.000
573.808; 6017.650;  197.375;    0.000
573.935; 6093.650;  216.375;    0.000
574.061; 5958.650;  173.375;    0.000
574.188; 5999.650;  151.375;    0.000
574.314; 5995.650;  181.375;    0.000
574.440; 5962.650;  167.375;    0.000
574.567; 6024.650;  185.375;    0.000
574.693; 6040.650;  173.375;    0.000
574.820; 6003.650;  164.375;    0.000
574.946; 5863.650;  199.375;    0.000
575.072; 5932.650;  162.375;    0.000
575.198; 6103.650;  225.375;    0.000
575.325; 5957.650;  171.375;    0.000
575.451; 5975.650;  183.375;    0.000
575.577; 5937.650;  190.375;    0.000
575.704; 5771.650;  210.375;    0.000
575.830; 5995.650;  185.375;    0.000
575.956; 5818.650;  168.375;    0.000
576.082; 5825.650;  158.375;    0.000
576.208; 5890.650;  158.375;    0.000
576.335; 5845.650;  196.375;    0.000
576.461; 5837.650;  187.375;    0.000
576.587; 5858.650;  157.375;    0.000
576.713; 5952.650;  156.375;    0.000
576.839; 5840.650;  196.375;    0.000
576.965; 5832.650;  187.375;    0.000
577.091; 5904.650;  204.375;    0.000
577.217; 5926.650;  207.375;    0.000
577.343; 5769.650;  175.375;    0.000
577.469; 5845.650;  197.375;    0.000
577.596; 5791.650;  182.375;    0.000
577.722; 5785.650;  159.375;    0.000
577.848; 5698.650;  162.375;    0.000
577.974; 5742.650;  180.375;    0.000
578.099; 5676.650;  161.375;    0.000
578.225; 5901.650;  180.375;    0.000
578.351; 5688.650;  190.375;    0.000
578.477; 5844.650;  212.375;    0.000
578.603; 5906.650;  179.375;    0.000
578.729; 5773.650;  195.375;    0.000
578.855; 5776.650;  153.375;    0.000
578.981; 5847.650;  162.375;    0.000
579.107; 5821.650;  149.375;    0.000
579.232; 5770.650;  164.375;    0.000
579.358; 5662.650;  162.375;    0.000
579.484; 5867.650;  181.375;    0.000
579.610; 5727.650;  190.375;    0.000
579.735; 5776.650;  191.375;    0.000
579.861; 5806.650;  189.375;    0.000
579.987; 5648.650;  202.375;    0.000
580.113; 5763.650;  197.375;    0.000
580.238; 5959.650;  228.375;    0.000
580.364; 5919.650;  212.375;    0.000
580.490; 5742.650;  225.375;    0.000
580.615; 5845.650;  218.375;    0.000
580.741; 5743.650;  167.375;    0.000
580.867; 5807.650;  215.375;    0.000
580.992; 5841.650;  191.375;    0.000
581.118; 5848.650;  171.375;    0.000
581.243; 5862.650;  204.375;    0.000
581.369; 5877.650;  186.375;    0.000
581.494; 5791.650;  184.375;    0.000
581.620; 5838.650;  212.375;    0.000
581.745; 5819.650;  192.375;    0.000
581.871; 5958.650;  195.375;    0.000
581.996; 5936.650;  160.375;    0.000
582.122; 5915.650;  217.375;    0.000
582.247; 5964.650;  213.375;    0.000
582.373; 5955.650;  187.375;    0.000
582.498; 5980.650;  208.375;    0.000
582.624; 6199.650;  189.375;    0.000
582.749; 6061.650;  185.375;    0.000
582.874; 6145.650;  195.375;    0.000
583.000; 6039.650;  208.375;    0.000
583.125; 6013.650;  147.375;    0.000
583.250; 6191.650;  201.375;    0.000
583.376; 6192.650;  191.375;    0.000
583.501; 6110.650;  206.375;    0.000
583.626; 6123.650;  167.375;    0.000
583.751; 6266.650;  180.375;    0.000
583.877; 6413.650;  185.375;    0.000
584.002; 6315.650;  186.375;    0.000
584.127; 6246.650;  176.375;    0.000
584.252; 6277.650;  214.375;    0.000
584.377; 6318.650;  225.375;    0.000
584.503; 6372.650;  195.375;    0.000
584.628; 6359.650;  206.375;    0.000
584.753; 6480.650;  181.375;    0.000
584.878; 6442.650;  136.375;    0.000
585.003; 6580.650;  215.375;    0.000
585.128; 6721.650;  206.375;    0.000
585.253; 6737.650;  200.375;    0.000
585.378; 6701.650;  169.375;    0.000
585.503; 6728.650;  191.375;    0.000
585.628; 6795.650;  182.375;    0.000
585.753; 6842.650;  164.375;    0.000
585.878; 6970.650;  123.375;    0.000
586.003; 7116.650;  187.375;    0.000
586.128; 7157.650;  198.375;    0.000
586.253; 7345.650;  172.375;    0.000
586.378; 7446.650;  191.375;    0.000
586.503; 7668.650;  190.375;    0.000
586.628; 7741.650;  178.375;    0.000
586.753; 7978.650;  184.375;    0.000
586.878; 8102.650;  169.375;    0.000
587.003; 8358.650;  186.375;    0.000
587.127; 8699.650;  170.375;    0.000
587.252; 8856.650;  170.375;    0.000
587.377; 9244.650;  181.375;    0.000
587.502; 9772.650;  209.375;    0.000
587.627;10292.650;  210.375;    0.000
587.751;10705.650;  212.375;    0.000
587.876;11435.650;  198.375;    0.000
588.001;12089.650;  161.375;    0.000
588.125;13259.650;  191.375;    0.000
588.250;14535.650;  132.375;    0.000
588.375;16872.650;  183.375;    0.000
588.499;19605.650;  176.375;    0.000
588.624;23708.650;  173.375;    0.000
588.749;31669.650;  204.375;    0.000
588.873;44205.648;  179.375;    0.000
588.998;55933.648;  182.375;    0.000
589.122;55124.648;  165.375;    0.000
589.247;45103.648;  185.375;    0.000
589.372;39346.648;  199.375;    0.000
589.496;44198.648;  182.375;    0.000
589.621;50280.648;  158.375;    0.000
589.745;44917.648;  213.375;    0.000
589.870;33195.648;  175.375;    0.000
589.994;25516.650;  194.375;    0.000
590.118;21052.650;  218.375;    0.000
590.243;18005.650;  170.375;    0.000
590.367;15926.650;  189.375;    0.000
590.492;14579.650;  196.375;    0.000
590.616;13505.650;  182.375;    0.000
590.740;12467.650;  210.375;    0.000
590.865;11688.650;  242.375;    0.000
590.989;11178.650;  191.375;    0.000
591.114;10747.650;  167.375;    0.000
591.238;10364.650;  194.375;    0.000
591.362; 9825.650;  236.375;    0.000
591.486; 9611.650;  194.375;    0.000
591.611; 9386.650;  154.375;    0.000
591.735; 9111.650;  186.375;    0.000
591.859; 9079.650;  148.375;    0.000
591.983; 8992.650;  211.375;    0.000
592.107; 8793.650;  204.375;    0.000
592.232; 8664.650;  194.375;    0.000
592.356; 8533.650;  238.375;    0.000
592.480; 8433.650;  179.375;    0.000
592.604; 8379.650;  192.375;    0.000
592.728; 8286.650;  201.375;    0.000
592.852; 8187.650;  158.375;    0.000
592.976; 8296.650;  152.375;    0.000
593.100; 8104.650;  194.375;    0.000
593.224; 8157.650;  235.375;    0.000
593.349; 8090.650;  233.375;    0.000
593.473; 8015.650;  194.375;    0.000
593.597; 7941.650;  215.375;    0.000
593.721; 7777.650;  212.375;    0.000
593.844; 7794.650;  220.375;    0.000
593.968; 7694.650;  221.375;    0.000
594.092; 7673.650;  150.375;    0.000
594.216; 7730.650;  212.375;    0.000
594.340; 7780.650;  209.375;    0.000
594.464; 7460.650;  207.375;    0.000
594.588; 7526.650;  195.375;    0.000
594.712; 7424.650;  176.375;    0.000
594.836; 7104.650;  219.375;    0.000
594.959; 7093.650;  215.375;    0.000
595.083; 6983.650;  200.375;    0.000
595.207; 6946.650;  206.375;    0.000
595.331; 6805.650;  207.375;    0.000
595.455; 6685.650;  206.375;    0.000
595.578; 6676.650;  204.375;    0.000
595.702; 6553.650;  225.375;    0.000
595.826; 6488.650;  186.375;    0.000
595.949; 6388.650;  196.375;    0.000
596.073; 6372.650;  188.375;    0.000
596.197; 6293.650;  217.375;    0.000
596.320; 6294.650;  225.375;    0.000
596.444; 6273.650;  220.375;    0.000
596.568; 6287.650;  155.375;    0.000
596.691; 6193.650;  195.375;    0.000
596.815; 6118.650;  163.375;    0.000
596.938; 6130.650;  181.375;    0.000
597.062; 6112.650;  201.375;    0.000
597.186; 6051.650;  200.375;    0.000
597.309; 5914.650;  214.375;    0.000
597.433; 6034.650;  176.375;    0.000
597.556; 5838.650;  193.375;    0.000
597.680; 5877.650;  241.375;    0.000
597.803; 5729.650;  185.375;    0.000
597.926; 5772.650;  200.375;    0.000
598.050; 5626.650;  193.375;    0.000
598.173; 5828.650;  219.375;    0.000
598.297; 5832.650;  223.375;    0.000
598.420; 5726.650;  187.375;    0.000
598.543; 5675.650;  205.375;    0.000
598.667; 5638.650;  177.375;    0.000
598.790; 5675.650;  208.375;    0.000
598.913; 5611.650;  170.375;    0.000
599.037; 5640.650;  212.375;    0.000
599.160; 5607.650;  165.375;    0.000
599.283; 5608.650;  211.375;    0.000
599.406; 5565.650;  207.375;    0.000
599.530; 5537.650;  182.375;    0.000
599.653; 5563.650;  215.375;    0.000
599.776; 5599.650;  167.375;    0.000
599.899; 5511.650;  190.375;    0.000
600.022; 5538.650;  182.375;    0.000
600.145; 5520.650;  180.375;    0.000
600.269; 5451.650;  208.375;    0.000
600.392; 5501.650;  214.375;    0.000
600.515; 5445.650;  196.375;    0.000
600.638; 5428.650;  204.375;    0.000
600.761; 5397.650;  209.375;    0.000
600.884; 5391.650;  207.375;    0.000
601.007; 5326.650;  234.375;    0.000
601.130; 5266.650;  183.375;    0.000
601.253; 5417.650;  211.375;    0.000
601.376; 5452.650;  199.375;    0.000
601.499; 5279.650;  190.375;    0.000
601.622; 5370.650;  210.375;    0.000
601.745; 5220.650;  180.375;    0.000
601.868; 5358.650;  204.375;    0.000
601.991; 5341.650;  188.375;    0.000
602.113; 5463.650;  210.375;    0.000
602.236; 5424.650;  194.375;    0.000
602.359; 5389.650;  213.375;    0.000
602.482; 5296.650;  169.375;    0.000
602.605; 5324.650;  189.375;    0.000
602.728; 5335.650;  236.375;    0.000
602.850; 5301.650;  230.375;    0.000
602.973; 5310.650;  187.375;    0.000
603.096; 5313.650;  201.375;    0.000
603.219; 5279.650;  209.375;    0.000
603.341; 5233.650;  209.375;    0.000
603.464; 5298.650;  194.375;    0.000
603.587; 5252.650;  166.375;    0.000
603.709; 5228.650;  175.375;    0.000
603.832; 5333.650;  239.375;    0.000
603.955; 5264.650;  205.375;    0.000
604.077; 5116.650;  196.375;    0.000
604.200; 5199.650;  188.375;    0.000
604.323; 5233.650;  224.375;    0.000
604.445; 5170.650;  182.375;    0.000
604.568; 5239.650;  199.375;    0.000
604.690; 5125.650;  175.375;    0.000
604.813; 5213.650;  211.375;    0.000
604.935; 5168.650;  171.375;    0.000
605.058; 5122.650;  196.375;    0.000
605.180; 5293.650;  194.375;    0.000
605.303; 5162.650;  198.375;    0.000
605.425; 5100.650;  212.375;    0.000
605.547; 5123.650;  238.375;    0.000
605.670; 5064.650;  207.375;    0.000
605.792; 5176.650;  204.375;    0.000
605.915; 5092.650;  198.375;    0.000
606.037; 5017.650;  215.375;    0.000
606.159; 5165.650;  170.375;    0.000
606.282; 5065.650;  194.375;    0.000
606.404; 5151.650;  207.375;    0.000
606.526; 5121.650;  208.375;    0.000
606.648; 5082.650;  174.375;    0.000
606.771; 5114.650;  170.375;    0.000
606.893; 5064.650;  182.375;    0.000
607.015; 5127.650;  180.375;    0.000
607.137; 5128.650;  187.375;    0.000
607.260; 5010.650;  202.375;    0.000
607.382; 5030.650;  226.375;    0.000
607.504; 5097.650;  208.375;    0.000
607.626; 5033.650;  229.375;    0.000
607.748; 5045.650;  170.375;    0.000
607.870; 4906.650;  208.375;    0.000
607.992; 5024.650;  184.375;    0.000
608.114; 5112.650;  213.375;    0.000
608.237; 5012.650;  237.375;    0.000
608.359; 5020.650;  176.375;    0.000
608.481; 4926.650;  173.375;    0.000
608.603; 5089.650;  189.375;    0.000
608.725; 5103.650;  185.375;    0.000
608.847; 5087.650;  239.375;    0.000
608.969; 5091.650;  237.375;    0.000
609.090; 5076.650;  189.375;    0.000
609.212; 4874.650;  147.375;    0.000
609.334; 4953.650;  177.375;    0.000
609.456; 4983.650;  196.375;    0.000
609.578; 5103.650;  199.375;    0.000
609.700; 4891.650;  167.375;    0.000
609.822; 4932.650;  140.375;    0.000
609.944; 5132.650;  225.375;    0.000
610.065; 5103.650;  183.375;    0.000
610.187; 4903.650;  170.375;    0.000
610.309; 5009.650;  210.375;    0.000
610.431; 4937.650;  185.375;    0.000
610.552; 4925.650;  197.375;    0.000
610.674; 4911.650;  188.375;    0.000
610.796; 4851.650;  162.375;    0.000
610.918; 4924.650;  200.375;    0.000
611.039; 5006.650;  209.375;    0.000
611.161; 4956.650;  201.375;    0.000
611.282; 4883.650;  197.375;    0.000
611.404; 4993.650;  220.375;    0.000
611.526; 5059.650;  159.375;    0.000
611.647; 4864.650;  205.375;    0.000
611.769; 4929.650;  161.375;    0.000
611.890; 5015.650;  173.375;    0.000
612.012; 4928.650;  225.375;    0.000
612.133; 4909.650;  188.375;    0.000
612.255; 4919.650;  217.375;    0.000
612.377; 4968.650;  219.375;    0.000
612.498; 4829.650;  177.375;    0.000
612.619; 5001.650;  211.375;    0.000
612.741; 4926.650;  185.375;    0.000
612.862; 4873.650;  191.375;    0.000
612.984; 4847.650;  190.375;    0.000
613.105; 4808.650;  211.375;    0.000
613.226; 4912.650;  174.375;    0.000
613.348; 4924.650;  235.375;    0.000
613.469; 4916.650;  230.375;    0.000
613.590; 4939.650;  208.375;    0.000
613.712; 4943.650;  244.375;    0.000
613.833; 5093.650;  202.375;    0.000
613.954; 4981.650;  228.375;    0.000
614.076; 4801.650;  220.375;    0.000
614.197; 4877.650;  191.375;    0.000
614.318; 4953.650;  201.375;    0.000
614.439; 4930.650;  212.375;    0.000
614.560; 4918.650;  219.375;    0.000
614.682; 4866.650;  189.375;    0.000
614.803; 4898.650;  188.375;    0.000
614.924; 4966.650;  225.375;    0.000
615.045; 4918.650;  227.375;    0.000
615.166; 4890.650;  200.375;    0.000
615.287; 5032.650;  195.375;    0.000
615.408; 5324.650;  199.375;    0.000
615.529; 5302.650;  227.375;    0.000
615.650; 5092.650;  176.375;    0.000
615.771; 5032.650;  211.375;    0.000
615.892; 5155.650;  212.375;    0.000
616.013; 5441.650;  172.375;    0.000
616.134; 5678.650;  220.375;    0.000
616.255; 5593.650;  251.375;    0.000
616.376; 5297.650;  186.375;    0.000
616.497; 5095.650;  201.375;    0.000
616.618; 5072.650;  149.375;    0.000
616.739; 5108.650;  213.375;    0.000
616.860; 5122.650;  224.375;    0.000
616.981; 4970.650;  224.375;    0.000
617.102; 4973.650;  217.375;    0.000
617.222; 5017.650;  237.375;    0.000
617.343; 4881.650;  205.375;    0.000
617.464; 4954.650;  229.375;    0.000
617.585; 5002.650;  227.375;    0.000
617.705; 4862.650;  191.375;    0.000
617.826; 4858.650;  237.375;    0.000
617.947; 4944.650;  223.375;    0.000
618.068; 4944.650;  189.375;    0.000
618.188; 4870.650;  194.375;    0.000
618.309; 5034.650;  206.375;    0.000
618.430; 4994.650;  229.375;    0.000
618.550; 4935.650;  250.375;    0.000
618.671; 4915.650;  201.375;    0.000
618.791; 4964.650;  226.375;    0.000
618.912; 4940.650;  246.375;    0.000
619.033; 4926.650;  243.375;    0.000
619.153; 4811.650;  208.375;    0.000
619.274; 4911.650;  223.375;    0.000
619.394; 4951.650;  226.375;    0.000
619.515; 4767.650;  188.375;    0.000
619.635; 4844.650;  216.375;    0.000
619.756; 4831.650;  229.375;    0.000
619.876; 4869.650;  216.375;    0.000
619.996; 4825.650;  244.375;    0.000
620.117; 4861.650;  225.375;    0.000
620.237; 4841.650;  207.375;    0.000
620.358; 4865.650;  239.375;    0.000
620.478; 4750.650;  237.375;    0.000
620.598; 4724.650;  237.375;    0.000
620.719; 4840.650;  223.375;    0.000
620.839; 4802.650;  254.375;    0.000
620.959; 4708.650;  244.375;    0.000
621.079; 4676.650;  193.375;    0.000
621.200; 4715.650;  233.375;    0.000
621.320; 4855.650;  270.375;    0.000
621.440; 4716.650;  206.375;    0.000
621.560; 4681.650;  241.375;    0.000
621.681; 4827.650;  231.375;    0.000
621.801; 4633.650;  235.375;    0.000
621.921; 4717.650;  240.375;    0.000
622.041; 4727.650;  244.375;    0.000
622.161; 4782.650;  225.375;    0.000
622.281; 4677.650;  222.375;    0.000
622.401; 4782.650;  238.375;    0.000
622.521; 4764.650;  233.375;    0.000
622.641; 4691.650;  241.375;    0.000
622.761; 4652.650;  233.375;    0.000
622.882; 4602.650;  230.375;    0.000
623.002; 4674.650;  206.375;    0.000
623.121; 4625.650;  217.375;    0.000
623.241; 4711.650;  263.375;    0.000
623.361; 4683.650;  245.375;    0.000
623.481; 4638.650;  194.375;    0.000
623.601; 4694.650;  228.375;    0.000
623.721; 4610.650;  219.375;    0.000
623.841; 4747.650;  234.375;    0.000
623.961; 4697.650;  235.375;    0.000
624.081; 4550.650;  166.375;    0.000
624.201; 4644.650;  229.375;    0.000
624.320; 4662.650;  224.375;    0.000
624.440; 4515.650;  200.375;    0.000
624.560; 4490.650;  220.375;    0.000
624.680; 4534.650;  214.375;    0.000
624.799; 4593.650;  179.375;    0.000
624.919; 4554.650;  199.375;    0.000
625.039; 4579.650;  211.375;    0.000
625.159; 4580.650;  213.375;    0.000
625.278; 4500.650;  178.375;    0.000
625.398; 4552.650;  206.375;    0.000
625.518; 4488.650;  182.375;    0.000
625.637; 4551.650;  206.375;    0.000
625.757; 4551.650;  197.375;    0.000
625.876; 4519.650;  204.375;    0.000
625.996; 4547.650;  222.375;    0.000
626.115; 4565.650;  222.375;    0.000
626.235; 4519.650;  222.375;    0.000
626.354; 4511.650;  211.375;    0.000
626.474; 4655.650;  217.375;    0.000
626.594; 4489.650;  190.375;    0.000
626.713; 4586.650;  200.375;    0.000
626.832; 4549.650;  234.375;    0.000
626.952; 4533.650;  214.375;    0.000
627.071; 4559.650;  243.375;    0.000
627.191; 4528.650;  192.375;    0.000
627.310; 4550.650;  211.375;    0.000
627.429; 4572.650;  218.375;    0.000
627.549; 4538.650;  214.375;    0.000
627.668; 4495.650;  208.375;    0.000
627.787; 4479.650;  199.375;    0.000
627.907; 4516.650;  208.375;    0.000
628.026; 4537.650;  216.375;    0.000
628.145; 4538.650;  170.375;    0.000
628.264; 4457.650;  217.375;    0.000
628.384; 4589.650;  190.375;    0.000
628.503; 4569.650;  203.375;    0.000
628.622; 4526.650;  197.375;    0.000
628.741; 4548.650;  186.375;    0.000
628.860; 4534.650;  191.375;    0.000
628.980; 4414.650;  196.375;    0.000
629.099; 4492.650;  190.375;    0.000
629.218; 4532.650;  165.375;    0.000
629.337; 4479.650;  190.375;    0.000
629.456; 4480.650;  222.375;    0.000
629.575; 4622.650;  197.375;    0.000
629.694; 4487.650;  210.375;    0.000
629.813; 4411.650;  187.375;    0.000
629.932; 4497.650;  224.375;    0.000
630.051; 4517.650;  216.375;    0.000
630.170; 4516.650;  203.375;    0.000
630.289; 4539.650;  178.375;    0.000
630.408; 4385.650;  192.375;    0.000
630.527; 4516.650;  223.375;    0.000
630.646; 4500.650;  177.375;    0.000
630.764; 4459.650;  224.375;    0.000
630.883; 4451.650;  220.375;    0.000
631.002; 4358.650;  187.375;    0.000
631.121; 4405.650;  208.375;    0.000
631.240; 4461.650;  217.375;    0.000
631.359; 4543.650;  241.375;    0.000
631.477; 4437.650;  189.375;    0.000
631.596; 4374.650;  244.375;    0.000
631.715; 4510.650;  241.375;    0.000
631.834; 4468.650;  219.375;    0.000
631.952; 4399.650;  231.375;    0.000
632.071; 4450.650;  197.375;    0.000
632.190; 4308.650;  193.375;    0.000
632.308; 4530.650;  185.375;    0.000
632.427; 4401.650;  188.375;    0.000
632.546; 4429.650;  208.375;    0.000
632.664; 4372.650;  191.375;    0.000
632.783; 4341.650;  201.375;    0.000
632.901; 4328.650;  239.375;    0.000
633.020; 4258.650;  197.375;    0.000
633.138; 4290.650;  189.375;    0.000
633.257; 4473.650;  210.375;    0.000
633.375; 4420.650;  213.375;    0.000
633.494; 4317.650;  206.375;    0.000
633.612; 4360.650;  231.375;    0.000
633.731; 4272.650;  213.375;    0.000
633.849; 4348.650;  244.375;    0.000
633.968; 4331.650;  251.375;    0.000
634.086; 4294.650;  224.375;    0.000
634.204; 4433.650;  212.375;    0.000
634.323; 4351.650;  213.375;    0.000
634.441; 4339.650;  219.375;    0.000
634.559; 4335.650;  198.375;    0.000
634.678; 4378.650;  201.375;    0.000
634.796; 4330.650;  179.375;    0.000
634.914; 4259.650;  255.375;    0.000
635.032; 4393.650;  264.375;    0.000
635.151; 4279.650;  228.375;    0.000
635.269; 4436.650;  223.375;    0.000
635.387; 4322.650;  228.375;    0.000
635.505; 4395.650;  214.375;    0.000
635.623; 4468.650;  279.375;    0.000
635.742; 4373.650;  237.375;    0.000
635.860; 4447.650;  244.375;    0.000
635.978; 4320.650;  213.375;    0.000
636.096; 4333.650;  230.375;    0.000
636.214; 4415.650;  252.375;    0.000
636.332; 4298.650;  221.375;    0.000
636.450; 4367.650;  227.375;    0.000
636.568; 4325.650;  193.375;    0.000
636.686; 4312.650;  208.375;    0.000
636.804; 4367.650;  213.375;    0.000
636.922; 4262.650;  199.375;    0.000
637.040; 4307.650;  202.375;    0.000
637.158; 4424.650;  239.375;    0.000
637.276; 4339.650;  225.375;    0.000
637.394; 4371.650;  217.375;    0.000
637.512; 4322.650;  192.375;    0.000
637.629; 4317.650;  216.375;    0.000
637.747; 4363.650;  198.375;    0.000
637.865; 4353.650;  265.375;    0.000
637.983; 4317.650;  245.375;    0.000
638.101; 4350.650;  199.375;    0.000
638.218; 4362.650;  197.375;    0.000
638.336; 4277.650;  212.375;    0.000
638.454; 4338.650;  227.375;    0.000
638.572; 4274.650;  215.375;    0.000
638.689; 4354.650;  214.375;    0.000
638.807; 4378.650;  233.375;    0.000
638.925; 4448.650;  217.375;    0.000
639.042; 4228.650;  180.375;    0.000
639.160; 4356.650;  220.375;    0.000
639.278; 4376.650;  180.375;    0.000
639.395; 4318.650;  243.375;    0.000
639.513; 4349.650;  207.375;    0.000
639.630; 4341.650;  183.375;    0.000
639.748; 4281.650;  231.375;    0.000
639.865; 4403.650;  215.375;    0.000
639.983; 4246.650;  182.375;    0.000
640.100; 4256.650;  190.375;    0.000
640.218; 4332.650;  224.375;    0.000
640.335; 4306.650;  214.375;    0.000
640.453; 4317.650;  212.375;    0.000
640.570; 4246.650;  224.375;    0.000
640.688; 4347.650;  220.375;    0.000
640.805; 4285.650;  189.375;    0.000
640.922; 4358.650;  256.375;    0.000
641.040; 4350.650;  209.375;    0.000
641.157; 4366.650;  195.375;    0.000
641.274; 4337.650;  195.375;    0.000
641.391; 4242.650;  231.375;    0.000
641.509; 4264.650;  207.375;    0.000
641.626; 4288.650;  227.375;    0.000
641.743; 4316.650;  188.375;    0.000
641.860; 4354.650;  208.375;    0.000
641.978; 4260.650;  222.375;    0.000
642.095; 4267.650;  194.375;    0.000
642.212; 4259.650;  202.375;    0.000
642.329; 4393.650;  241.375;    0.000
642.446; 4324.650;  261.375;    0.000
642.563; 4365.650;  236.375;    0.000
642.681; 4399.650;  228.375;    0.000
642.798; 4281.650;  242.375;    0.000
642.915; 4354.650;  197.375;    0.000
643.032; 4371.650;  239.375;    0.000
643.149; 4384.650;  241.375;    0.000
643.266; 4295.650;  199.375;    0.000
643.383; 4334.650;  200.375;    0.000
643.500; 4410.650;  221.375;    0.000
643.617; 4411.650;  196.375;    0.000
643.734; 4445.650;  207.375;    0.000
643.850; 4393.650;  222.375;    0.000
643.967; 4426.650;  235.375;    0.000
644.084; 4472.650;  233.375;    0.000
644.201; 4383.650;  229.375;    0.000
644.318; 4504.650;  210.375;    0.000
644.435; 4432.650;  234.375;    0.000
644.552; 4374.650;  220.375;    0.000
644.668; 4549.650;  231.375;    0.000
644.785; 4511.650;  231.375;    0.000
644.902; 4583.650;  238.375;    0.000
645.019; 4625.650;  226.375;    0.000
645.135; 4524.650;  179.375;    0.000
645.252; 4568.650;  224.375;    0.000
645.369; 4535.650;  206.375;    0.000
645.485; 4573.650;  200.375;    0.000
645.602; 4634.650;  210.375;    0.000
645.719; 4579.650;  206.375;    0.000
645.835; 4755.650;  247.375;    0.000
645.952; 4667.650;  222.375;    0.000
646.068; 4640.650;  205.375;    0.000
646.185; 4686.650;  230.375;    0.000
646.302; 4689.650;  254.375;    0.000
646.418; 4705.650;  230.375;    0.000
646.535; 4695.650;  214.375;    0.000
646.651; 4723.650;  179.375;    0.000
646.768; 4696.650;  190.375;    0.000
646.884; 4776.650;  208.375;    0.000
647.000; 4814.650;  262.375;    0.000
647.117; 4763.650;  212.375;    0.000
647.233; 4739.650;  228.375;    0.000
647.350; 4837.650;  208.375;    0.000
647.466; 4855.650;  211.375;    0.000
647.582; 4866.650;  196.375;    0.000
647.699; 5033.650;  217.375;    0.000
647.815; 4977.650;  203.375;    0.000
647.931; 5116.650;  201.375;    0.000
648.047; 4987.650;  182.375;    0.000
648.164; 4996.650;  219.375;    0.000
648.280; 5150.650;  213.375;    0.000
648.396; 5132.650;  202.375;    0.000
648.512; 5267.650;  233.375;    0.000
648.629; 5213.650;  206.375;    0.000
648.745; 5027.650;  188.375;    0.000
648.861; 5096.650;  209.375;    0.000
648.977; 5187.650;  218.375;    0.000
649.093; 5099.650;  225.375;    0.000
649.209; 5144.650;  240.375;    0.000
649.325; 5107.650;  253.375;    0.000
649.441; 5157.650;  263.375;    0.000
649.557; 5139.650;  256.375;    0.000
649.673; 5161.650;  211.375;    0.000
649.789; 5197.650;  237.375;    0.000
649.905; 5085.650;  183.375;    0.000
650.021; 5342.650;  238.375;    0.000
650.137; 5191.650;  241.375;    0.000
650.253; 5234.650;  228.375;    0.000
650.369; 5340.650;  221.375;    0.000
650.485; 5280.650;  240.375;    0.000
650.601; 5332.650;  254.375;    0.000
650.717; 5283.650;  201.375;    0.000
650.833; 5372.650;  257.375;    0.000
650.948; 5397.650;  213.375;    0.000
651.064; 5365.650;  223.375;    0.000
651.180; 5501.650;  230.375;    0.000
651.296; 5521.650;  235.375;    0.000
651.411; 5585.650;  221.375;    0.000
651.527; 5496.650;  233.375;    0.000
651.643; 5690.650;  236.375;    0.000
651.759; 5694.650;  268.375;    0.000
651.874; 5854.650;  214.375;    0.000
651.990; 5812.650;  251.375;    0.000
652.105; 5757.650;  217.375;    0.000
652.221; 5828.650;  243.375;    0.000
652.337; 6006.650;  231.375;    0.000
652.452; 6012.650;  238.375;    0.000
652.568; 6153.650;  188.375;    0.000
652.683; 6076.650;  197.375;    0.000
652.799; 6193.650;  194.375;    0.000
652.914; 6144.650;  222.375;    0.000
653.030; 6309.650;  200.375;    0.000
653.145; 6388.650;  235.375;    0.000
653.261; 6537.650;  261.375;    0.000
653.376; 6582.650;  228.375;    0.000
653.492; 6671.650;  222.375;    0.000
653.607; 6656.650;  227.375;    0.000
653.722; 6811.650;  250.375;    0.000
653.838; 7078.650;  255.375;    0.000
653.953; 7078.650;  235.375;    0.000
654.068; 7263.650;  266.375;    0.000
654.184; 7565.650;  210.375;    0.000
654.299; 7493.650;  240.375;    0.000
654.414; 7572.650;  222.375;    0.000
654.530; 7848.650;  222.375;    0.000
654.645; 8097.650;  256.375;    0.000
654.760; 8212.650;  244.375;    0.000
654.875; 8440.650;  229.375;    0.000
654.990; 8719.650;  226.375;    0.000
655.106; 8847.650;  254.375;    0.000
655.221; 9304.650;  251.375;    0.000
655.336; 9503.650;  245.375;    0.000
655.451; 9959.650;  199.375;    0.000
655.566;10151.650;  228.375;    0.000
655.681;10527.650;  208.375;    0.000
655.796;11103.650;  218.375;    0.000
655.911;11637.650;  233.375;    0.000
656.026;12125.650;  232.375;    0.000
656.141;12819.650;  223.375;    0.000
656.256;13395.650;  247.375;    0.000
656.371;13231.650;  220.375;    0.000
656.486;13416.650;  225.375;    0.000
656.601;12898.650;  257.375;    0.000
656.716;12685.650;  248.375;    0.000
656.831;12177.650;  262.375;    0.000
656.946;11881.650;  249.375;    0.000
657.060;11495.650;  245.375;    0.000
657.175;11330.650;  245.375;    0.000
657.290;10930.650;  219.375;    0.000
657.405;10650.650;  286.375;    0.000
657.520;10288.650;  259.375;    0.000
657.634; 9977.650;  239.375;    0.000
657.749; 9894.650;  227.375;    0.000
657.864; 9534.650;  210.375;    0.000
657.979; 9318.650;  236.375;    0.000
658.093; 9005.650;  210.375;    0.000
658.208; 8822.650;  248.375;    0.000
658.323; 8634.650;  216.375;    0.000
658.437; 8456.650;  248.375;    0.000
658.552; 8564.650;  249.375;    0.000
658.666; 8210.650;  256.375;    0.000
658.781; 7972.650;  247.375;    0.000
658.895; 7820.650;  209.375;    0.000
659.010; 7781.650;  219.375;    0.000
659.125; 7463.650;  215.375;    0.000
659.239; 7472.650;  205.375;    0.000
659.353; 7335.650;  246.375;    0.000
659.468; 7381.650;  245.375;    0.000
659.582; 7156.650;  244.375;    0.000
659.697; 7137.650;  242.375;    0.000
659.811; 6949.650;  239.375;    0.000
659.926; 6995.650;  226.375;    0.000
660.040; 6912.650;  255.375;    0.000
660.154; 6721.650;  225.375;    0.000
660.269; 6610.650;  200.375;    0.000
660.383; 6548.650;  192.375;    0.000
660.497; 6417.650;  218.375;    0.000
660.612; 6569.650;  236.375;    0.000
660.726; 6514.650;  263.375;    0.000
660.840; 6302.650;  205.375;    0.000
660.954; 6139.650;  219.375;    0.000
661.068; 6132.650;  240.375;    0.000
661.183; 6078.650;  221.375;    0.000
661.297; 6026.650;  194.375;    0.000
661.411; 5918.650;  253.375;    0.000
661.525; 5841.650;  246.375;    0.000
661.639; 5777.650;  217.375;    0.000
661.753; 5554.650;  241.375;    0.000
661.867; 5680.650;  276.375;    0.000
661.981; 5584.650;  203.375;    0.000
662.095; 5538.650;  224.375;    0.000
662.209; 5496.650;  217.375;    0.000
662.323; 5362.650;  251.375;    0.000
662.437; 5293.650;  243.375;    0.000
662.551; 5283.650;  244.375;    0.000
662.665; 5314.650;  247.375;    0.000
662.779; 5055.650;  251.375;    0.000
662.893; 5082.650;  254.375;    0.000
663.007; 5178.650;  222.375;    0.000
663.121; 4969.650;  253.375;    0.000
663.235; 4916.650;  270.375;    0.000
663.349; 4909.650;  242.375;    0.000
663.462; 4908.650;  230.375;    0.000
663.576; 4760.650;  230.375;    0.000
663.690; 4858.650;  249.375;    0.000
663.804; 4851.650;  200.375;    0.000
663.917; 4768.650;  204.375;    0.000
664.031; 4801.650;  206.375;    0.000
664.145; 4737.650;  202.375;    0.000
664.258; 4614.650;  221.375;    0.000
664.372; 4719.650;  215.375;    0.000
664.486; 4495.650;  179.375;    0.000
664.599; 4542.650;  208.375;    0.000
664.713; 4678.650;  268.375;    0.000
664.827; 4476.650;  225.375;    0.000
664.940; 4469.650;  222.375;    0.000
665.054; 4381.650;  208.375;    0.000
665.167; 4326.650;  253.375;    0.000
665.281; 4464.650;  237.375;    0.000
665.394; 4347.650;  227.375;    0.000
665.508; 4306.650;  192.375;    0.000
665.621; 4268.650;  175.375;    0.000
665.735; 4416.650;  249.375;    0.000
665.848; 4317.650;  197.375;    0.000
665.961; 4267.650;  206.375;    0.000
666.075; 4294.650;  245.375;    0.000
666.188; 4277.650;  230.375;    0.000
666.301; 4097.650;  219.375;    0.000
666.415; 4254.650;  231.375;    0.000
666.528; 4185.650;  258.375;    0.000
666.641; 4180.650;  243.375;    0.000
666.755; 4212.650;  208.375;    0.000
666.868; 4108.650;  228.375;    0.000
666.981; 4132.650;  244.375;    0.000
667.094; 4130.650;  244.375;    0.000
667.207; 4007.650;  226.375;    0.000
667.321; 4021.650;  175.375;    0.000
667.434; 3857.650;  211.375;    0.000
667.547; 4073.650;  249.375;    0.000
667.660; 3928.650;  225.375;    0.000
667.773; 3939.650;  242.375;    0.000
667.886; 3884.650;  246.375;    0.000
667.999; 3862.650;  244.375;    0.000
668.112; 3822.650;  227.375;    0.000
668.225; 3925.650;  231.375;    0.000
668.338; 3873.650;  256.375;    0.000
668.451; 3937.650;  216.375;    0.000
668.564; 3912.650;  261.375;    0.000
668.677; 3822.650;  230.375;    0.000
668.790; 3712.650;  192.375;    0.000
668.903; 3794.650;  243.375;    0.000
669.016; 3766.650;  201.375;    0.000
669.129; 3663.650;  249.375;    0.000
669.242; 3660.650;  190.375;    0.000
669.354; 3771.650;  219.375;    0.000
669.467; 3690.650;  242.375;    0.000
669.580; 3696.650;  237.375;    0.000
669.693; 3661.650;  243.375;    0.000
669.806; 3703.650;  234.375;    0.000
669.918; 3641.650;  206.375;    0.000
670.031; 3672.650;  258.375;    0.000
670.144; 3655.650;  231.375;    0.000
670.256; 3660.650;  244.375;    0.000
670.369; 3631.650;  262.375;    0.000
670.482; 3660.650;  264.375;    0.000
670.594; 3671.650;  256.375;    0.000
670.707; 3575.650;  224.375;    0.000
670.820; 3549.650;  261.375;    0.000
670.932; 3669.650;  226.375;    0.000
671.045; 3671.650;  243.375;    0.000
671.157; 3589.650;  235.375;    0.000
671.270; 3623.650;  217.375;    0.000
671.382; 3600.650;  267.375;    0.000
671.495; 3538.650;  258.375;    0.000
671.607; 3505.650;  236.375;    0.000
671.720; 3464.650;  200.375;    0.000
671.832; 3511.650;  219.375;    0.000
671.944; 3487.650;  234.375;    0.000
672.057; 3582.650;  226.375;    0.000
672.169; 3444.650;  225.375;    0.000
672.281; 3515.650;  253.375;    0.000
672.394; 3475.650;  238.375;    0.000
672.506; 3439.650;  244.375;    0.000
672.618; 3442.650;  272.375;    0.000
672.731; 3475.650;  247.375;    0.000
672.843; 3461.650;  261.375;    0.000
672.955; 3473.650;  262.375;    0.000
673.067; 3477.650;  253.375;    0.000
673.180; 3434.650;  239.375;    0.000
673.292; 3427.650;  240.375;    0.000
673.404; 3452.650;  243.375;    0.000
673.516; 3362.650;  258.375;    0.000
673.628; 3446.650;  263.375;    0.000
673.740; 3380.650;  250.375;    0.000
673.852; 3417.650;  285.375;    0.000
673.964; 3401.650;  264.375;    0.000
674.076; 3344.650;  260.375;    0.000
674.188; 3306.650;  226.375;    0.000
674.300; 3343.650;  272.375;    0.000
674.412; 3316.650;  259.375;    0.000
674.524; 3284.650;  283.375;    0.000
674.636; 3353.650;  259.375;    0.000
674.748; 3386.650;  238.375;    0.000
674.860; 3267.650;  277.375;    0.000
674.972; 3265.650;  272.375;    0.000
675.084; 3167.650;  244.375;    0.000
675.196; 3322.650;  272.375;    0.000
675.307; 3284.650;  244.375;    0.000
675.419; 3205.650;  219.375;    0.000
675.531; 3304.650;  275.375;    0.000
675.643; 3257.650;  215.375;    0.000
675.755; 3304.650;  243.375;    0.000
675.866; 3267.650;  223.375;    0.000
675.978; 3226.650;  216.375;    0.000
676.090; 3271.650;  242.375;    0.000
676.201; 3310.650;  276.375;    0.000
676.313; 3205.650;  226.375;    0.000
676.425; 3145.650;  234.375;    0.000
676.536; 3186.650;  231.375;    0.000
676.648; 3217.650;  254.375;    0.000
676.759; 3120.650;  273.375;    0.000
676.871; 3218.650;  250.375;    0.000
676.983; 3284.650;  256.375;    0.000
677.094; 3212.650;  210.375;    0.000
677.206; 3260.650;  248.375;    0.000
677.317; 3253.650;  263.375;    0.000
677.429; 3138.650;  238.375;    0.000
677.540; 3167.650;  247.375;    0.000
677.651; 3147.650;  224.375;    0.000
677.763; 3059.650;  217.375;    0.000
677.874; 3176.650;  234.375;    0.000
677.986; 3152.650;  238.375;    0.000
678.097; 3075.650;  226.375;    0.000
678.208; 3151.650;  253.375;    0.000
678.320; 3097.650;  217.375;    0.000
678.431; 3041.650;  238.375;    0.000
678.542; 3105.650;  236.375;    0.000
678.653; 3039.650;  218.375;    0.000
678.765; 3077.650;  275.375;    0.000
678.876; 3056.650;  213.375;    0.000
678.987; 3082.650;  182.375;    0.000
679.098; 3070.650;  221.375;    0.000
679.209; 3059.650;  238.375;    0.000
679.320; 3090.650;  212.375;    0.000
679.432; 2963.650;  231.375;    0.000
679.543; 2906.650;  198.375;    0.000
679.654; 3064.650;  191.375;    0.000
679.765; 2995.650;  214.375;    0.000
679.876; 3012.650;  221.375;    0.000
679.987; 3029.650;  162.375;    0.000
680.098; 2960.650;  230.375;    0.000
680.209; 3011.650;  206.375;    0.000
680.320; 2981.650;  196.375;    0.000
680.431; 3005.650;  191.375;    0.000
680.542; 2994.650;  214.375;    0.000
680.653; 2945.650;  238.375;    0.000
680.763; 2907.650;  182.375;    0.000
680.874; 2952.650;  213.375;    0.000
680.985; 3000.650;  224.375;    0.000
681.096; 3016.650;  222.375;    0.000
681.207; 2950.650;  220.375;    0.000
681.318; 2987.650;  216.375;    0.000
681.428; 2911.650;  229.375;    0.000
681.539; 2913.650;  183.375;    0.000
681.650; 2945.650;  202.375;    0.000
681.760; 2922.650;  223.375;    0.000
681.871; 2947.650;  211.375;    0.000
681.982; 2831.650;  189.375;    0.000
682.093; 2844.650;  222.375;    0.000
682.203; 2894.650;  220.375;    0.000
682.314; 2932.650;  214.375;    0.000
682.424; 2895.650;  208.375;    0.000
682.535; 2937.650;  213.375;    0.000
682.646; 2949.650;  302.375;    0.000
682.756; 3058.650;  255.375;    0.000
682.867; 2927.650;  244.375;    0.000
682.977; 2871.650;  221.375;    0.000
683.088; 2970.650;  259.375;    0.000
683.198; 2920.650;  212.375;    0.000
683.308; 2876.650;  202.375;    0.000
683.419; 2975.650;  255.375;    0.000
683.529; 2853.650;  217.375;    0.000
683.640; 2880.650;  240.375;    0.000
683.750; 2861.650;  181.375;    0.000
683.860; 2929.650;  246.375;    0.000
683.971; 2937.650;  254.375;    0.000
684.081; 2876.650;  235.375;    0.000
684.191; 3043.650;  251.375;    0.000
684.301; 2876.650;  233.375;    0.000
684.412; 2932.650;  202.375;    0.000
684.522; 2876.650;  232.375;    0.000
684.632; 2947.650;  202.375;    0.000
684.742; 2893.650;  254.375;    0.000
684.852; 2897.650;  219.375;    0.000
684.963; 2869.650;  256.375;    0.000
685.073; 2891.650;  253.375;    0.000
685.183; 2879.650;  254.375;    0.000
685.293; 2872.650;  232.375;    0.000
685.403; 2848.650;  242.375;    0.000
685.513; 2898.650;  261.375;    0.000
685.623; 2889.650;  245.375;    0.000
685.733; 2933.650;  254.375;    0.000
685.843; 2863.650;  249.375;    0.000
685.953; 2907.650;  252.375;    0.000
686.063; 2878.650;  227.375;    0.000
686.173; 2808.650;  223.375;    0.000
686.283; 2894.650;  234.375;    0.000
686.393; 2831.650;  239.375;    0.000
686.503; 2839.650;  231.375;    0.000
686.612; 2860.650;  232.375;    0.000
686.722; 2839.650;  258.375;    0.000
686.832; 2822.650;  256.375;    0.000
686.942; 2901.650;  230.375;    0.000
687.052; 2857.650;  274.375;    0.000
687.161; 2903.650;  269.375;    0.000
687.271; 2839.650;  218.375;    0.000
687.381; 2804.650;  235.375;    0.000
687.491; 2880.650;  262.375;    0.000
687.600; 2808.650;  256.375;    0.000
687.710; 2859.650;  225.375;    0.000
687.820; 2793.650;  230.375;    0.000
687.929; 2803.650;  226.375;    0.000
688.039; 2775.650;  228.375;    0.000
688.148; 2787.650;  249.375;    0.000
688.258; 2767.650;  237.375;    0.000
688.367; 2720.650;  260.375;    0.000
688.477; 2777.650;  200.375;    0.000
688.586; 2821.650;  223.375;    0.000
688.696; 2871.650;  223.375;    0.000
688.805; 2751.650;  257.375;    0.000
688.915; 2793.650;  185.375;    0.000
689.024; 2780.650;  227.375;    0.000
689.134; 2794.650;  224.375;    0.000
689.243; 2775.650;  206.375;    0.000
689.352; 2811.650;  275.375;    0.000
689.462; 2720.650;  233.375;    0.000
689.571; 2795.650;  244.375;    0.000
689.680; 2748.650;  261.375;    0.000
689.790; 2699.650;  192.375;    0.000
689.899; 2697.650;  214.375;    0.000
690.008; 2737.650;  255.375;    0.000
690.117; 2773.650;  219.375;    0.000
690.227; 2783.650;  241.375;    0.000
690.336; 2705.650;  231.375;    0.000
690.445; 2702.650;  212.375;    0.000
690.554; 2780.650;  234.375;    0.000
690.663; 2694.650;  210.375;    0.000
690.772; 2809.650;  221.375;    0.000
690.881; 2716.650;  244.375;    0.000
690.990; 2756.650;  247.375;    0.000
691.099; 2725.650;  222.375;    0.000
691.209; 2680.650;  240.375;    0.000
691.318; 2722.650;  223.375;    0.000
691.427; 2665.650;  217.375;    0.000
691.536; 2771.650;  216.375;    0.000
691.644; 2744.650;  194.375;    0.000
691.753; 2753.650;  221.375;    0.000
691.862; 2700.650;  224.375;    0.000
691.971; 2658.650;  191.375;    0.000
692.080; 2769.650;  247.375;    0.000
692.189; 2721.650;  208.375;    0.000
692.298; 2672.650;  203.375;    0.000
692.406; 2683.650;  239.375;    0.000
692.515; 2736.650;  250.375;    0.000
692.624; 2644.650;  226.375;    0.000
692.733; 2706.650;  229.375;    0.000
692.842; 2805.650;  254.375;    0.000
692.950; 2673.650;  242.375;    0.000
693.059; 2785.650;  204.375;    0.000
693.168; 2645.650;  252.375;    0.000
693.276; 2742.650;  195.375;    0.000
693.385; 2708.650;  228.375;    0.000
693.494; 2790.650;  282.375;    0.000
693.602; 2826.650;  221.375;    0.000
693.711; 2684.650;  225.375;    0.000
693.819; 2718.650;  234.375;    0.000
693.928; 2773.650;  229.375;    0.000
694.036; 2676.650;  192.375;    0.000
694.145; 2750.650;  233.375;    0.000
694.253; 2693.650;  277.375;    0.000
694.362; 2640.650;  188.375;    0.000
694.470; 2722.650;  263.375;    0.000
694.579; 2667.650;  253.375;    0.000
694.687; 2768.650;  281.375;    0.000
694.795; 2664.650;  233.375;    0.000
694.904; 2663.650;  223.375;    0.000
695.012; 2706.650;  296.375;    0.000
695.120; 2587.650;  227.375;    0.000
695.229; 2731.650;  269.375;    0.000
695.337; 2707.650;  229.375;    0.000
695.445; 2701.650;  244.375;    0.000
695.553; 2658.650;  259.375;    0.000
695.662; 2657.650;  208.375;    0.000
695.770; 2699.650;  241.375;    0.000
695.878; 2597.650;  239.375;    0.000
695.986; 2710.650;  247.375;    0.000
696.094; 2682.650;  224.375;    0.000
696.202; 2666.650;  205.375;    0.000
696.310; 2685.650;  217.375;    0.000
696.419; 2698.650;  228.375;    0.000
696.527; 2642.650;  246.375;    0.000
696.635; 2730.650;  245.375;    0.000
696.743; 2662.650;  233.375;    0.000
696.851; 2710.650;  251.375;    0.000
696.959; 2680.650;  257.375;    0.000
697.067; 2686.650;  260.375;    0.000
697.174; 2636.650;  223.375;    0.000
697.282; 2630.650;  239.375;    0.000
697.390; 2704.650;  264.375;    0.000
697.498; 2645.650;  227.375;    0.000
697.606; 2590.650;  243.375;    0.000
697.714; 2691.650;  256.375;    0.000
697.822; 2744.650;  278.375;    0.000
697.929; 2695.650;  227.375;    0.000
698.037; 2572.650;  232.375;    0.000
698.145; 2656.650;  256.375;    0.000
698.253; 2641.650;  245.375;    0.000
698.360; 2721.650;  282.375;    0.000
698.468; 2635.650;  244.375;    0.000
698.576; 2609.650;  279.375;    0.000
698.683; 2657.650;  259.375;    0.000
698.791; 2718.650;  265.375;    0.000
698.899; 2790.650;  250.375;    0.000
699.006; 2657.650;  245.375;    0.000
699.114; 2722.650;  280.375;    0.000
699.221; 2662.650;  240.375;    0.000
699.329; 2664.650;  293.375;    0.000
699.436; 2542.650;  216.375;    0.000
699.544; 2636.650;  269.375;    0.000
699.651; 2652.650;  219.375;    0.000
699.759; 2624.650;  245.375;    0.000
699.866; 2655.650;  261.375;    0.000
699.974; 2574.650;  245.375;    0.000
700.081; 2645.650;  257.375;    0.000
700.188; 2587.650;  268.375;    0.000
700.296; 2523.650;  225.375;    0.000
700.403; 2613.650;  257.375;    0.000
700.510; 2542.650;  267.375;    0.000
700.618; 2652.650;  299.375;    0.000
700.725; 2579.650;  223.375;    0.000
700.832; 2617.650;  233.375;    0.000
700.940; 2622.650;  255.375;    0.000
701.047; 2566.650;  244.375;    0.000
701.154; 2647.650;  248.375;    0.000
701.261; 2593.650;  264.375;    0.000
701.368; 2634.650;  299.375;    0.000
701.475; 2550.650;  264.375;    0.000
701.582; 2634.650;  275.375;    0.000
701.690; 2599.650;  261.375;    0.000
701.797; 2666.650;  273.375;    0.000
701.904; 2608.650;  320.375;    0.000
702.011; 2634.650;  299.375;    0.000
702.118; 2648.650;  292.375;    0.000
702.225; 2605.650;  317.375;    0.000
702.332; 2632.650;  307.375;    0.000
702.439; 2619.650;  313.375;    0.000
702.546; 2694.650;  312.375;    0.000
702.652; 2619.650;  297.375;    0.000
702.759; 2654.650;  345.375;    0.000
702.866; 2703.650;  330.375;    0.000
702.973; 2737.650;  303.375;    0.000
703.080; 2660.650;  303.375;    0.000
703.187; 2677.650;  327.375;    0.000
703.294; 2672.650;  325.375;    0.000
703.400; 2499.650;  302.375;    0.000
703.507;  536.650;  344.375;    0.000
703.614;  325.650;  294.375;    0.000
703.720;  294.650;  322.375;    0.000
703.827;  323.650;  329.375;    0.000
703.934;  317.650;  318.375;    0.000
704.040;  299.650;  299.375;    0.000
704.147;  310.650;  352.375;    0.000
704.254;  364.650;  350.375;    0.000
704.360;  355.650;  347.375;    0.000
704.467;  348.650;  336.375;    0.000
704.573;  315.650;  344.375;    0.000
704.680;  336.650;  365.375;    0.000
704.786;  353.650;  332.375;    0.000
704.893;  325.650;  304.375;    0.000
704.999;  317.650;  299.375;    0.000
705.106;  335.650;  365.375;    0.000

