
Integration time [ms]:   0.300
Averaging Nr. [scans]: 1
Smoothing Nr. [pixels]: 0
Data measured with spectrometer [name]: UV1
Wave   ;Sample   ;Dark     ;Reference
[nm]   ;[counts] ;[counts] ;[counts] 

236.381;  161.825;  160.350;    0.000
236.451;  204.825;  198.350;    0.000
236.520;  154.825;  179.350;    0.000
236.590;  185.825;  205.350;    0.000
236.660;  170.825;  199.350;    0.000
236.730;  210.825;  178.350;    0.000
236.799;  178.825;  201.350;    0.000
236.869;  197.825;  197.350;    0.000
236.939;  176.825;  180.350;    0.000
237.009;  169.825;  165.350;    0.000
237.078;  191.825;  191.350;    0.000
237.148;  165.825;  146.350;    0.000
237.218;  180.825;  142.350;    0.000
237.287;  186.825;  190.350;    0.000
237.357;  170.825;  182.350;    0.000
237.427;  203.825;  139.350;    0.000
237.496;  360.825;  221.350;    0.000
237.566;  298.825;  183.350;    0.000
237.636;  331.825;  157.350;    0.000
237.705;  343.825;  189.350;    0.000
237.775;  315.825;  169.350;    0.000
237.845;  314.825;  156.350;    0.000
237.914;  319.825;  185.350;    0.000
237.984;  353.825;  194.350;    0.000
238.054;  321.825;  138.350;    0.000
238.123;  319.825;  166.350;    0.000
238.193;  293.825;  174.350;    0.000
238.263;  327.825;  158.350;    0.000
238.332;  300.825;  167.350;    0.000
238.402;  288.825;  173.350;    0.000
238.471;  313.825;  153.350;    0.000
238.541;  340.825;  167.350;    0.000
238.611;  333.825;  165.350;    0.000
238.680;  286.825;  157.350;    0.000
238.750;  330.825;  152.350;    0.000
238.819;  298.825;  190.350;    0.000
238.889;  340.825;  151.350;    0.000
238.958;  328.825;  166.350;    0.000
239.028;  341.825;  180.350;    0.000
239.097;  283.825;  170.350;    0.000
239.167;  323.825;  177.350;    0.000
239.237;  352.825;  195.350;    0.000
239.306;  298.825;  145.350;    0.000
239.376;  366.825;  158.350;    0.000
239.445;  331.825;  187.350;    0.000
239.515;  281.825;  160.350;    0.000
239.584;  284.825;  173.350;    0.000
239.654;  299.825;  184.350;    0.000
239.723;  339.825;  195.350;    0.000
239.793;  293.825;  183.350;    0.000
239.862;  308.825;  190.350;    0.000
239.932;  314.825;  168.350;    0.000
240.001;  341.825;  164.350;    0.000
240.070;  307.825;  183.350;    0.000
240.140;  282.825;  175.350;    0.000
240.209;  308.825;  135.350;    0.000
240.279;  297.825;  176.350;    0.000
240.348;  288.825;  184.350;    0.000
240.418;  309.825;  157.350;    0.000
240.487;  313.825;  189.350;    0.000
240.556;  316.825;  157.350;    0.000
240.626;  308.825;  174.350;    0.000
240.695;  320.825;  180.350;    0.000
240.765;  322.825;  152.350;    0.000
240.834;  294.825;  136.350;    0.000
240.903;  310.825;  196.350;    0.000
240.973;  312.825;  183.350;    0.000
241.042;  312.825;  150.350;    0.000
241.112;  325.825;  168.350;    0.000
241.181;  355.825;  152.350;    0.000
241.250;  301.825;  132.350;    0.000
241.320;  338.825;  209.350;    0.000
241.389;  300.825;  169.350;    0.000
241.458;  362.825;  204.350;    0.000
241.528;  303.825;  176.350;    0.000
241.597;  320.825;  170.350;    0.000
241.666;  355.825;  168.350;    0.000
241.736;  346.825;  172.350;    0.000
241.805;  277.825;  160.350;    0.000
241.874;  373.825;  176.350;    0.000
241.943;  310.825;  165.350;    0.000
242.013;  315.825;  206.350;    0.000
242.082;  319.825;  162.350;    0.000
242.151;  278.825;  180.350;    0.000
242.221;  302.825;  154.350;    0.000
242.290;  353.825;  122.350;    0.000
242.359;  289.825;  121.350;    0.000
242.428;  297.825;  187.350;    0.000
242.498;  301.825;  140.350;    0.000
242.567;  309.825;  173.350;    0.000
242.636;  280.825;  155.350;    0.000
242.705;  300.825;  108.350;    0.000
242.774;  354.825;  145.350;    0.000
242.844;  320.825;  162.350;    0.000
242.913;  320.825;  178.350;    0.000
242.982;  304.825;  163.350;    0.000
243.051;  282.825;  138.350;    0.000
243.120;  327.825;  172.350;    0.000
243.190;  258.825;  155.350;    0.000
243.259;  334.825;  159.350;    0.000
243.328;  290.825;  173.350;    0.000
243.397;  373.825;  175.350;    0.000
243.466;  287.825;  170.350;    0.000
243.535;  273.825;  161.350;    0.000
243.605;  301.825;  149.350;    0.000
243.674;  275.825;  162.350;    0.000
243.743;  310.825;  175.350;    0.000
243.812;  269.825;  159.350;    0.000
243.881;  296.825;  158.350;    0.000
243.950;  268.825;  154.350;    0.000
244.019;  331.825;  185.350;    0.000
244.088;  291.825;  175.350;    0.000
244.158;  338.825;  167.350;    0.000
244.227;  310.825;  159.350;    0.000
244.296;  300.825;  143.350;    0.000
244.365;  347.825;  182.350;    0.000
244.434;  291.825;  117.350;    0.000
244.503;  289.825;  109.350;    0.000
244.572;  277.825;  147.350;    0.000
244.641;  260.825;  129.350;    0.000
244.710;  313.825;  159.350;    0.000
244.779;  287.825;  166.350;    0.000
244.848;  254.825;  122.350;    0.000
244.917;  312.825;  167.350;    0.000
244.986;  282.825;  158.350;    0.000
245.055;  324.825;  175.350;    0.000
245.124;  259.825;  153.350;    0.000
245.193;  319.825;  155.350;    0.000
245.262;  300.825;  137.350;    0.000
245.331;  307.825;  145.350;    0.000
245.400;  280.825;  107.350;    0.000
245.469;  285.825;  162.350;    0.000
245.538;  309.825;  165.350;    0.000
245.607;  304.825;  178.350;    0.000
245.676;  269.825;  166.350;    0.000
245.745;  326.825;  169.350;    0.000
245.814;  308.825;  155.350;    0.000
245.883;  306.825;  186.350;    0.000
245.952;  310.825;  165.350;    0.000
246.021;  310.825;  169.350;    0.000
246.090;  325.825;  170.350;    0.000
246.159;  280.825;  155.350;    0.000
246.227;  307.825;  161.350;    0.000
246.296;  293.825;  142.350;    0.000
246.365;  321.825;  160.350;    0.000
246.434;  346.825;  199.350;    0.000
246.503;  266.825;  155.350;    0.000
246.572;  333.825;  206.350;    0.000
246.641;  280.825;  177.350;    0.000
246.710;  302.825;  178.350;    0.000
246.779;  327.825;  193.350;    0.000
246.847;  339.825;  147.350;    0.000
246.916;  260.825;  131.350;    0.000
246.985;  262.825;  168.350;    0.000
247.054;  293.825;  143.350;    0.000
247.123;  291.825;  130.350;    0.000
247.192;  307.825;  175.350;    0.000
247.260;  296.825;  171.350;    0.000
247.329;  311.825;  162.350;    0.000
247.398;  264.825;  163.350;    0.000
247.467;  279.825;  155.350;    0.000
247.536;  341.825;  149.350;    0.000
247.604;  328.825;  191.350;    0.000
247.673;  293.825;  193.350;    0.000
247.742;  286.825;  159.350;    0.000
247.811;  303.825;  167.350;    0.000
247.879;  274.825;  176.350;    0.000
247.948;  322.825;  157.350;    0.000
248.017;  304.825;  150.350;    0.000
248.086;  303.825;  153.350;    0.000
248.154;  293.825;  157.350;    0.000
248.223;  279.825;  198.350;    0.000
248.292;  297.825;  188.350;    0.000
248.361;  300.825;  157.350;    0.000
248.429;  305.825;  138.350;    0.000
248.498;  282.825;  166.350;    0.000
248.567;  301.825;  179.350;    0.000
248.635;  348.825;  210.350;    0.000
248.704;  322.825;  168.350;    0.000
248.773;  310.825;  147.350;    0.000
248.841;  295.825;  155.350;    0.000
248.910;  316.825;  183.350;    0.000
248.979;  268.825;  171.350;    0.000
249.047;  265.825;  152.350;    0.000
249.116;  279.825;  155.350;    0.000
249.185;  317.825;  217.350;    0.000
249.253;  272.825;  149.350;    0.000
249.322;  292.825;  167.350;    0.000
249.390;  264.825;  182.350;    0.000
249.459;  315.825;  173.350;    0.000
249.528;  280.825;  162.350;    0.000
249.596;  286.825;  162.350;    0.000
249.665;  308.825;  163.350;    0.000
249.733;  280.825;  147.350;    0.000
249.802;  257.825;  170.350;    0.000
249.871;  290.825;  179.350;    0.000
249.939;  305.825;  179.350;    0.000
250.008;  292.825;  201.350;    0.000
250.076;  330.825;  189.350;    0.000
250.145;  318.825;  171.350;    0.000
250.213;  287.825;  161.350;    0.000
250.282;  300.825;  171.350;    0.000
250.350;  252.825;  138.350;    0.000
250.419;  277.825;  172.350;    0.000
250.487;  301.825;  207.350;    0.000
250.556;  281.825;  160.350;    0.000
250.624;  296.825;  187.350;    0.000
250.693;  286.825;  141.350;    0.000
250.761;  310.825;  182.350;    0.000
250.830;  356.825;  203.350;    0.000
250.898;  278.825;  160.350;    0.000
250.967;  284.825;  143.350;    0.000
251.035;  267.825;  142.350;    0.000
251.104;  277.825;  159.350;    0.000
251.172;  280.825;  189.350;    0.000
251.241;  275.825;  134.350;    0.000
251.309;  296.825;  179.350;    0.000
251.378;  309.825;  203.350;    0.000
251.446;  270.825;  151.350;    0.000
251.514;  286.825;  176.350;    0.000
251.583;  311.825;  173.350;    0.000
251.651;  280.825;  163.350;    0.000
251.720;  264.825;  151.350;    0.000
251.788;  313.825;  205.350;    0.000
251.856;  237.825;  126.350;    0.000
251.925;  217.825;  118.350;    0.000
251.993;  290.825;  139.350;    0.000
252.062;  290.825;  161.350;    0.000
252.130;  278.825;  180.350;    0.000
252.198;  284.825;  141.350;    0.000
252.267;  300.825;  145.350;    0.000
252.335;  287.825;  159.350;    0.000
252.403;  247.825;  158.350;    0.000
252.472;  269.825;  142.350;    0.000
252.540;  256.825;  162.350;    0.000
252.608;  264.825;  180.350;    0.000
252.677;  227.825;  137.350;    0.000
252.745;  311.825;  183.350;    0.000
252.813;  250.825;  151.350;    0.000
252.881;  238.825;  109.350;    0.000
252.950;  266.825;  174.350;    0.000
253.018;  269.825;  136.350;    0.000
253.086;  261.825;  149.350;    0.000
253.155;  245.825;  127.350;    0.000
253.223;  241.825;  156.350;    0.000
253.291;  265.825;  163.350;    0.000
253.359;  266.825;  174.350;    0.000
253.428;  282.825;  174.350;    0.000
253.496;  248.825;  161.350;    0.000
253.564;  236.825;  128.350;    0.000
253.632;  224.825;  153.350;    0.000
253.700;  269.825;  185.350;    0.000
253.769;  233.825;  163.350;    0.000
253.837;  270.825;  176.350;    0.000
253.905;  240.825;  164.350;    0.000
253.973;  214.825;  156.350;    0.000
254.041;  240.825;  154.350;    0.000
254.110;  204.825;  165.350;    0.000
254.178;  249.825;  148.350;    0.000
254.246;  224.825;  138.350;    0.000
254.314;  221.825;  164.350;    0.000
254.382;  262.825;  167.350;    0.000
254.450;  218.825;  134.350;    0.000
254.518;  256.825;  192.350;    0.000
254.587;  212.825;  139.350;    0.000
254.655;  272.825;  162.350;    0.000
254.723;  223.825;  131.350;    0.000
254.791;  247.825;  181.350;    0.000
254.859;  260.825;  146.350;    0.000
254.927;  272.825;  189.350;    0.000
254.995;  198.825;  141.350;    0.000
255.063;  257.825;  181.350;    0.000
255.131;  237.825;  156.350;    0.000
255.199;  246.825;  175.350;    0.000
255.267;  250.825;  120.350;    0.000
255.336;  281.825;  186.350;    0.000
255.404;  202.825;  134.350;    0.000
255.472;  280.825;  172.350;    0.000
255.540;  245.825;  157.350;    0.000
255.608;  263.825;  186.350;    0.000
255.676;  220.825;  155.350;    0.000
255.744;  239.825;  143.350;    0.000
255.812;  230.825;  134.350;    0.000
255.880;  248.825;  188.350;    0.000
255.948;  225.825;  163.350;    0.000
256.016;  242.825;  175.350;    0.000
256.084;  253.825;  191.350;    0.000
256.152;  269.825;  187.350;    0.000
256.220;  228.825;  152.350;    0.000
256.288;  232.825;  141.350;    0.000
256.356;  243.825;  139.350;    0.000
256.424;  236.825;  121.350;    0.000
256.491;  226.825;  139.350;    0.000
256.559;  290.825;  144.350;    0.000
256.627;  238.825;  158.350;    0.000
256.695;  239.825;  121.350;    0.000
256.763;  264.825;  150.350;    0.000
256.831;  263.825;  181.350;    0.000
256.899;  247.825;  146.350;    0.000
256.967;  245.825;   71.350;    0.000
257.035;  247.825;  164.350;    0.000
257.103;  258.825;  191.350;    0.000
257.171;  243.825;  140.350;    0.000
257.238;  245.825;  165.350;    0.000
257.306;  242.825;  127.350;    0.000
257.374;  247.825;  120.350;    0.000
257.442;  265.825;  139.350;    0.000
257.510;  231.825;  158.350;    0.000
257.578;  266.825;  164.350;    0.000
257.646;  287.825;  151.350;    0.000
257.713;  261.825;  136.350;    0.000
257.781;  218.825;  137.350;    0.000
257.849;  245.825;  151.350;    0.000
257.917;  267.825;  154.350;    0.000
257.985;  213.825;  113.350;    0.000
258.052;  266.825;  140.350;    0.000
258.120;  245.825;  176.350;    0.000
258.188;  250.825;  157.350;    0.000
258.256;  249.825;  153.350;    0.000
258.324;  274.825;  184.350;    0.000
258.391;  255.825;  144.350;    0.000
258.459;  218.825;  162.350;    0.000
258.527;  231.825;  154.350;    0.000
258.595;  266.825;  122.350;    0.000
258.662;  221.825;  164.350;    0.000
258.730;  317.825;  114.350;    0.000
258.798;  259.825;  131.350;    0.000
258.865;  215.825;  171.350;    0.000
258.933;  299.825;  145.350;    0.000
259.001;  294.825;  150.350;    0.000
259.069;  262.825;  123.350;    0.000
259.136;  281.825;  139.350;    0.000
259.204;  305.825;  165.350;    0.000
259.272;  287.825;  114.350;    0.000
259.339;  301.825;  179.350;    0.000
259.407;  281.825;  153.350;    0.000
259.475;  272.825;  143.350;    0.000
259.542;  288.825;  136.350;    0.000
259.610;  273.825;  133.350;    0.000
259.677;  300.825;  159.350;    0.000
259.745;  264.825;  130.350;    0.000
259.813;  276.825;  175.350;    0.000
259.880;  330.825;  158.350;    0.000
259.948;  292.825;  124.350;    0.000
260.016;  282.825;  105.350;    0.000
260.083;  298.825;  169.350;    0.000
260.151;  288.825;  133.350;    0.000
260.218;  309.825;  143.350;    0.000
260.286;  282.825;  134.350;    0.000
260.353;  301.825;  160.350;    0.000
260.421;  281.825;  128.350;    0.000
260.489;  298.825;  150.350;    0.000
260.556;  330.825;  179.350;    0.000
260.624;  313.825;  113.350;    0.000
260.691;  332.825;  128.350;    0.000
260.759;  350.825;  146.350;    0.000
260.826;  263.825;  111.350;    0.000
260.894;  323.825;  115.350;    0.000
260.961;  316.825;  138.350;    0.000
261.029;  314.825;  152.350;    0.000
261.096;  307.825;  175.350;    0.000
261.164;  323.825;  131.350;    0.000
261.231;  343.825;  141.350;    0.000
261.299;  294.825;  125.350;    0.000
261.366;  349.825;  142.350;    0.000
261.434;  335.825;  133.350;    0.000
261.501;  321.825;  137.350;    0.000
261.568;  351.825;  184.350;    0.000
261.636;  339.825;  138.350;    0.000
261.703;  380.825;  161.350;    0.000
261.771;  331.825;  160.350;    0.000
261.838;  350.825;  178.350;    0.000
261.906;  319.825;  128.350;    0.000
261.973;  307.825;  139.350;    0.000
262.040;  368.825;  148.350;    0.000
262.108;  331.825;  130.350;    0.000
262.175;  313.825;  117.350;    0.000
262.243;  331.825;  174.350;    0.000
262.310;  301.825;  145.350;    0.000
262.377;  348.825;  108.350;    0.000
262.445;  329.825;  147.350;    0.000
262.512;  350.825;  124.350;    0.000
262.579;  331.825;  127.350;    0.000
262.647;  332.825;  166.350;    0.000
262.714;  362.825;  150.350;    0.000
262.781;  358.825;  121.350;    0.000
262.849;  285.825;  126.350;    0.000
262.916;  359.825;  119.350;    0.000
262.983;  404.825;  155.350;    0.000
263.051;  377.825;  137.350;    0.000
263.118;  395.825;  160.350;    0.000
263.185;  394.825;  151.350;    0.000
263.252;  351.825;  167.350;    0.000
263.320;  342.825;  123.350;    0.000
263.387;  368.825;  134.350;    0.000
263.454;  387.825;  144.350;    0.000
263.522;  369.825;  153.350;    0.000
263.589;  383.825;  161.350;    0.000
263.656;  333.825;  117.350;    0.000
263.723;  380.825;  101.350;    0.000
263.790;  345.825;  128.350;    0.000
263.858;  386.825;  142.350;    0.000
263.925;  397.825;  182.350;    0.000
263.992;  368.825;  146.350;    0.000
264.059;  400.825;  132.350;    0.000
264.126;  462.825;  154.350;    0.000
264.194;  379.825;  153.350;    0.000
264.261;  438.825;  157.350;    0.000
264.328;  358.825;  171.350;    0.000
264.395;  386.825;  166.350;    0.000
264.462;  401.825;  165.350;    0.000
264.529;  407.825;  124.350;    0.000
264.597;  351.825;  120.350;    0.000
264.664;  433.825;  159.350;    0.000
264.731;  401.825;  145.350;    0.000
264.798;  370.825;  100.350;    0.000
264.865;  413.825;  166.350;    0.000
264.932;  423.825;  132.350;    0.000
264.999;  396.825;  137.350;    0.000
265.066;  348.825;  124.350;    0.000
265.133;  381.825;  162.350;    0.000
265.201;  382.825;  163.350;    0.000
265.268;  349.825;  174.350;    0.000
265.335;  392.825;  132.350;    0.000
265.402;  366.825;  116.350;    0.000
265.469;  402.825;  121.350;    0.000
265.536;  425.825;  157.350;    0.000
265.603;  436.825;  151.350;    0.000
265.670;  396.825;  164.350;    0.000
265.737;  421.825;  142.350;    0.000
265.804;  431.825;  146.350;    0.000
265.871;  434.825;  168.350;    0.000
265.938;  472.825;  131.350;    0.000
266.005;  462.825;  208.350;    0.000
266.072;  358.825;  125.350;    0.000
266.139;  443.825;  161.350;    0.000
266.206;  421.825;  134.350;    0.000
266.273;  422.825;  155.350;    0.000
266.340;  391.825;  122.350;    0.000
266.407;  417.825;  134.350;    0.000
266.474;  445.825;  126.350;    0.000
266.541;  410.825;  153.350;    0.000
266.608;  421.825;  129.350;    0.000
266.675;  461.825;  185.350;    0.000
266.742;  430.825;  153.350;    0.000
266.808;  442.825;  169.350;    0.000
266.875;  471.825;  156.350;    0.000
266.942;  408.825;  172.350;    0.000
267.009;  418.825;  150.350;    0.000
267.076;  505.825;  184.350;    0.000
267.143;  469.825;  170.350;    0.000
267.210;  479.825;  132.350;    0.000
267.277;  448.825;  146.350;    0.000
267.344;  469.825;  159.350;    0.000
267.410;  414.825;  174.350;    0.000
267.477;  438.825;  169.350;    0.000
267.544;  443.825;  130.350;    0.000
267.611;  484.825;  169.350;    0.000
267.678;  456.825;  197.350;    0.000
267.745;  447.825;  185.350;    0.000
267.811;  475.825;  160.350;    0.000
267.878;  439.825;  143.350;    0.000
267.945;  400.825;  126.350;    0.000
268.012;  498.825;  172.350;    0.000
268.079;  423.825;  156.350;    0.000
268.145;  463.825;  128.350;    0.000
268.212;  487.825;  107.350;    0.000
268.279;  472.825;  135.350;    0.000
268.346;  473.825;  166.350;    0.000
268.412;  417.825;  150.350;    0.000
268.479;  483.825;  176.350;    0.000
268.546;  429.825;  119.350;    0.000
268.613;  498.825;  201.350;    0.000
268.679;  510.825;  141.350;    0.000
268.746;  530.825;  177.350;    0.000
268.813;  459.825;  134.350;    0.000
268.879;  478.825;  141.350;    0.000
268.946;  501.825;  172.350;    0.000
269.013;  489.825;  150.350;    0.000
269.079;  445.825;  124.350;    0.000
269.146;  433.825;  135.350;    0.000
269.213;  455.825;  200.350;    0.000
269.280;  488.825;  142.350;    0.000
269.346;  468.825;  153.350;    0.000
269.413;  444.825;  140.350;    0.000
269.479;  470.825;  171.350;    0.000
269.546;  439.825;  156.350;    0.000
269.613;  424.825;  145.350;    0.000
269.679;  494.825;  168.350;    0.000
269.746;  512.825;  136.350;    0.000
269.813;  477.825;  153.350;    0.000
269.879;  465.825;  162.350;    0.000
269.946;  472.825;  156.350;    0.000
270.012;  443.825;  178.350;    0.000
270.079;  456.825;  132.350;    0.000
270.145;  442.825;  146.350;    0.000
270.212;  424.825;  145.350;    0.000
270.279;  486.825;  184.350;    0.000
270.345;  475.825;  143.350;    0.000
270.412;  408.825;  158.350;    0.000
270.478;  453.825;  143.350;    0.000
270.545;  476.825;  150.350;    0.000
270.611;  475.825;  156.350;    0.000
270.678;  445.825;  121.350;    0.000
270.744;  418.825;  161.350;    0.000
270.811;  446.825;  173.350;    0.000
270.877;  460.825;  115.350;    0.000
270.944;  449.825;  114.350;    0.000
271.010;  456.825;  122.350;    0.000
271.077;  467.825;  142.350;    0.000
271.143;  471.825;  152.350;    0.000
271.210;  444.825;  135.350;    0.000
271.276;  454.825;  107.350;    0.000
271.342;  444.825;  173.350;    0.000
271.409;  439.825;  171.350;    0.000
271.475;  433.825;  136.350;    0.000
271.542;  458.825;  121.350;    0.000
271.608;  425.825;  133.350;    0.000
271.675;  436.825;  136.350;    0.000
271.741;  489.825;  151.350;    0.000
271.807;  394.825;  130.350;    0.000
271.874;  483.825;  168.350;    0.000
271.940;  468.825;  156.350;    0.000
272.007;  424.825;  122.350;    0.000
272.073;  452.825;  121.350;    0.000
272.139;  471.825;  137.350;    0.000
272.206;  489.825;  152.350;    0.000
272.272;  430.825;  162.350;    0.000
272.338;  518.825;  197.350;    0.000
272.405;  464.825;  144.350;    0.000
272.471;  433.825;  160.350;    0.000
272.537;  480.825;  142.350;    0.000
272.604;  461.825;  141.350;    0.000
272.670;  459.825;  182.350;    0.000
272.736;  474.825;  126.350;    0.000
272.802;  476.825;  146.350;    0.000
272.869;  436.825;  163.350;    0.000
272.935;  432.825;  132.350;    0.000
273.001;  445.825;  119.350;    0.000
273.068;  457.825;  137.350;    0.000
273.134;  470.825;  155.350;    0.000
273.200;  476.825;  165.350;    0.000
273.266;  460.825;  156.350;    0.000
273.333;  520.825;  143.350;    0.000
273.399;  438.825;  128.350;    0.000
273.465;  481.825;  167.350;    0.000
273.531;  472.825;  122.350;    0.000
273.597;  536.825;  182.350;    0.000
273.664;  522.825;  177.350;    0.000
273.730;  377.825;  124.350;    0.000
273.796;  502.825;  143.350;    0.000
273.862;  502.825;  155.350;    0.000
273.928;  500.825;  137.350;    0.000
273.995;  477.825;  188.350;    0.000
274.061;  534.825;  154.350;    0.000
274.127;  485.825;  161.350;    0.000
274.193;  377.825;   95.350;    0.000
274.259;  482.825;  128.350;    0.000
274.325;  504.825;  146.350;    0.000
274.391;  469.825;  113.350;    0.000
274.457;  494.825;  150.350;    0.000
274.524;  510.825;  165.350;    0.000
274.590;  461.825;  140.350;    0.000
274.656;  510.825;  165.350;    0.000
274.722;  514.825;  118.350;    0.000
274.788;  441.825;  143.350;    0.000
274.854;  497.825;  150.350;    0.000
274.920;  494.825;   88.350;    0.000
274.986;  519.825;  178.350;    0.000
275.052;  529.825;  145.350;    0.000
275.118;  520.825;  105.350;    0.000
275.184;  510.825;  129.350;    0.000
275.250;  541.825;  138.350;    0.000
275.316;  527.825;  173.350;    0.000
275.382;  518.825;  106.350;    0.000
275.448;  588.825;  160.350;    0.000
275.514;  515.825;  162.350;    0.000
275.580;  510.825;  135.350;    0.000
275.646;  523.825;  120.350;    0.000
275.712;  515.825;  157.350;    0.000
275.778;  530.825;  128.350;    0.000
275.844;  527.825;  117.350;    0.000
275.910;  547.825;  121.350;    0.000
275.976;  569.825;  172.350;    0.000
276.042;  607.825;  114.350;    0.000
276.108;  571.825;  200.350;    0.000
276.174;  575.825;  132.350;    0.000
276.240;  575.825;  128.350;    0.000
276.306;  604.825;  124.350;    0.000
276.372;  575.825;  133.350;    0.000
276.437;  585.825;  146.350;    0.000
276.503;  623.825;  136.350;    0.000
276.569;  677.825;  162.350;    0.000
276.635;  678.825;  128.350;    0.000
276.701;  675.825;  148.350;    0.000
276.767;  640.825;  155.350;    0.000
276.833;  655.825;  128.350;    0.000
276.899;  654.825;  145.350;    0.000
276.964;  679.825;  124.350;    0.000
277.030;  723.825;  130.350;    0.000
277.096;  716.825;  139.350;    0.000
277.162;  739.825;  164.350;    0.000
277.228;  751.825;  108.350;    0.000
277.293;  767.825;  138.350;    0.000
277.359;  807.825;  123.350;    0.000
277.425;  828.825;  183.350;    0.000
277.491;  975.825;  144.350;    0.000
277.557; 1039.825;  130.350;    0.000
277.622; 1445.825;  151.350;    0.000
277.688; 1347.825;  169.350;    0.000
277.754; 1536.825;  199.350;    0.000
277.820; 1607.825;  170.350;    0.000
277.885; 1749.825;  173.350;    0.000
277.951; 2276.825;  187.350;    0.000
278.017; 1917.825;  152.350;    0.000
278.083; 1704.825;  137.350;    0.000
278.148; 1663.825;  147.350;    0.000
278.214; 1714.825;  162.350;    0.000
278.280; 1714.825;  171.350;    0.000
278.345; 1722.825;  174.350;    0.000
278.411; 1404.825;  152.350;    0.000
278.477; 1459.825;  173.350;    0.000
278.542; 1665.825;  161.350;    0.000
278.608; 1695.825;  155.350;    0.000
278.674; 1931.825;  169.350;    0.000
278.739; 2080.825;  142.350;    0.000
278.805; 2439.825;  164.350;    0.000
278.871; 2572.825;  160.350;    0.000
278.936; 3307.825;  121.350;    0.000
279.002; 4443.825;  166.350;    0.000
279.067; 5778.825;  199.350;    0.000
279.133; 5555.825;  150.350;    0.000
279.199; 4904.825;  154.350;    0.000
279.264; 5397.825;  154.350;    0.000
279.330; 6205.825;  159.350;    0.000
279.395; 7863.825;  143.350;    0.000
279.461; 9377.825;  173.350;    0.000
279.527;10310.825;  163.350;    0.000
279.592; 9680.825;  167.350;    0.000
279.658; 8376.825;  189.350;    0.000
279.723; 8093.825;  153.350;    0.000
279.789; 8974.825;  174.350;    0.000
279.854; 7377.825;  129.350;    0.000
279.920; 6514.825;  165.350;    0.000
279.985; 6084.825;  152.350;    0.000
280.051; 6240.825;  164.350;    0.000
280.116; 7127.825;  187.350;    0.000
280.182; 9278.825;  160.350;    0.000
280.247;10147.825;  124.350;    0.000
280.313; 8904.825;  154.350;    0.000
280.378; 6600.825;  152.350;    0.000
280.444; 5255.825;  165.350;    0.000
280.509; 4145.825;  164.350;    0.000
280.574; 3755.825;  160.350;    0.000
280.640; 3160.825;  167.350;    0.000
280.705; 2848.825;  190.350;    0.000
280.771; 2493.825;  154.350;    0.000
280.836; 2420.825;  158.350;    0.000
280.902; 2235.825;  124.350;    0.000
280.967; 2160.825;  179.350;    0.000
281.032; 2152.825;  187.350;    0.000
281.098; 1858.825;  155.350;    0.000
281.163; 1800.825;  133.350;    0.000
281.229; 1749.825;  170.350;    0.000
281.294; 1618.825;  175.350;    0.000
281.359; 1512.825;  163.350;    0.000
281.425; 1533.825;  161.350;    0.000
281.490; 1474.825;  162.350;    0.000
281.555; 1478.825;  137.350;    0.000
281.621; 1373.825;  163.350;    0.000
281.686; 1288.825;  155.350;    0.000
281.751; 1264.825;  158.350;    0.000
281.816; 1189.825;  139.350;    0.000
281.882; 1195.825;  150.350;    0.000
281.947; 1158.825;  165.350;    0.000
282.012; 1152.825;  171.350;    0.000
282.078; 1108.825;  177.350;    0.000
282.143; 1118.825;  149.350;    0.000
282.208; 1161.825;  181.350;    0.000
282.273; 1091.825;  166.350;    0.000
282.339; 1040.825;  165.350;    0.000
282.404; 1050.825;  166.350;    0.000
282.469;  963.825;  150.350;    0.000
282.534;  930.825;  176.350;    0.000
282.600;  963.825;  117.350;    0.000
282.665;  970.825;  134.350;    0.000
282.730;  859.825;  155.350;    0.000
282.795;  943.825;  193.350;    0.000
282.860;  891.825;  160.350;    0.000
282.926;  887.825;  174.350;    0.000
282.991;  897.825;  161.350;    0.000
283.056;  851.825;  157.350;    0.000
283.121;  889.825;  178.350;    0.000
283.186;  917.825;  152.350;    0.000
283.251;  851.825;  167.350;    0.000
283.316;  892.825;  186.350;    0.000
283.382;  913.825;  148.350;    0.000
283.447;  874.825;  191.350;    0.000
283.512;  760.825;  132.350;    0.000
283.577;  883.825;  179.350;    0.000
283.642;  834.825;  185.350;    0.000
283.707;  788.825;  136.350;    0.000
283.772;  793.825;  119.350;    0.000
283.837;  772.825;  136.350;    0.000
283.902;  823.825;  135.350;    0.000
283.967;  861.825;  146.350;    0.000
284.032;  846.825;  140.350;    0.000
284.097;  870.825;  199.350;    0.000
284.163;  834.825;  144.350;    0.000
284.228;  871.825;  183.350;    0.000
284.293;  794.825;  141.350;    0.000
284.358;  847.825;  146.350;    0.000
284.423;  781.825;  127.350;    0.000
284.488;  903.825;  186.350;    0.000
284.553;  793.825;  155.350;    0.000
284.618;  863.825;  118.350;    0.000
284.683;  967.825;  145.350;    0.000
284.748;  926.825;  139.350;    0.000
284.812; 1039.825;  147.350;    0.000
284.877; 1138.825;  123.350;    0.000
284.942; 1291.825;  153.350;    0.000
285.007; 1697.825;  168.350;    0.000
285.072; 2111.825;  181.350;    0.000
285.137; 2859.825;  147.350;    0.000
285.202; 3765.825;  175.350;    0.000
285.267; 3305.825;  182.350;    0.000
285.332; 2504.825;  136.350;    0.000
285.397; 1799.825;  138.350;    0.000
285.462; 1649.825;  151.350;    0.000
285.527; 1398.825;  159.350;    0.000
285.591; 1288.825;  177.350;    0.000
285.656; 1118.825;  144.350;    0.000
285.721; 1115.825;  125.350;    0.000
285.786;  994.825;  169.350;    0.000
285.851;  861.825;  175.350;    0.000
285.916;  914.825;  164.350;    0.000
285.981;  877.825;  134.350;    0.000
286.045;  881.825;  154.350;    0.000
286.110;  819.825;  136.350;    0.000
286.175;  828.825;  155.350;    0.000
286.240;  843.825;  138.350;    0.000
286.305;  790.825;  213.350;    0.000
286.369;  770.825;  221.350;    0.000
286.434;  821.825;  172.350;    0.000
286.499;  802.825;  161.350;    0.000
286.564;  811.825;  189.350;    0.000
286.628;  755.825;  144.350;    0.000
286.693;  733.825;  176.350;    0.000
286.758;  756.825;  168.350;    0.000
286.823;  737.825;  142.350;    0.000
286.887;  767.825;  134.350;    0.000
286.952;  709.825;  180.350;    0.000
287.017;  724.825;  204.350;    0.000
287.082;  696.825;  120.350;    0.000
287.146;  694.825;  173.350;    0.000
287.211;  689.825;  167.350;    0.000
287.276;  676.825;  164.350;    0.000
287.340;  714.825;  138.350;    0.000
287.405;  672.825;  172.350;    0.000
287.470;  663.825;  142.350;    0.000
287.534;  706.825;  155.350;    0.000
287.599;  674.825;  166.350;    0.000
287.663;  677.825;  171.350;    0.000
287.728;  726.825;  190.350;    0.000
287.793;  689.825;  197.350;    0.000
287.857;  701.825;  165.350;    0.000
287.922;  735.825;  147.350;    0.000
287.987;  710.825;  167.350;    0.000
288.051;  685.825;  151.350;    0.000
288.116;  700.825;  154.350;    0.000
288.180;  732.825;  186.350;    0.000
288.245;  677.825;  161.350;    0.000
288.309;  673.825;  177.350;    0.000
288.374;  718.825;  151.350;    0.000
288.439;  730.825;  169.350;    0.000
288.503;  652.825;  133.350;    0.000
288.568;  656.825;  206.350;    0.000
288.632;  678.825;  192.350;    0.000
288.697;  667.825;  183.350;    0.000
288.761;  723.825;  148.350;    0.000
288.826;  666.825;  136.350;    0.000
288.890;  652.825;  185.350;    0.000
288.955;  683.825;  150.350;    0.000
289.019;  677.825;  165.350;    0.000
289.084;  657.825;  150.350;    0.000
289.148;  663.825;  146.350;    0.000
289.212;  620.825;  172.350;    0.000
289.277;  691.825;  177.350;    0.000
289.341;  670.825;  190.350;    0.000
289.406;  672.825;  117.350;    0.000
289.470;  623.825;  173.350;    0.000
289.535;  684.825;  170.350;    0.000
289.599;  617.825;  154.350;    0.000
289.663;  655.825;  173.350;    0.000
289.728;  666.825;  176.350;    0.000
289.792;  621.825;  138.350;    0.000
289.857;  692.825;  203.350;    0.000
289.921;  650.825;  143.350;    0.000
289.985;  677.825;  150.350;    0.000
290.050;  675.825;  170.350;    0.000
290.114;  712.825;  125.350;    0.000
290.178;  628.825;  161.350;    0.000
290.243;  671.825;  119.350;    0.000
290.307;  648.825;  169.350;    0.000
290.371;  635.825;  169.350;    0.000
290.436;  644.825;  170.350;    0.000
290.500;  658.825;  144.350;    0.000
290.564;  687.825;  179.350;    0.000
290.629;  638.825;  166.350;    0.000
290.693;  645.825;  156.350;    0.000
290.757;  702.825;  147.350;    0.000
290.821;  643.825;  170.350;    0.000
290.886;  627.825;  167.350;    0.000
290.950;  625.825;  187.350;    0.000
291.014;  730.825;  164.350;    0.000
291.078;  647.825;  115.350;    0.000
291.143;  657.825;  149.350;    0.000
291.207;  679.825;  163.350;    0.000
291.271;  664.825;  177.350;    0.000
291.335;  707.825;  148.350;    0.000
291.399;  671.825;  155.350;    0.000
291.464;  756.825;  114.350;    0.000
291.528;  769.825;  153.350;    0.000
291.592;  742.825;  156.350;    0.000
291.656;  691.825;  170.350;    0.000
291.720;  719.825;  159.350;    0.000
291.784;  732.825;  159.350;    0.000
291.849;  736.825;  154.350;    0.000
291.913;  693.825;  118.350;    0.000
291.977;  663.825;  157.350;    0.000
292.041;  757.825;  163.350;    0.000
292.105;  744.825;  135.350;    0.000
292.169;  658.825;  155.350;    0.000
292.233;  722.825;  163.350;    0.000
292.297;  745.825;  144.350;    0.000
292.361;  744.825;  143.350;    0.000
292.425;  730.825;  177.350;    0.000
292.490;  731.825;  159.350;    0.000
292.554;  727.825;  137.350;    0.000
292.618;  814.825;  144.350;    0.000
292.682;  840.825;  169.350;    0.000
292.746;  921.825;  166.350;    0.000
292.810; 1159.825;  147.350;    0.000
292.874; 1479.825;  160.350;    0.000
292.938; 1433.825;  174.350;    0.000
293.002; 1350.825;  148.350;    0.000
293.066; 1212.825;  115.350;    0.000
293.130; 1101.825;  133.350;    0.000
293.194; 1101.825;  148.350;    0.000
293.258; 1068.825;  167.350;    0.000
293.322; 1117.825;  166.350;    0.000
293.386; 1076.825;  193.350;    0.000
293.450; 1118.825;  142.350;    0.000
293.514; 1362.825;  170.350;    0.000
293.577; 1558.825;  153.350;    0.000
293.641; 2092.825;  171.350;    0.000
293.705; 2378.825;  168.350;    0.000
293.769; 1909.825;  155.350;    0.000
293.833; 1699.825;  161.350;    0.000
293.897; 1489.825;  124.350;    0.000
293.961; 1436.825;  165.350;    0.000
294.025; 1283.825;  118.350;    0.000
294.089; 1296.825;  125.350;    0.000
294.152; 1217.825;  160.350;    0.000
294.216; 1138.825;  160.350;    0.000
294.280; 1100.825;  158.350;    0.000
294.344; 1011.825;  119.350;    0.000
294.408;  994.825;  168.350;    0.000
294.472;  920.825;  156.350;    0.000
294.536;  915.825;  192.350;    0.000
294.599;  844.825;  171.350;    0.000
294.663;  879.825;  139.350;    0.000
294.727;  891.825;  136.350;    0.000
294.791;  902.825;  118.350;    0.000
294.855;  829.825;  118.350;    0.000
294.918;  816.825;  127.350;    0.000
294.982;  849.825;  167.350;    0.000
295.046;  813.825;  178.350;    0.000
295.110;  763.825;  157.350;    0.000
295.173;  764.825;  101.350;    0.000
295.237;  768.825;  145.350;    0.000
295.301;  724.825;  135.350;    0.000
295.364;  746.825;  185.350;    0.000
295.428;  695.825;  112.350;    0.000
295.492;  682.825;  142.350;    0.000
295.556;  738.825;  170.350;    0.000
295.619;  730.825;  193.350;    0.000
295.683;  771.825;  144.350;    0.000
295.747;  701.825;  152.350;    0.000
295.810;  715.825;  139.350;    0.000
295.874;  687.825;  157.350;    0.000
295.938;  655.825;  128.350;    0.000
296.001;  677.825;  164.350;    0.000
296.065;  632.825;  184.350;    0.000
296.128;  655.825;  127.350;    0.000
296.192;  681.825;  166.350;    0.000
296.256;  613.825;  154.350;    0.000
296.319;  580.825;  128.350;    0.000
296.383;  692.825;  146.350;    0.000
296.447;  655.825;  155.350;    0.000
296.510;  696.825;  177.350;    0.000
296.574;  682.825;  169.350;    0.000
296.637;  690.825;  140.350;    0.000
296.701;  664.825;  181.350;    0.000
296.764;  629.825;  131.350;    0.000
296.828;  628.825;  194.350;    0.000
296.891;  621.825;  146.350;    0.000
296.955;  627.825;  160.350;    0.000
297.018;  646.825;  174.350;    0.000
297.082;  622.825;  153.350;    0.000
297.145;  596.825;  133.350;    0.000
297.209;  614.825;  149.350;    0.000
297.272;  631.825;  150.350;    0.000
297.336;  613.825;  119.350;    0.000
297.399;  613.825;  160.350;    0.000
297.463;  620.825;  158.350;    0.000
297.526;  623.825;  160.350;    0.000
297.590;  623.825;  173.350;    0.000
297.653;  618.825;  121.350;    0.000
297.717;  564.825;  168.350;    0.000
297.780;  598.825;  131.350;    0.000
297.843;  633.825;  154.350;    0.000
297.907;  635.825;  126.350;    0.000
297.970;  549.825;  180.350;    0.000
298.034;  590.825;  140.350;    0.000
298.097;  599.825;  207.350;    0.000
298.160;  640.825;  177.350;    0.000
298.224;  605.825;  165.350;    0.000
298.287;  622.825;  160.350;    0.000
298.350;  613.825;  176.350;    0.000
298.414;  585.825;  155.350;    0.000
298.477;  524.825;  132.350;    0.000
298.540;  544.825;  162.350;    0.000
298.604;  615.825;  180.350;    0.000
298.667;  582.825;  208.350;    0.000
298.730;  634.825;  177.350;    0.000
298.794;  564.825;  126.350;    0.000
298.857;  652.825;  171.350;    0.000
298.920;  569.825;  124.350;    0.000
298.984;  601.825;  146.350;    0.000
299.047;  625.825;  140.350;    0.000
299.110;  600.825;  159.350;    0.000
299.173;  602.825;  177.350;    0.000
299.237;  608.825;  196.350;    0.000
299.300;  596.825;  121.350;    0.000
299.363;  540.825;  172.350;    0.000
299.426;  616.825;  117.350;    0.000
299.489;  551.825;  138.350;    0.000
299.553;  566.825;  198.350;    0.000
299.616;  660.825;  158.350;    0.000
299.679;  582.825;  148.350;    0.000
299.742;  562.825;  138.350;    0.000
299.805;  583.825;  157.350;    0.000
299.868;  581.825;  183.350;    0.000
299.932;  598.825;  137.350;    0.000
299.995;  581.825;  152.350;    0.000
300.058;  585.825;  171.350;    0.000
300.121;  605.825;  172.350;    0.000
300.184;  560.825;  161.350;    0.000
300.247;  577.825;  156.350;    0.000
300.310;  560.825;  154.350;    0.000
300.374;  590.825;  147.350;    0.000
300.437;  542.825;  144.350;    0.000
300.500;  566.825;  152.350;    0.000
300.563;  520.825;  160.350;    0.000
300.626;  630.825;  167.350;    0.000
300.689;  579.825;  193.350;    0.000
300.752;  521.825;  134.350;    0.000
300.815;  583.825;  194.350;    0.000
300.878;  592.825;  156.350;    0.000
300.941;  601.825;  177.350;    0.000
301.004;  559.825;  160.350;    0.000
301.067;  510.825;  153.350;    0.000
301.130;  539.825;  167.350;    0.000
301.193;  572.825;  156.350;    0.000
301.256;  572.825;  176.350;    0.000
301.319;  599.825;  172.350;    0.000
301.382;  545.825;  150.350;    0.000
301.445;  575.825;  183.350;    0.000
301.508;  544.825;  118.350;    0.000
301.571;  562.825;  142.350;    0.000
301.634;  575.825;  164.350;    0.000
301.697;  514.825;  169.350;    0.000
301.760;  553.825;  197.350;    0.000
301.823;  588.825;  155.350;    0.000
301.885;  585.825;  165.350;    0.000
301.948;  577.825;  168.350;    0.000
302.011;  571.825;  172.350;    0.000
302.074;  598.825;  182.350;    0.000
302.137;  566.825;  161.350;    0.000
302.200;  614.825;  174.350;    0.000
302.263;  564.825;  158.350;    0.000
302.326;  527.825;  168.350;    0.000
302.388;  591.825;  165.350;    0.000
302.451;  553.825;  158.350;    0.000
302.514;  537.825;  181.350;    0.000
302.577;  572.825;  147.350;    0.000
302.640;  529.825;  178.350;    0.000
302.703;  547.825;  164.350;    0.000
302.765;  546.825;  149.350;    0.000
302.828;  644.825;  192.350;    0.000
302.891;  624.825;  201.350;    0.000
302.954;  600.825;  135.350;    0.000
303.016;  607.825;  180.350;    0.000
303.079;  589.825;  192.350;    0.000
303.142;  632.825;  176.350;    0.000
303.205;  528.825;  176.350;    0.000
303.267;  512.825;  163.350;    0.000
303.330;  575.825;  162.350;    0.000
303.393;  536.825;  164.350;    0.000
303.456;  536.825;  180.350;    0.000
303.518;  528.825;  162.350;    0.000
303.581;  562.825;  137.350;    0.000
303.644;  561.825;  135.350;    0.000
303.706;  566.825;  170.350;    0.000
303.769;  578.825;  216.350;    0.000
303.832;  546.825;  143.350;    0.000
303.894;  569.825;  162.350;    0.000
303.957;  560.825;  149.350;    0.000
304.020;  575.825;  111.350;    0.000
304.082;  533.825;  158.350;    0.000
304.145;  609.825;  149.350;    0.000
304.207;  574.825;  169.350;    0.000
304.270;  536.825;  170.350;    0.000
304.333;  553.825;  185.350;    0.000
304.395;  588.825;  179.350;    0.000
304.458;  586.825;  174.350;    0.000
304.520;  587.825;  160.350;    0.000
304.583;  596.825;  175.350;    0.000
304.646;  546.825;  160.350;    0.000
304.708;  556.825;  173.350;    0.000
304.771;  503.825;  115.350;    0.000
304.833;  611.825;  172.350;    0.000
304.896;  576.825;  187.350;    0.000
304.958;  581.825;  142.350;    0.000
305.021;  578.825;  164.350;    0.000
305.083;  569.825;  139.350;    0.000
305.146;  607.825;  162.350;    0.000
305.208;  624.825;  135.350;    0.000
305.271;  540.825;  159.350;    0.000
305.333;  653.825;  210.350;    0.000
305.396;  562.825;  151.350;    0.000
305.458;  607.825;  195.350;    0.000
305.520;  598.825;  179.350;    0.000
305.583;  542.825;  157.350;    0.000
305.645;  622.825;  187.350;    0.000
305.708;  527.825;  159.350;    0.000
305.770;  561.825;  189.350;    0.000
305.833;  613.825;  147.350;    0.000
305.895;  597.825;  154.350;    0.000
305.957;  563.825;  143.350;    0.000
306.020;  555.825;  133.350;    0.000
306.082;  596.825;  146.350;    0.000
306.144;  624.825;  171.350;    0.000
306.207;  534.825;  151.350;    0.000
306.269;  551.825;  169.350;    0.000
306.331;  581.825;  162.350;    0.000
306.394;  570.825;  171.350;    0.000
306.456;  530.825;  155.350;    0.000
306.518;  593.825;  183.350;    0.000
306.581;  513.825;  180.350;    0.000
306.643;  574.825;  199.350;    0.000
306.705;  565.825;  163.350;    0.000
306.768;  505.825;  183.350;    0.000
306.830;  632.825;  183.350;    0.000
306.892;  616.825;  190.350;    0.000
306.954;  623.825;  161.350;    0.000
307.017;  606.825;  151.350;    0.000
307.079;  606.825;  147.350;    0.000
307.141;  584.825;  179.350;    0.000
307.203;  612.825;  143.350;    0.000
307.266;  605.825;  142.350;    0.000
307.328;  585.825;  161.350;    0.000
307.390;  597.825;  189.350;    0.000
307.452;  610.825;  155.350;    0.000
307.514;  632.825;  211.350;    0.000
307.577;  606.825;  201.350;    0.000
307.639;  616.825;  192.350;    0.000
307.701;  646.825;  162.350;    0.000
307.763;  635.825;  155.350;    0.000
307.825;  606.825;  193.350;    0.000
307.887;  651.825;  214.350;    0.000
307.949;  596.825;  208.350;    0.000
308.012;  603.825;  175.350;    0.000
308.074;  643.825;  155.350;    0.000
308.136;  659.825;  172.350;    0.000
308.198;  593.825;  171.350;    0.000
308.260;  622.825;  182.350;    0.000
308.322;  585.825;  177.350;    0.000
308.384;  637.825;  207.350;    0.000
308.446;  629.825;  170.350;    0.000
308.508;  632.825;  177.350;    0.000
308.570;  641.825;  195.350;    0.000
308.632;  680.825;  190.350;    0.000
308.694;  634.825;  161.350;    0.000
308.756;  654.825;  173.350;    0.000
308.818;  664.825;  190.350;    0.000
308.880;  750.825;  197.350;    0.000
308.942;  684.825;  223.350;    0.000
309.004;  709.825;  176.350;    0.000
309.066;  637.825;  182.350;    0.000
309.128;  670.825;  185.350;    0.000
309.190;  681.825;  166.350;    0.000
309.252;  742.825;  191.350;    0.000
309.314;  720.825;  208.350;    0.000
309.376;  710.825;  205.350;    0.000
309.438;  767.825;  166.350;    0.000
309.500;  708.825;  195.350;    0.000
309.562;  769.825;  163.350;    0.000
309.624;  754.825;  162.350;    0.000
309.686;  777.825;  194.350;    0.000
309.747;  727.825;  179.350;    0.000
309.809;  664.825;  211.350;    0.000
309.871;  734.825;  191.350;    0.000
309.933;  691.825;  151.350;    0.000
309.995;  670.825;  179.350;    0.000
310.057;  725.825;  175.350;    0.000
310.119;  696.825;  161.350;    0.000
310.180;  647.825;  167.350;    0.000
310.242;  679.825;  171.350;    0.000
310.304;  665.825;  209.350;    0.000
310.366;  698.825;  229.350;    0.000
310.428;  640.825;  132.350;    0.000
310.489;  717.825;  165.350;    0.000
310.551;  683.825;  193.350;    0.000
310.613;  648.825;  182.350;    0.000
310.675;  617.825;  186.350;    0.000
310.737;  612.825;  192.350;    0.000
310.798;  718.825;  194.350;    0.000
310.860;  739.825;  220.350;    0.000
310.922;  660.825;  161.350;    0.000
310.983;  634.825;  203.350;    0.000
311.045;  690.825;  198.350;    0.000
311.107;  673.825;  179.350;    0.000
311.169;  681.825;  154.350;    0.000
311.230;  672.825;  134.350;    0.000
311.292;  675.825;  215.350;    0.000
311.354;  669.825;  171.350;    0.000
311.415;  652.825;  195.350;    0.000
311.477;  664.825;  185.350;    0.000
311.539;  642.825;  183.350;    0.000
311.600;  625.825;  183.350;    0.000
311.662;  626.825;  207.350;    0.000
311.724;  678.825;  193.350;    0.000
311.785;  656.825;  180.350;    0.000
311.847;  631.825;  155.350;    0.000
311.908;  658.825;  179.350;    0.000
311.970;  659.825;  193.350;    0.000
312.032;  639.825;  188.350;    0.000
312.093;  700.825;  166.350;    0.000
312.155;  633.825;  147.350;    0.000
312.216;  677.825;  177.350;    0.000
312.278;  647.825;  162.350;    0.000
312.339;  587.825;  158.350;    0.000
312.401;  650.825;  181.350;    0.000
312.462;  630.825;  153.350;    0.000
312.524;  648.825;  186.350;    0.000
312.585;  673.825;  191.350;    0.000
312.647;  629.825;  131.350;    0.000
312.708;  671.825;  170.350;    0.000
312.770;  687.825;  194.350;    0.000
312.831;  644.825;  161.350;    0.000
312.893;  636.825;  179.350;    0.000
312.954;  622.825;  183.350;    0.000
313.016;  661.825;  189.350;    0.000
313.077;  663.825;  169.350;    0.000
313.139;  666.825;  148.350;    0.000
313.200;  698.825;  155.350;    0.000
313.261;  683.825;  213.350;    0.000
313.323;  648.825;  162.350;    0.000
313.384;  599.825;  160.350;    0.000
313.446;  657.825;  202.350;    0.000
313.507;  653.825;  149.350;    0.000
313.568;  621.825;  194.350;    0.000
313.630;  652.825;  163.350;    0.000
313.691;  657.825;  158.350;    0.000
313.752;  660.825;  179.350;    0.000
313.814;  690.825;  180.350;    0.000
313.875;  656.825;  191.350;    0.000
313.936;  616.825;  169.350;    0.000
313.998;  660.825;  165.350;    0.000
314.059;  652.825;  211.350;    0.000
314.120;  605.825;  190.350;    0.000
314.182;  618.825;  185.350;    0.000
314.243;  648.825;  186.350;    0.000
314.304;  654.825;  178.350;    0.000
314.365;  654.825;  187.350;    0.000
314.427;  632.825;  145.350;    0.000
314.488;  655.825;  184.350;    0.000
314.549;  712.825;  181.350;    0.000
314.610;  671.825;  151.350;    0.000
314.672;  613.825;  153.350;    0.000
314.733;  618.825;  148.350;    0.000
314.794;  617.825;  156.350;    0.000
314.855;  650.825;  196.350;    0.000
314.917;  661.825;  157.350;    0.000
314.978;  630.825;  174.350;    0.000
315.039;  663.825;  168.350;    0.000
315.100;  710.825;  154.350;    0.000
315.161;  669.825;  176.350;    0.000
315.222;  638.825;  198.350;    0.000
315.283;  687.825;  169.350;    0.000
315.345;  621.825;  162.350;    0.000
315.406;  651.825;  199.350;    0.000
315.467;  614.825;  180.350;    0.000
315.528;  705.825;  179.350;    0.000
315.589;  611.825;  166.350;    0.000
315.650;  684.825;  179.350;    0.000
315.711;  651.825;  177.350;    0.000
315.772;  639.825;  180.350;    0.000
315.833;  646.825;  157.350;    0.000
315.894;  613.825;  133.350;    0.000
315.955;  700.825;  205.350;    0.000
316.016;  645.825;  190.350;    0.000
316.078;  661.825;  174.350;    0.000
316.139;  745.825;  208.350;    0.000
316.200;  604.825;  166.350;    0.000
316.261;  620.825;  186.350;    0.000
316.322;  632.825;  185.350;    0.000
316.383;  614.825;  179.350;    0.000
316.444;  676.825;  172.350;    0.000
316.504;  660.825;  181.350;    0.000
316.565;  698.825;  197.350;    0.000
316.626;  630.825;  196.350;    0.000
316.687;  647.825;  173.350;    0.000
316.748;  662.825;  178.350;    0.000
316.809;  598.825;  178.350;    0.000
316.870;  615.825;  134.350;    0.000
316.931;  647.825;  166.350;    0.000
316.992;  689.825;  200.350;    0.000
317.053;  677.825;  169.350;    0.000
317.114;  651.825;  185.350;    0.000
317.175;  737.825;  213.350;    0.000
317.235;  621.825;  199.350;    0.000
317.296;  652.825;  190.350;    0.000
317.357;  652.825;  152.350;    0.000
317.418;  639.825;  192.350;    0.000
317.479;  634.825;  170.350;    0.000
317.540;  666.825;  179.350;    0.000
317.601;  626.825;  155.350;    0.000
317.661;  638.825;  154.350;    0.000
317.722;  693.825;  190.350;    0.000
317.783;  651.825;  149.350;    0.000
317.844;  655.825;  207.350;    0.000
317.904;  651.825;  153.350;    0.000
317.965;  669.825;  179.350;    0.000
318.026;  672.825;  235.350;    0.000
318.087;  687.825;  184.350;    0.000
318.148;  663.825;  201.350;    0.000
318.208;  683.825;  220.350;    0.000
318.269;  690.825;  175.350;    0.000
318.330;  700.825;  185.350;    0.000
318.390;  645.825;  180.350;    0.000
318.451;  623.825;  164.350;    0.000
318.512;  659.825;  150.350;    0.000
318.572;  703.825;  205.350;    0.000
318.633;  728.825;  224.350;    0.000
318.694;  654.825;  202.350;    0.000
318.754;  661.825;  196.350;    0.000
318.815;  705.825;  187.350;    0.000
318.876;  729.825;  200.350;    0.000
318.936;  778.825;  232.350;    0.000
318.997;  599.825;  211.350;    0.000
319.058;  660.825;  194.350;    0.000
319.118;  642.825;  197.350;    0.000
319.179;  670.825;  162.350;    0.000
319.239;  697.825;  188.350;    0.000
319.300;  697.825;  205.350;    0.000
319.361;  664.825;  179.350;    0.000
319.421;  635.825;  182.350;    0.000
319.482;  649.825;  189.350;    0.000
319.542;  684.825;  180.350;    0.000
319.603;  626.825;  204.350;    0.000
319.663;  648.825;  195.350;    0.000
319.724;  625.825;  135.350;    0.000
319.784;  666.825;  184.350;    0.000
319.845;  644.825;  160.350;    0.000
319.905;  697.825;  206.350;    0.000
319.966;  668.825;  203.350;    0.000
320.026;  650.825;  203.350;    0.000
320.087;  681.825;  206.350;    0.000
320.147;  686.825;  180.350;    0.000
320.208;  644.825;  189.350;    0.000
320.268;  656.825;  179.350;    0.000
320.329;  665.825;  215.350;    0.000
320.389;  666.825;  193.350;    0.000
320.449;  719.825;  210.350;    0.000
320.510;  694.825;  206.350;    0.000
320.570;  690.825;  221.350;    0.000
320.631;  696.825;  203.350;    0.000
320.691;  693.825;  190.350;    0.000
320.751;  653.825;  205.350;    0.000
320.812;  715.825;  191.350;    0.000
320.872;  687.825;  216.350;    0.000
320.932;  698.825;  209.350;    0.000
320.993;  702.825;  189.350;    0.000
321.053;  682.825;  228.350;    0.000
321.113;  691.825;  163.350;    0.000
321.174;  715.825;  204.350;    0.000
321.234;  675.825;  214.350;    0.000
321.294;  657.825;  184.350;    0.000
321.355;  713.825;  216.350;    0.000
321.415;  679.825;  187.350;    0.000
321.475;  673.825;  216.350;    0.000
321.535;  681.825;  189.350;    0.000
321.596;  622.825;  186.350;    0.000
321.656;  668.825;  204.350;    0.000
321.716;  693.825;  183.350;    0.000
321.776;  684.825;  194.350;    0.000
321.837;  732.825;  190.350;    0.000
321.897;  715.825;  219.350;    0.000
321.957;  748.825;  222.350;    0.000
322.017;  684.825;  183.350;    0.000
322.077;  684.825;  239.350;    0.000
322.138;  704.825;  219.350;    0.000
322.198;  657.825;  185.350;    0.000
322.258;  720.825;  231.350;    0.000
322.318;  718.825;  197.350;    0.000
322.378;  798.825;  179.350;    0.000
322.438;  742.825;  217.350;    0.000
322.499;  746.825;  238.350;    0.000
322.559;  666.825;  197.350;    0.000
322.619;  693.825;  204.350;    0.000
322.679;  705.825;  199.350;    0.000
322.739;  699.825;  194.350;    0.000
322.799;  675.825;  203.350;    0.000
322.859;  727.825;  234.350;    0.000
322.919;  710.825;  194.350;    0.000
322.979;  726.825;  219.350;    0.000
323.039;  719.825;  193.350;    0.000
323.099;  669.825;  207.350;    0.000
323.159;  715.825;  213.350;    0.000
323.219;  637.825;  171.350;    0.000
323.279;  683.825;  215.350;    0.000
323.339;  707.825;  170.350;    0.000
323.399;  704.825;  195.350;    0.000
323.459;  695.825;  234.350;    0.000
323.519;  702.825;  201.350;    0.000
323.579;  643.825;  167.350;    0.000
323.639;  697.825;  209.350;    0.000
323.699;  676.825;  217.350;    0.000
323.759;  741.825;  213.350;    0.000
323.819;  727.825;  216.350;    0.000
323.879;  731.825;  193.350;    0.000
323.939;  656.825;  182.350;    0.000
323.999;  752.825;  206.350;    0.000
324.059;  698.825;  196.350;    0.000
324.119;  681.825;  240.350;    0.000
324.178;  665.825;  186.350;    0.000
324.238;  686.825;  179.350;    0.000
324.298;  714.825;  195.350;    0.000
324.358;  667.825;  208.350;    0.000
324.418;  688.825;  190.350;    0.000
324.478;  682.825;  197.350;    0.000
324.538;  709.825;  157.350;    0.000
324.597;  705.825;  219.350;    0.000
324.657;  663.825;  176.350;    0.000
324.717;  670.825;  179.350;    0.000
324.777;  683.825;  190.350;    0.000
324.837;  686.825;  172.350;    0.000
324.896;  724.825;  199.350;    0.000
324.956;  709.825;  216.350;    0.000
325.016;  657.825;  191.350;    0.000
325.076;  701.825;  185.350;    0.000
325.135;  693.825;  174.350;    0.000
325.195;  736.825;  175.350;    0.000
325.255;  658.825;  144.350;    0.000
325.315;  632.825;  201.350;    0.000
325.374;  726.825;  198.350;    0.000
325.434;  706.825;  181.350;    0.000
325.494;  738.825;  183.350;    0.000
325.553;  763.825;  172.350;    0.000
325.613;  732.825;  200.350;    0.000
325.673;  641.825;  177.350;    0.000
325.732;  613.825;  174.350;    0.000
325.792;  671.825;  181.350;    0.000
325.852;  621.825;  214.350;    0.000
325.911;  710.825;  230.350;    0.000
325.971;  678.825;  198.350;    0.000
326.031;  740.825;  201.350;    0.000
326.090;  713.825;  214.350;    0.000
326.150;  698.825;  163.350;    0.000
326.209;  741.825;  207.350;    0.000
326.269;  701.825;  201.350;    0.000
326.328;  660.825;  208.350;    0.000
326.388;  630.825;  169.350;    0.000
326.448;  763.825;  229.350;    0.000
326.507;  678.825;  243.350;    0.000
326.567;  704.825;  162.350;    0.000
326.626;  686.825;  200.350;    0.000
326.686;  637.825;  166.350;    0.000
326.745;  687.825;  178.350;    0.000
326.805;  705.825;  185.350;    0.000
326.864;  678.825;  209.350;    0.000
326.924;  709.825;  234.350;    0.000
326.983;  628.825;  197.350;    0.000
327.043;  721.825;  217.350;    0.000
327.102;  684.825;  174.350;    0.000
327.161;  699.825;  172.350;    0.000
327.221;  664.825;  183.350;    0.000
327.280;  690.825;  200.350;    0.000
327.340;  730.825;  200.350;    0.000
327.399;  756.825;  219.350;    0.000
327.459;  723.825;  246.350;    0.000
327.518;  710.825;  217.350;    0.000
327.577;  663.825;  212.350;    0.000
327.637;  717.825;  188.350;    0.000
327.696;  704.825;  201.350;    0.000
327.755;  681.825;  199.350;    0.000
327.815;  689.825;  224.350;    0.000
327.874;  773.825;  236.350;    0.000
327.933;  698.825;  182.350;    0.000
327.993;  684.825;  206.350;    0.000
328.052;  744.825;  191.350;    0.000
328.111;  688.825;  222.350;    0.000
328.171;  692.825;  200.350;    0.000
328.230;  657.825;  203.350;    0.000
328.289;  734.825;  219.350;    0.000
328.349;  748.825;  231.350;    0.000
328.408;  702.825;  223.350;    0.000
328.467;  696.825;  226.350;    0.000
328.526;  682.825;  197.350;    0.000
328.586;  729.825;  221.350;    0.000
328.645;  698.825;  199.350;    0.000
328.704;  751.825;  227.350;    0.000
328.763;  686.825;  201.350;    0.000
328.822;  731.825;  230.350;    0.000
328.882;  708.825;  244.350;    0.000
328.941;  717.825;  221.350;    0.000
329.000;  697.825;  207.350;    0.000
329.059;  709.825;  208.350;    0.000
329.118;  695.825;  203.350;    0.000
329.177;  718.825;  198.350;    0.000
329.237;  672.825;  218.350;    0.000
329.296;  726.825;  213.350;    0.000
329.355;  738.825;  208.350;    0.000
329.414;  757.825;  231.350;    0.000
329.473;  731.825;  221.350;    0.000
329.532;  754.825;  243.350;    0.000
329.591;  685.825;  210.350;    0.000
329.650;  775.825;  232.350;    0.000
329.709;  708.825;  211.350;    0.000
329.768;  733.825;  194.350;    0.000
329.827;  749.825;  237.350;    0.000
329.886;  796.825;  213.350;    0.000
329.945;  741.825;  190.350;    0.000
330.004;  802.825;  233.350;    0.000
330.063;  740.825;  191.350;    0.000
330.122;  838.825;  234.350;    0.000
330.181;  892.825;  220.350;    0.000
330.240;  840.825;  191.350;    0.000
330.299;  805.825;  210.350;    0.000
330.358;  766.825;  191.350;    0.000
330.417;  801.825;  225.350;    0.000
330.476;  760.825;  226.350;    0.000
330.535;  694.825;  217.350;    0.000
330.594;  746.825;  205.350;    0.000
330.653;  683.825;  193.350;    0.000
330.712;  738.825;  206.350;    0.000
330.771;  750.825;  175.350;    0.000
330.830;  743.825;  204.350;    0.000
330.889;  691.825;  198.350;    0.000
330.948;  667.825;  198.350;    0.000
331.006;  677.825;  207.350;    0.000
331.065;  679.825;  203.350;    0.000
331.124;  721.825;  210.350;    0.000
331.183;  659.825;  165.350;    0.000
331.242;  707.825;  195.350;    0.000
331.301;  664.825;  191.350;    0.000
331.359;  723.825;  205.350;    0.000
331.418;  720.825;  183.350;    0.000
331.477;  745.825;  198.350;    0.000
331.536;  723.825;  211.350;    0.000
331.595;  664.825;  191.350;    0.000
331.653;  681.825;  232.350;    0.000
331.712;  726.825;  225.350;    0.000
331.771;  674.825;  199.350;    0.000
331.830;  691.825;  189.350;    0.000
331.888;  620.825;  219.350;    0.000
331.947;  628.825;  188.350;    0.000
332.006;  683.825;  180.350;    0.000
332.065;  647.825;  177.350;    0.000
332.123;  703.825;  214.350;    0.000
332.182;  694.825;  223.350;    0.000
332.241;  702.825;  202.350;    0.000
332.299;  685.825;  180.350;    0.000
332.358;  695.825;  206.350;    0.000
332.417;  649.825;  195.350;    0.000
332.475;  653.825;  221.350;    0.000
332.534;  731.825;  207.350;    0.000
332.592;  622.825;  190.350;    0.000
332.651;  635.825;  203.350;    0.000
332.710;  712.825;  219.350;    0.000
332.768;  710.825;  210.350;    0.000
332.827;  683.825;  173.350;    0.000
332.885;  687.825;  239.350;    0.000
332.944;  723.825;  145.350;    0.000
333.003;  694.825;  197.350;    0.000
333.061;  701.825;  179.350;    0.000
333.120;  693.825;  198.350;    0.000
333.178;  709.825;  185.350;    0.000
333.237;  737.825;  204.350;    0.000
333.295;  771.825;  266.350;    0.000
333.354;  728.825;  181.350;    0.000
333.412;  748.825;  189.350;    0.000
333.471;  790.825;  216.350;    0.000
333.529;  730.825;  220.350;    0.000
333.588;  781.825;  193.350;    0.000
333.646;  754.825;  186.350;    0.000
333.705;  800.825;  210.350;    0.000
333.763;  791.825;  222.350;    0.000
333.822;  763.825;  222.350;    0.000
333.880;  752.825;  202.350;    0.000
333.938;  697.825;  205.350;    0.000
333.997;  740.825;  199.350;    0.000
334.055;  767.825;  199.350;    0.000
334.114;  771.825;  237.350;    0.000
334.172;  688.825;  155.350;    0.000
334.230;  730.825;  208.350;    0.000
334.289;  698.825;  191.350;    0.000
334.347;  713.825;  211.350;    0.000
334.405;  773.825;  212.350;    0.000
334.464;  764.825;  179.350;    0.000
334.522;  679.825;  160.350;    0.000
334.580;  669.825;  195.350;    0.000
334.639;  682.825;  191.350;    0.000
334.697;  682.825;  194.350;    0.000
334.755;  726.825;  185.350;    0.000
334.814;  725.825;  214.350;    0.000
334.872;  702.825;  179.350;    0.000
334.930;  707.825;  169.350;    0.000
334.988;  725.825;  201.350;    0.000
335.047;  705.825;  188.350;    0.000
335.105;  702.825;  175.350;    0.000
335.163;  787.825;  191.350;    0.000
335.221;  725.825;  196.350;    0.000
335.280;  780.825;  182.350;    0.000
335.338;  800.825;  202.350;    0.000
335.396;  721.825;  219.350;    0.000
335.454;  767.825;  187.350;    0.000
335.512;  734.825;  236.350;    0.000
335.570;  742.825;  209.350;    0.000
335.629;  790.825;  247.350;    0.000
335.687;  788.825;  219.350;    0.000
335.745;  797.825;  203.350;    0.000
335.803;  809.825;  220.350;    0.000
335.861;  803.825;  208.350;    0.000
335.919;  765.825;  223.350;    0.000
335.977;  718.825;  201.350;    0.000
336.035;  780.825;  193.350;    0.000
336.094;  676.825;  178.350;    0.000
336.152;  739.825;  182.350;    0.000
336.210;  794.825;  199.350;    0.000
336.268;  791.825;  216.350;    0.000
336.326;  820.825;  216.350;    0.000
336.384;  802.825;  201.350;    0.000
336.442;  745.825;  197.350;    0.000
336.500;  783.825;  203.350;    0.000
336.558;  785.825;  198.350;    0.000
336.616;  796.825;  210.350;    0.000
336.674;  739.825;  192.350;    0.000
336.732;  740.825;  182.350;    0.000
336.790;  769.825;  189.350;    0.000
336.848;  764.825;  233.350;    0.000
336.906;  706.825;  235.350;    0.000
336.964;  765.825;  208.350;    0.000
337.022;  784.825;  249.350;    0.000
337.080;  808.825;  204.350;    0.000
337.138;  760.825;  176.350;    0.000
337.195;  715.825;  207.350;    0.000
337.253;  816.825;  214.350;    0.000
337.311;  788.825;  210.350;    0.000
337.369;  750.825;  222.350;    0.000
337.427;  730.825;  236.350;    0.000
337.485;  737.825;  241.350;    0.000
337.543;  724.825;  217.350;    0.000
337.601;  788.825;  221.350;    0.000
337.658;  743.825;  205.350;    0.000
337.716;  689.825;  210.350;    0.000
337.774;  692.825;  196.350;    0.000
337.832;  764.825;  200.350;    0.000
337.890;  674.825;  192.350;    0.000
337.947;  707.825;  192.350;    0.000
338.005;  726.825;  211.350;    0.000
338.063;  702.825;  176.350;    0.000
338.121;  780.825;  222.350;    0.000
338.178;  761.825;  198.350;    0.000
338.236;  727.825;  210.350;    0.000
338.294;  755.825;  211.350;    0.000
338.352;  773.825;  212.350;    0.000
338.409;  758.825;  199.350;    0.000
338.467;  720.825;  205.350;    0.000
338.525;  751.825;  217.350;    0.000
338.583;  719.825;  197.350;    0.000
338.640;  682.825;  226.350;    0.000
338.698;  661.825;  201.350;    0.000
338.756;  754.825;  192.350;    0.000
338.813;  741.825;  220.350;    0.000
338.871;  813.825;  258.350;    0.000
338.928;  705.825;  223.350;    0.000
338.986;  698.825;  200.350;    0.000
339.044;  751.825;  206.350;    0.000
339.101;  728.825;  250.350;    0.000
339.159;  712.825;  245.350;    0.000
339.216;  736.825;  227.350;    0.000
339.274;  765.825;  260.350;    0.000
339.332;  703.825;  223.350;    0.000
339.389;  752.825;  233.350;    0.000
339.447;  716.825;  206.350;    0.000
339.504;  798.825;  229.350;    0.000
339.562;  732.825;  194.350;    0.000
339.619;  751.825;  245.350;    0.000
339.677;  834.825;  238.350;    0.000
339.734;  732.825;  197.350;    0.000
339.792;  741.825;  210.350;    0.000
339.849;  778.825;  201.350;    0.000
339.907;  705.825;  252.350;    0.000
339.964;  777.825;  191.350;    0.000
340.022;  754.825;  246.350;    0.000
340.079;  812.825;  213.350;    0.000
340.137;  719.825;  240.350;    0.000
340.194;  772.825;  208.350;    0.000
340.252;  736.825;  215.350;    0.000
340.309;  713.825;  203.350;    0.000
340.366;  686.825;  194.350;    0.000
340.424;  757.825;  226.350;    0.000
340.481;  760.825;  234.350;    0.000
340.538;  722.825;  205.350;    0.000
340.596;  740.825;  197.350;    0.000
340.653;  803.825;  233.350;    0.000
340.711;  802.825;  273.350;    0.000
340.768;  814.825;  237.350;    0.000
340.825;  803.825;  224.350;    0.000
340.883;  800.825;  240.350;    0.000
340.940;  811.825;  216.350;    0.000
340.997;  727.825;  228.350;    0.000
341.054;  769.825;  200.350;    0.000
341.112;  759.825;  220.350;    0.000
341.169;  766.825;  226.350;    0.000
341.226;  751.825;  206.350;    0.000
341.284;  819.825;  204.350;    0.000
341.341;  750.825;  214.350;    0.000
341.398;  705.825;  160.350;    0.000
341.455;  721.825;  209.350;    0.000
341.512;  775.825;  233.350;    0.000
341.570;  753.825;  240.350;    0.000
341.627;  801.825;  209.350;    0.000
341.684;  774.825;  178.350;    0.000
341.741;  806.825;  254.350;    0.000
341.798;  755.825;  232.350;    0.000
341.856;  758.825;  196.350;    0.000
341.913;  764.825;  244.350;    0.000
341.970;  731.825;  203.350;    0.000
342.027;  793.825;  235.350;    0.000
342.084;  779.825;  214.350;    0.000
342.141;  757.825;  194.350;    0.000
342.198;  770.825;  194.350;    0.000
342.255;  755.825;  219.350;    0.000
342.313;  766.825;  195.350;    0.000
342.370;  767.825;  207.350;    0.000
342.427;  798.825;  217.350;    0.000
342.484;  789.825;  213.350;    0.000
342.541;  779.825;  215.350;    0.000
342.598;  799.825;  247.350;    0.000
342.655;  765.825;  205.350;    0.000
342.712;  761.825;  226.350;    0.000
342.769;  734.825;  212.350;    0.000
342.826;  723.825;  203.350;    0.000
342.883;  759.825;  207.350;    0.000
342.940;  698.825;  204.350;    0.000
342.997;  744.825;  237.350;    0.000
343.054;  705.825;  210.350;    0.000
343.111;  699.825;  209.350;    0.000
343.168;  773.825;  201.350;    0.000
343.225;  787.825;  208.350;    0.000
343.282;  740.825;  216.350;    0.000
343.339;  744.825;  237.350;    0.000
343.395;  745.825;  218.350;    0.000
343.452;  792.825;  234.350;    0.000
343.509;  739.825;  214.350;    0.000
343.566;  756.825;  222.350;    0.000
343.623;  694.825;  226.350;    0.000
343.680;  806.825;  245.350;    0.000
343.737;  792.825;  209.350;    0.000
343.794;  755.825;  227.350;    0.000
343.850;  790.825;  197.350;    0.000
343.907;  755.825;  211.350;    0.000
343.964;  797.825;  190.350;    0.000
344.021;  774.825;  252.350;    0.000
344.078;  797.825;  261.350;    0.000
344.134;  773.825;  206.350;    0.000
344.191;  795.825;  231.350;    0.000
344.248;  728.825;  225.350;    0.000
344.305;  769.825;  210.350;    0.000
344.361;  786.825;  194.350;    0.000
344.418;  794.825;  219.350;    0.000
344.475;  793.825;  245.350;    0.000
344.532;  840.825;  238.350;    0.000
344.588;  770.825;  235.350;    0.000
344.645;  793.825;  229.350;    0.000
344.702;  795.825;  145.350;    0.000
344.758;  752.825;  240.350;    0.000
344.815;  750.825;  215.350;    0.000
344.872;  733.825;  203.350;    0.000
344.928;  826.825;  208.350;    0.000
344.985;  811.825;  216.350;    0.000
345.042;  798.825;  234.350;    0.000
345.098;  747.825;  183.350;    0.000
345.155;  772.825;  241.350;    0.000
345.212;  781.825;  222.350;    0.000
345.268;  791.825;  234.350;    0.000
345.325;  845.825;  181.350;    0.000
345.381;  803.825;  251.350;    0.000
345.438;  818.825;  256.350;    0.000
345.495;  770.825;  247.350;    0.000
345.551;  767.825;  231.350;    0.000
345.608;  730.825;  206.350;    0.000
345.664;  741.825;  201.350;    0.000
345.721;  779.825;  216.350;    0.000
345.777;  693.825;  195.350;    0.000
345.834;  683.825;  195.350;    0.000
345.890;  767.825;  227.350;    0.000
345.947;  720.825;  240.350;    0.000
346.003;  749.825;  248.350;    0.000
346.060;  768.825;  213.350;    0.000
346.116;  793.825;  225.350;    0.000
346.173;  809.825;  199.350;    0.000
346.229;  770.825;  264.350;    0.000
346.285;  768.825;  246.350;    0.000
346.342;  794.825;  240.350;    0.000
346.398;  772.825;  222.350;    0.000
346.455;  888.825;  231.350;    0.000
346.511;  871.825;  214.350;    0.000
346.567;  830.825;  231.350;    0.000
346.624;  781.825;  222.350;    0.000
346.680;  830.825;  197.350;    0.000
346.737;  816.825;  225.350;    0.000
346.793;  791.825;  255.350;    0.000
346.849;  799.825;  245.350;    0.000
346.906;  812.825;  221.350;    0.000
346.962;  851.825;  260.350;    0.000
347.018;  888.825;  238.350;    0.000
347.074;  833.825;  257.350;    0.000
347.131;  819.825;  200.350;    0.000
347.187;  726.825;  232.350;    0.000
347.243;  805.825;  240.350;    0.000
347.300;  796.825;  249.350;    0.000
347.356;  782.825;  250.350;    0.000
347.412;  835.825;  252.350;    0.000
347.468;  813.825;  254.350;    0.000
347.524;  798.825;  280.350;    0.000
347.581;  800.825;  228.350;    0.000
347.637;  845.825;  261.350;    0.000
347.693;  839.825;  238.350;    0.000
347.749;  746.825;  261.350;    0.000
347.805;  729.825;  238.350;    0.000
347.862;  810.825;  246.350;    0.000
347.918;  798.825;  256.350;    0.000
347.974;  857.825;  277.350;    0.000
348.030;  793.825;  242.350;    0.000
348.086;  782.825;  223.350;    0.000
348.142;  775.825;  215.350;    0.000
348.198;  775.825;  272.350;    0.000
348.254;  848.825;  292.350;    0.000
348.311;  810.825;  235.350;    0.000
348.367;  743.825;  263.350;    0.000
348.423;  829.825;  193.350;    0.000
348.479;  783.825;  266.350;    0.000
348.535;  784.825;  238.350;    0.000
348.591;  775.825;  237.350;    0.000
348.647;  729.825;  239.350;    0.000
348.703;  734.825;  240.350;    0.000
348.759;  791.825;  253.350;    0.000
348.815;  788.825;  255.350;    0.000
348.871;  759.825;  256.350;    0.000
348.927;  742.825;  261.350;    0.000
348.983;  793.825;  258.350;    0.000
349.039;  727.825;  204.350;    0.000
349.095;  790.825;  215.350;    0.000
349.151;  715.825;  230.350;    0.000
349.207;  787.825;  216.350;    0.000
349.263;  808.825;  235.350;    0.000
349.319;  783.825;  244.350;    0.000
349.374;  781.825;  213.350;    0.000
349.430;  749.825;  241.350;    0.000
349.486;  793.825;  248.350;    0.000
349.542;  758.825;  259.350;    0.000
349.598;  803.825;  208.350;    0.000
349.654;  842.825;  242.350;    0.000
349.710;  790.825;  246.350;    0.000
349.766;  776.825;  226.350;    0.000
349.821;  753.825;  227.350;    0.000
349.877;  817.825;  226.350;    0.000
349.933;  813.825;  249.350;    0.000
349.989;  855.825;  263.350;    0.000
350.045;  758.825;  267.350;    0.000
350.100;  750.825;  219.350;    0.000
350.156;  766.825;  207.350;    0.000
350.212;  786.825;  230.350;    0.000
350.268;  783.825;  223.350;    0.000
350.323;  771.825;  217.350;    0.000
350.379;  805.825;  227.350;    0.000
350.435;  743.825;  219.350;    0.000
350.491;  741.825;  195.350;    0.000
350.546;  783.825;  229.350;    0.000
350.602;  813.825;  222.350;    0.000
350.658;  786.825;  225.350;    0.000
350.713;  773.825;  231.350;    0.000
350.769;  744.825;  193.350;    0.000
350.825;  785.825;  182.350;    0.000
350.880;  776.825;  193.350;    0.000
350.936;  803.825;  222.350;    0.000
350.992;  740.825;  217.350;    0.000
351.047;  792.825;  226.350;    0.000
351.103;  760.825;  187.350;    0.000
351.158;  822.825;  212.350;    0.000
351.214;  825.825;  207.350;    0.000
351.270;  756.825;  194.350;    0.000
351.325;  856.825;  213.350;    0.000
351.381;  818.825;  223.350;    0.000
351.436;  839.825;  222.350;    0.000
351.492;  806.825;  219.350;    0.000
351.547;  830.825;  205.350;    0.000
351.603;  856.825;  218.350;    0.000
351.658;  783.825;  199.350;    0.000
351.714;  769.825;  201.350;    0.000
351.769;  853.825;  209.350;    0.000
351.825;  805.825;  226.350;    0.000
351.880;  804.825;  189.350;    0.000
351.936;  805.825;  201.350;    0.000
351.991;  814.825;  220.350;    0.000
352.047;  740.825;  232.350;    0.000
352.102;  766.825;  185.350;    0.000
352.158;  788.825;  228.350;    0.000
352.213;  778.825;  204.350;    0.000
352.268;  731.825;  220.350;    0.000
352.324;  772.825;  206.350;    0.000
352.379;  777.825;  182.350;    0.000
352.434;  834.825;  214.350;    0.000
352.490;  807.825;  250.350;    0.000
352.545;  805.825;  290.350;    0.000
352.601;  840.825;  247.350;    0.000
352.656;  828.825;  203.350;    0.000
352.711;  833.825;  197.350;    0.000
352.767;  779.825;  169.350;    0.000
352.822;  768.825;  191.350;    0.000
352.877;  806.825;  235.350;    0.000
352.932;  740.825;  231.350;    0.000
352.988;  774.825;  224.350;    0.000
353.043;  801.825;  226.350;    0.000
353.098;  782.825;  227.350;    0.000
353.153;  779.825;  239.350;    0.000
353.209;  756.825;  217.350;    0.000
353.264;  835.825;  198.350;    0.000
353.319;  756.825;  247.350;    0.000
353.374;  745.825;  199.350;    0.000
353.430;  777.825;  247.350;    0.000
353.485;  862.825;  242.350;    0.000
353.540;  839.825;  237.350;    0.000
353.595;  752.825;  233.350;    0.000
353.650;  794.825;  221.350;    0.000
353.705;  780.825;  259.350;    0.000
353.761;  715.825;  223.350;    0.000
353.816;  769.825;  234.350;    0.000
353.871;  808.825;  226.350;    0.000
353.926;  819.825;  232.350;    0.000
353.981;  748.825;  245.350;    0.000
354.036;  755.825;  247.350;    0.000
354.091;  792.825;  233.350;    0.000
354.146;  804.825;  253.350;    0.000
354.201;  777.825;  236.350;    0.000
354.256;  780.825;  210.350;    0.000
354.311;  865.825;  279.350;    0.000
354.367;  766.825;  208.350;    0.000
354.422;  742.825;  228.350;    0.000
354.477;  782.825;  202.350;    0.000
354.532;  832.825;  215.350;    0.000
354.587;  774.825;  249.350;    0.000
354.642;  749.825;  206.350;    0.000
354.697;  781.825;  226.350;    0.000
354.751;  821.825;  241.350;    0.000
354.806;  802.825;  249.350;    0.000
354.861;  783.825;  216.350;    0.000
354.916;  804.825;  249.350;    0.000
354.971;  764.825;  217.350;    0.000
355.026;  832.825;  236.350;    0.000
355.081;  795.825;  242.350;    0.000
355.136;  783.825;  216.350;    0.000
355.191;  734.825;  216.350;    0.000
355.246;  764.825;  258.350;    0.000
355.301;  776.825;  250.350;    0.000
355.355;  851.825;  251.350;    0.000
355.410;  821.825;  216.350;    0.000
355.465;  755.825;  224.350;    0.000
355.520;  742.825;  221.350;    0.000
355.575;  768.825;  255.350;    0.000
355.630;  817.825;  225.350;    0.000
355.684;  748.825;  210.350;    0.000
355.739;  741.825;  232.350;    0.000
355.794;  787.825;  202.350;    0.000
355.849;  728.825;  211.350;    0.000
355.904;  778.825;  226.350;    0.000
355.958;  760.825;  191.350;    0.000
356.013;  716.825;  208.350;    0.000
356.068;  773.825;  229.350;    0.000
356.123;  782.825;  243.350;    0.000
356.177;  777.825;  227.350;    0.000
356.232;  772.825;  243.350;    0.000
356.287;  796.825;  216.350;    0.000
356.341;  756.825;  242.350;    0.000
356.396;  709.825;  175.350;    0.000
356.451;  780.825;  271.350;    0.000
356.505;  768.825;  225.350;    0.000
356.560;  778.825;  260.350;    0.000
356.615;  758.825;  213.350;    0.000
356.669;  796.825;  213.350;    0.000
356.724;  790.825;  221.350;    0.000
356.778;  734.825;  232.350;    0.000
356.833;  713.825;  178.350;    0.000
356.888;  773.825;  236.350;    0.000
356.942;  766.825;  224.350;    0.000
356.997;  825.825;  228.350;    0.000
357.051;  751.825;  226.350;    0.000
357.106;  788.825;  185.350;    0.000
357.160;  736.825;  202.350;    0.000
357.215;  679.825;  232.350;    0.000
357.269;  772.825;  224.350;    0.000
357.324;  761.825;  219.350;    0.000
357.378;  750.825;  196.350;    0.000
357.433;  750.825;  241.350;    0.000
357.487;  789.825;  244.350;    0.000
357.542;  778.825;  210.350;    0.000
357.596;  786.825;  231.350;    0.000
357.651;  787.825;  248.350;    0.000
357.705;  759.825;  232.350;    0.000
357.760;  760.825;  224.350;    0.000
357.814;  817.825;  221.350;    0.000
357.868;  787.825;  207.350;    0.000
357.923;  767.825;  234.350;    0.000
357.977;  707.825;  218.350;    0.000
358.032;  718.825;  244.350;    0.000
358.086;  732.825;  246.350;    0.000
358.140;  787.825;  235.350;    0.000
358.195;  699.825;  237.350;    0.000
358.249;  761.825;  233.350;    0.000
358.303;  825.825;  254.350;    0.000
358.358;  718.825;  217.350;    0.000
358.412;  775.825;  245.350;    0.000
358.466;  779.825;  230.350;    0.000
358.521;  786.825;  214.350;    0.000
358.575;  778.825;  243.350;    0.000
358.629;  725.825;  230.350;    0.000
358.683;  787.825;  232.350;    0.000
358.738;  775.825;  249.350;    0.000
358.792;  723.825;  249.350;    0.000
358.846;  761.825;  271.350;    0.000
358.900;  730.825;  265.350;    0.000
358.954;  725.825;  236.350;    0.000
359.009;  741.825;  254.350;    0.000
359.063;  699.825;  216.350;    0.000
359.117;  760.825;  245.350;    0.000
359.171;  797.825;  252.350;    0.000
359.225;  794.825;  240.350;    0.000
359.280;  720.825;  239.350;    0.000
359.334;  751.825;  234.350;    0.000
359.388;  750.825;  258.350;    0.000
359.442;  746.825;  220.350;    0.000
359.496;  673.825;  206.350;    0.000
359.550;  766.825;  279.350;    0.000
359.604;  793.825;  263.350;    0.000
359.658;  725.825;  251.350;    0.000
359.712;  767.825;  244.350;    0.000
359.766;  734.825;  217.350;    0.000
359.820;  713.825;  235.350;    0.000
359.875;  758.825;  249.350;    0.000
359.929;  702.825;  269.350;    0.000
359.983;  721.825;  240.350;    0.000
360.037;  765.825;  252.350;    0.000
360.091;  746.825;  271.350;    0.000
360.145;  753.825;  222.350;    0.000
360.199;  775.825;  302.350;    0.000
360.253;  738.825;  234.350;    0.000
360.306;  798.825;  258.350;    0.000
360.360;  751.825;  249.350;    0.000
360.414;  790.825;  231.350;    0.000
360.468;  823.825;  261.350;    0.000
360.522;  701.825;  277.350;    0.000
360.576;  739.825;  273.350;    0.000
360.630;  785.825;  264.350;    0.000
360.684;  769.825;  223.350;    0.000
360.738;  791.825;  266.350;    0.000
360.792;  764.825;  252.350;    0.000
360.846;  787.825;  234.350;    0.000
360.899;  802.825;  296.350;    0.000
360.953;  800.825;  273.350;    0.000
361.007;  811.825;  251.350;    0.000
361.061;  742.825;  250.350;    0.000
361.115;  755.825;  267.350;    0.000
361.168;  779.825;  308.350;    0.000
361.222;  700.825;  246.350;    0.000
361.276;  771.825;  261.350;    0.000
361.330;  747.825;  233.350;    0.000
361.384;  705.825;  269.350;    0.000
361.437;  739.825;  270.350;    0.000
361.491;  732.825;  263.350;    0.000
361.545;  775.825;  288.350;    0.000
361.599;  791.825;  270.350;    0.000
361.652;  766.825;  256.350;    0.000
361.706;  801.825;  263.350;    0.000
361.760;  698.825;  237.350;    0.000
361.813;  725.825;  278.350;    0.000
361.867;  835.825;  317.350;    0.000
361.921;  719.825;  260.350;    0.000
361.974;  798.825;  239.350;    0.000
362.028;  749.825;  266.350;    0.000
362.082;  778.825;  269.350;    0.000
362.135;  707.825;  262.350;    0.000
362.189;  747.825;  258.350;    0.000
362.242;  811.825;  273.350;    0.000
362.296;  776.825;  261.350;    0.000
362.350;  755.825;  272.350;    0.000
362.403;  741.825;  291.350;    0.000
362.457;  715.825;  253.350;    0.000
362.510;  751.825;  266.350;    0.000
362.564;  726.825;  260.350;    0.000
362.617;  759.825;  280.350;    0.000
362.671;  736.825;  281.350;    0.000
362.724;  693.825;  234.350;    0.000
362.778;  775.825;  311.350;    0.000
362.831;  769.825;  276.350;    0.000
362.885;  797.825;  288.350;    0.000
362.938;  746.825;  284.350;    0.000
362.992;  280.825;  245.350;    0.000
363.045;  265.825;  277.350;    0.000
363.099;  250.825;  246.350;    0.000
363.152;  292.825;  290.350;    0.000
363.205;  281.825;  256.350;    0.000
363.259;  290.825;  238.350;    0.000
363.312;  318.825;  290.350;    0.000
363.366;  313.825;  287.350;    0.000
363.419;  306.825;  279.350;    0.000
363.472;  320.825;  304.350;    0.000
363.526;  299.825;  305.350;    0.000
363.579;  277.825;  281.350;    0.000
363.632;  284.825;  279.350;    0.000
363.686;  275.825;  277.350;    0.000
363.739;  296.825;  268.350;    0.000
363.792;  275.825;  274.350;    0.000

