
Integration time [ms]:   0.300
Averaging Nr. [scans]: 1
Smoothing Nr. [pixels]: 0
Data measured with spectrometer [name]: UV1
Wave   ;Sample   ;Dark     ;Reference
[nm]   ;[counts] ;[counts] ;[counts] 

236.381;  150.850;  160.350;    0.000
236.451;  178.850;  198.350;    0.000
236.520;  164.850;  179.350;    0.000
236.590;  207.850;  205.350;    0.000
236.660;  177.850;  199.350;    0.000
236.730;  199.850;  178.350;    0.000
236.799;  215.850;  201.350;    0.000
236.869;  158.850;  197.350;    0.000
236.939;  172.850;  180.350;    0.000
237.009;  203.850;  165.350;    0.000
237.078;  174.850;  191.350;    0.000
237.148;  180.850;  146.350;    0.000
237.218;  191.850;  142.350;    0.000
237.287;  186.850;  190.350;    0.000
237.357;  156.850;  182.350;    0.000
237.427;  121.850;  139.350;    0.000
237.496;  510.850;  221.350;    0.000
237.566;  500.850;  183.350;    0.000
237.636;  447.850;  157.350;    0.000
237.705;  514.850;  189.350;    0.000
237.775;  449.850;  169.350;    0.000
237.845;  501.850;  156.350;    0.000
237.914;  450.850;  185.350;    0.000
237.984;  516.850;  194.350;    0.000
238.054;  541.850;  138.350;    0.000
238.123;  485.850;  166.350;    0.000
238.193;  459.850;  174.350;    0.000
238.263;  467.850;  158.350;    0.000
238.332;  452.850;  167.350;    0.000
238.402;  507.850;  173.350;    0.000
238.471;  451.850;  153.350;    0.000
238.541;  476.850;  167.350;    0.000
238.611;  416.850;  165.350;    0.000
238.680;  488.850;  157.350;    0.000
238.750;  508.850;  152.350;    0.000
238.819;  444.850;  190.350;    0.000
238.889;  464.850;  151.350;    0.000
238.958;  466.850;  166.350;    0.000
239.028;  500.850;  180.350;    0.000
239.097;  492.850;  170.350;    0.000
239.167;  490.850;  177.350;    0.000
239.237;  448.850;  195.350;    0.000
239.306;  441.850;  145.350;    0.000
239.376;  518.850;  158.350;    0.000
239.445;  500.850;  187.350;    0.000
239.515;  461.850;  160.350;    0.000
239.584;  440.850;  173.350;    0.000
239.654;  435.850;  184.350;    0.000
239.723;  511.850;  195.350;    0.000
239.793;  506.850;  183.350;    0.000
239.862;  441.850;  190.350;    0.000
239.932;  476.850;  168.350;    0.000
240.001;  440.850;  164.350;    0.000
240.070;  500.850;  183.350;    0.000
240.140;  483.850;  175.350;    0.000
240.209;  427.850;  135.350;    0.000
240.279;  504.850;  176.350;    0.000
240.348;  472.850;  184.350;    0.000
240.418;  468.850;  157.350;    0.000
240.487;  470.850;  189.350;    0.000
240.556;  436.850;  157.350;    0.000
240.626;  456.850;  174.350;    0.000
240.695;  452.850;  180.350;    0.000
240.765;  552.850;  152.350;    0.000
240.834;  453.850;  136.350;    0.000
240.903;  516.850;  196.350;    0.000
240.973;  476.850;  183.350;    0.000
241.042;  440.850;  150.350;    0.000
241.112;  518.850;  168.350;    0.000
241.181;  471.850;  152.350;    0.000
241.250;  422.850;  132.350;    0.000
241.320;  514.850;  209.350;    0.000
241.389;  506.850;  169.350;    0.000
241.458;  519.850;  204.350;    0.000
241.528;  470.850;  176.350;    0.000
241.597;  493.850;  170.350;    0.000
241.666;  451.850;  168.350;    0.000
241.736;  499.850;  172.350;    0.000
241.805;  488.850;  160.350;    0.000
241.874;  475.850;  176.350;    0.000
241.943;  467.850;  165.350;    0.000
242.013;  454.850;  206.350;    0.000
242.082;  464.850;  162.350;    0.000
242.151;  424.850;  180.350;    0.000
242.221;  470.850;  154.350;    0.000
242.290;  468.850;  122.350;    0.000
242.359;  433.850;  121.350;    0.000
242.428;  484.850;  187.350;    0.000
242.498;  448.850;  140.350;    0.000
242.567;  441.850;  173.350;    0.000
242.636;  446.850;  155.350;    0.000
242.705;  431.850;  108.350;    0.000
242.774;  458.850;  145.350;    0.000
242.844;  452.850;  162.350;    0.000
242.913;  437.850;  178.350;    0.000
242.982;  433.850;  163.350;    0.000
243.051;  424.850;  138.350;    0.000
243.120;  471.850;  172.350;    0.000
243.190;  408.850;  155.350;    0.000
243.259;  497.850;  159.350;    0.000
243.328;  425.850;  173.350;    0.000
243.397;  464.850;  175.350;    0.000
243.466;  404.850;  170.350;    0.000
243.535;  446.850;  161.350;    0.000
243.605;  459.850;  149.350;    0.000
243.674;  455.850;  162.350;    0.000
243.743;  456.850;  175.350;    0.000
243.812;  436.850;  159.350;    0.000
243.881;  477.850;  158.350;    0.000
243.950;  438.850;  154.350;    0.000
244.019;  480.850;  185.350;    0.000
244.088;  420.850;  175.350;    0.000
244.158;  498.850;  167.350;    0.000
244.227;  415.850;  159.350;    0.000
244.296;  439.850;  143.350;    0.000
244.365;  430.850;  182.350;    0.000
244.434;  386.850;  117.350;    0.000
244.503;  475.850;  109.350;    0.000
244.572;  408.850;  147.350;    0.000
244.641;  382.850;  129.350;    0.000
244.710;  493.850;  159.350;    0.000
244.779;  461.850;  166.350;    0.000
244.848;  470.850;  122.350;    0.000
244.917;  460.850;  167.350;    0.000
244.986;  453.850;  158.350;    0.000
245.055;  459.850;  175.350;    0.000
245.124;  435.850;  153.350;    0.000
245.193;  447.850;  155.350;    0.000
245.262;  398.850;  137.350;    0.000
245.331;  495.850;  145.350;    0.000
245.400;  390.850;  107.350;    0.000
245.469;  470.850;  162.350;    0.000
245.538;  424.850;  165.350;    0.000
245.607;  481.850;  178.350;    0.000
245.676;  440.850;  166.350;    0.000
245.745;  427.850;  169.350;    0.000
245.814;  459.850;  155.350;    0.000
245.883;  436.850;  186.350;    0.000
245.952;  441.850;  165.350;    0.000
246.021;  372.850;  169.350;    0.000
246.090;  450.850;  170.350;    0.000
246.159;  388.850;  155.350;    0.000
246.227;  438.850;  161.350;    0.000
246.296;  405.850;  142.350;    0.000
246.365;  424.850;  160.350;    0.000
246.434;  465.850;  199.350;    0.000
246.503;  400.850;  155.350;    0.000
246.572;  417.850;  206.350;    0.000
246.641;  375.850;  177.350;    0.000
246.710;  442.850;  178.350;    0.000
246.779;  465.850;  193.350;    0.000
246.847;  412.850;  147.350;    0.000
246.916;  377.850;  131.350;    0.000
246.985;  420.850;  168.350;    0.000
247.054;  415.850;  143.350;    0.000
247.123;  399.850;  130.350;    0.000
247.192;  426.850;  175.350;    0.000
247.260;  419.850;  171.350;    0.000
247.329;  406.850;  162.350;    0.000
247.398;  428.850;  163.350;    0.000
247.467;  390.850;  155.350;    0.000
247.536;  451.850;  149.350;    0.000
247.604;  438.850;  191.350;    0.000
247.673;  401.850;  193.350;    0.000
247.742;  406.850;  159.350;    0.000
247.811;  379.850;  167.350;    0.000
247.879;  364.850;  176.350;    0.000
247.948;  387.850;  157.350;    0.000
248.017;  417.850;  150.350;    0.000
248.086;  461.850;  153.350;    0.000
248.154;  414.850;  157.350;    0.000
248.223;  414.850;  198.350;    0.000
248.292;  412.850;  188.350;    0.000
248.361;  435.850;  157.350;    0.000
248.429;  383.850;  138.350;    0.000
248.498;  417.850;  166.350;    0.000
248.567;  415.850;  179.350;    0.000
248.635;  430.850;  210.350;    0.000
248.704;  410.850;  168.350;    0.000
248.773;  412.850;  147.350;    0.000
248.841;  369.850;  155.350;    0.000
248.910;  450.850;  183.350;    0.000
248.979;  405.850;  171.350;    0.000
249.047;  433.850;  152.350;    0.000
249.116;  426.850;  155.350;    0.000
249.185;  463.850;  217.350;    0.000
249.253;  373.850;  149.350;    0.000
249.322;  437.850;  167.350;    0.000
249.390;  369.850;  182.350;    0.000
249.459;  429.850;  173.350;    0.000
249.528;  386.850;  162.350;    0.000
249.596;  401.850;  162.350;    0.000
249.665;  385.850;  163.350;    0.000
249.733;  415.850;  147.350;    0.000
249.802;  429.850;  170.350;    0.000
249.871;  417.850;  179.350;    0.000
249.939;  397.850;  179.350;    0.000
250.008;  441.850;  201.350;    0.000
250.076;  440.850;  189.350;    0.000
250.145;  409.850;  171.350;    0.000
250.213;  391.850;  161.350;    0.000
250.282;  403.850;  171.350;    0.000
250.350;  391.850;  138.350;    0.000
250.419;  412.850;  172.350;    0.000
250.487;  409.850;  207.350;    0.000
250.556;  408.850;  160.350;    0.000
250.624;  400.850;  187.350;    0.000
250.693;  358.850;  141.350;    0.000
250.761;  364.850;  182.350;    0.000
250.830;  475.850;  203.350;    0.000
250.898;  386.850;  160.350;    0.000
250.967;  364.850;  143.350;    0.000
251.035;  323.850;  142.350;    0.000
251.104;  352.850;  159.350;    0.000
251.172;  380.850;  189.350;    0.000
251.241;  361.850;  134.350;    0.000
251.309;  368.850;  179.350;    0.000
251.378;  332.850;  203.350;    0.000
251.446;  354.850;  151.350;    0.000
251.514;  376.850;  176.350;    0.000
251.583;  381.850;  173.350;    0.000
251.651;  400.850;  163.350;    0.000
251.720;  378.850;  151.350;    0.000
251.788;  403.850;  205.350;    0.000
251.856;  366.850;  126.350;    0.000
251.925;  387.850;  118.350;    0.000
251.993;  406.850;  139.350;    0.000
252.062;  359.850;  161.350;    0.000
252.130;  356.850;  180.350;    0.000
252.198;  371.850;  141.350;    0.000
252.267;  400.850;  145.350;    0.000
252.335;  383.850;  159.350;    0.000
252.403;  360.850;  158.350;    0.000
252.472;  324.850;  142.350;    0.000
252.540;  376.850;  162.350;    0.000
252.608;  402.850;  180.350;    0.000
252.677;  348.850;  137.350;    0.000
252.745;  398.850;  183.350;    0.000
252.813;  368.850;  151.350;    0.000
252.881;  312.850;  109.350;    0.000
252.950;  363.850;  174.350;    0.000
253.018;  352.850;  136.350;    0.000
253.086;  329.850;  149.350;    0.000
253.155;  318.850;  127.350;    0.000
253.223;  298.850;  156.350;    0.000
253.291;  350.850;  163.350;    0.000
253.359;  354.850;  174.350;    0.000
253.428;  329.850;  174.350;    0.000
253.496;  313.850;  161.350;    0.000
253.564;  301.850;  128.350;    0.000
253.632;  327.850;  153.350;    0.000
253.700;  325.850;  185.350;    0.000
253.769;  291.850;  163.350;    0.000
253.837;  315.850;  176.350;    0.000
253.905;  319.850;  164.350;    0.000
253.973;  320.850;  156.350;    0.000
254.041;  307.850;  154.350;    0.000
254.110;  310.850;  165.350;    0.000
254.178;  296.850;  148.350;    0.000
254.246;  326.850;  138.350;    0.000
254.314;  302.850;  164.350;    0.000
254.382;  260.850;  167.350;    0.000
254.450;  253.850;  134.350;    0.000
254.518;  328.850;  192.350;    0.000
254.587;  293.850;  139.350;    0.000
254.655;  333.850;  162.350;    0.000
254.723;  270.850;  131.350;    0.000
254.791;  331.850;  181.350;    0.000
254.859;  320.850;  146.350;    0.000
254.927;  359.850;  189.350;    0.000
254.995;  287.850;  141.350;    0.000
255.063;  343.850;  181.350;    0.000
255.131;  258.850;  156.350;    0.000
255.199;  300.850;  175.350;    0.000
255.267;  298.850;  120.350;    0.000
255.336;  328.850;  186.350;    0.000
255.404;  282.850;  134.350;    0.000
255.472;  315.850;  172.350;    0.000
255.540;  300.850;  157.350;    0.000
255.608;  325.850;  186.350;    0.000
255.676;  328.850;  155.350;    0.000
255.744;  333.850;  143.350;    0.000
255.812;  280.850;  134.350;    0.000
255.880;  336.850;  188.350;    0.000
255.948;  315.850;  163.350;    0.000
256.016;  354.850;  175.350;    0.000
256.084;  353.850;  191.350;    0.000
256.152;  340.850;  187.350;    0.000
256.220;  290.850;  152.350;    0.000
256.288;  302.850;  141.350;    0.000
256.356;  297.850;  139.350;    0.000
256.424;  321.850;  121.350;    0.000
256.491;  324.850;  139.350;    0.000
256.559;  335.850;  144.350;    0.000
256.627;  377.850;  158.350;    0.000
256.695;  335.850;  121.350;    0.000
256.763;  373.850;  150.350;    0.000
256.831;  330.850;  181.350;    0.000
256.899;  334.850;  146.350;    0.000
256.967;  345.850;   71.350;    0.000
257.035;  320.850;  164.350;    0.000
257.103;  359.850;  191.350;    0.000
257.171;  327.850;  140.350;    0.000
257.238;  333.850;  165.350;    0.000
257.306;  349.850;  127.350;    0.000
257.374;  396.850;  120.350;    0.000
257.442;  346.850;  139.350;    0.000
257.510;  366.850;  158.350;    0.000
257.578;  289.850;  164.350;    0.000
257.646;  359.850;  151.350;    0.000
257.713;  384.850;  136.350;    0.000
257.781;  295.850;  137.350;    0.000
257.849;  377.850;  151.350;    0.000
257.917;  347.850;  154.350;    0.000
257.985;  342.850;  113.350;    0.000
258.052;  330.850;  140.350;    0.000
258.120;  392.850;  176.350;    0.000
258.188;  375.850;  157.350;    0.000
258.256;  350.850;  153.350;    0.000
258.324;  383.850;  184.350;    0.000
258.391;  369.850;  144.350;    0.000
258.459;  396.850;  162.350;    0.000
258.527;  398.850;  154.350;    0.000
258.595;  357.850;  122.350;    0.000
258.662;  362.850;  164.350;    0.000
258.730;  409.850;  114.350;    0.000
258.798;  342.850;  131.350;    0.000
258.865;  363.850;  171.350;    0.000
258.933;  407.850;  145.350;    0.000
259.001;  407.850;  150.350;    0.000
259.069;  373.850;  123.350;    0.000
259.136;  437.850;  139.350;    0.000
259.204;  442.850;  165.350;    0.000
259.272;  442.850;  114.350;    0.000
259.339;  398.850;  179.350;    0.000
259.407;  395.850;  153.350;    0.000
259.475;  405.850;  143.350;    0.000
259.542;  435.850;  136.350;    0.000
259.610;  411.850;  133.350;    0.000
259.677;  433.850;  159.350;    0.000
259.745;  416.850;  130.350;    0.000
259.813;  427.850;  175.350;    0.000
259.880;  470.850;  158.350;    0.000
259.948;  498.850;  124.350;    0.000
260.016;  473.850;  105.350;    0.000
260.083;  472.850;  169.350;    0.000
260.151;  466.850;  133.350;    0.000
260.218;  463.850;  143.350;    0.000
260.286;  483.850;  134.350;    0.000
260.353;  481.850;  160.350;    0.000
260.421;  450.850;  128.350;    0.000
260.489;  497.850;  150.350;    0.000
260.556;  478.850;  179.350;    0.000
260.624;  502.850;  113.350;    0.000
260.691;  461.850;  128.350;    0.000
260.759;  495.850;  146.350;    0.000
260.826;  459.850;  111.350;    0.000
260.894;  457.850;  115.350;    0.000
260.961;  475.850;  138.350;    0.000
261.029;  513.850;  152.350;    0.000
261.096;  540.850;  175.350;    0.000
261.164;  528.850;  131.350;    0.000
261.231;  543.850;  141.350;    0.000
261.299;  528.850;  125.350;    0.000
261.366;  511.850;  142.350;    0.000
261.434;  498.850;  133.350;    0.000
261.501;  490.850;  137.350;    0.000
261.568;  490.850;  184.350;    0.000
261.636;  524.850;  138.350;    0.000
261.703;  574.850;  161.350;    0.000
261.771;  571.850;  160.350;    0.000
261.838;  539.850;  178.350;    0.000
261.906;  501.850;  128.350;    0.000
261.973;  582.850;  139.350;    0.000
262.040;  603.850;  148.350;    0.000
262.108;  536.850;  130.350;    0.000
262.175;  520.850;  117.350;    0.000
262.243;  565.850;  174.350;    0.000
262.310;  569.850;  145.350;    0.000
262.377;  560.850;  108.350;    0.000
262.445;  576.850;  147.350;    0.000
262.512;  554.850;  124.350;    0.000
262.579;  589.850;  127.350;    0.000
262.647;  559.850;  166.350;    0.000
262.714;  630.850;  150.350;    0.000
262.781;  608.850;  121.350;    0.000
262.849;  591.850;  126.350;    0.000
262.916;  609.850;  119.350;    0.000
262.983;  618.850;  155.350;    0.000
263.051;  601.850;  137.350;    0.000
263.118;  618.850;  160.350;    0.000
263.185;  584.850;  151.350;    0.000
263.252;  597.850;  167.350;    0.000
263.320;  607.850;  123.350;    0.000
263.387;  579.850;  134.350;    0.000
263.454;  641.850;  144.350;    0.000
263.522;  612.850;  153.350;    0.000
263.589;  609.850;  161.350;    0.000
263.656;  622.850;  117.350;    0.000
263.723;  614.850;  101.350;    0.000
263.790;  605.850;  128.350;    0.000
263.858;  640.850;  142.350;    0.000
263.925;  697.850;  182.350;    0.000
263.992;  659.850;  146.350;    0.000
264.059;  681.850;  132.350;    0.000
264.126;  655.850;  154.350;    0.000
264.194;  640.850;  153.350;    0.000
264.261;  725.850;  157.350;    0.000
264.328;  676.850;  171.350;    0.000
264.395;  671.850;  166.350;    0.000
264.462;  718.850;  165.350;    0.000
264.529;  670.850;  124.350;    0.000
264.597;  671.850;  120.350;    0.000
264.664;  682.850;  159.350;    0.000
264.731;  688.850;  145.350;    0.000
264.798;  717.850;  100.350;    0.000
264.865;  715.850;  166.350;    0.000
264.932;  680.850;  132.350;    0.000
264.999;  715.850;  137.350;    0.000
265.066;  658.850;  124.350;    0.000
265.133;  719.850;  162.350;    0.000
265.201;  730.850;  163.350;    0.000
265.268;  620.850;  174.350;    0.000
265.335;  734.850;  132.350;    0.000
265.402;  699.850;  116.350;    0.000
265.469;  698.850;  121.350;    0.000
265.536;  669.850;  157.350;    0.000
265.603;  750.850;  151.350;    0.000
265.670;  711.850;  164.350;    0.000
265.737;  776.850;  142.350;    0.000
265.804;  731.850;  146.350;    0.000
265.871;  783.850;  168.350;    0.000
265.938;  759.850;  131.350;    0.000
266.005;  810.850;  208.350;    0.000
266.072;  776.850;  125.350;    0.000
266.139;  852.850;  161.350;    0.000
266.206;  754.850;  134.350;    0.000
266.273;  770.850;  155.350;    0.000
266.340;  781.850;  122.350;    0.000
266.407;  844.850;  134.350;    0.000
266.474;  766.850;  126.350;    0.000
266.541;  797.850;  153.350;    0.000
266.608;  791.850;  129.350;    0.000
266.675;  801.850;  185.350;    0.000
266.742;  822.850;  153.350;    0.000
266.808;  785.850;  169.350;    0.000
266.875;  853.850;  156.350;    0.000
266.942;  830.850;  172.350;    0.000
267.009;  811.850;  150.350;    0.000
267.076;  865.850;  184.350;    0.000
267.143;  817.850;  170.350;    0.000
267.210;  765.850;  132.350;    0.000
267.277;  733.850;  146.350;    0.000
267.344;  784.850;  159.350;    0.000
267.410;  807.850;  174.350;    0.000
267.477;  805.850;  169.350;    0.000
267.544;  799.850;  130.350;    0.000
267.611;  811.850;  169.350;    0.000
267.678;  796.850;  197.350;    0.000
267.745;  862.850;  185.350;    0.000
267.811;  825.850;  160.350;    0.000
267.878;  810.850;  143.350;    0.000
267.945;  784.850;  126.350;    0.000
268.012;  808.850;  172.350;    0.000
268.079;  859.850;  156.350;    0.000
268.145;  847.850;  128.350;    0.000
268.212;  827.850;  107.350;    0.000
268.279;  834.850;  135.350;    0.000
268.346;  820.850;  166.350;    0.000
268.412;  784.850;  150.350;    0.000
268.479;  854.850;  176.350;    0.000
268.546;  840.850;  119.350;    0.000
268.613;  815.850;  201.350;    0.000
268.679;  814.850;  141.350;    0.000
268.746;  808.850;  177.350;    0.000
268.813;  849.850;  134.350;    0.000
268.879;  854.850;  141.350;    0.000
268.946;  792.850;  172.350;    0.000
269.013;  831.850;  150.350;    0.000
269.079;  816.850;  124.350;    0.000
269.146;  821.850;  135.350;    0.000
269.213;  813.850;  200.350;    0.000
269.280;  806.850;  142.350;    0.000
269.346;  862.850;  153.350;    0.000
269.413;  806.850;  140.350;    0.000
269.479;  809.850;  171.350;    0.000
269.546;  821.850;  156.350;    0.000
269.613;  767.850;  145.350;    0.000
269.679;  815.850;  168.350;    0.000
269.746;  821.850;  136.350;    0.000
269.813;  787.850;  153.350;    0.000
269.879;  871.850;  162.350;    0.000
269.946;  824.850;  156.350;    0.000
270.012;  896.850;  178.350;    0.000
270.079;  807.850;  132.350;    0.000
270.145;  788.850;  146.350;    0.000
270.212;  872.850;  145.350;    0.000
270.279;  850.850;  184.350;    0.000
270.345;  800.850;  143.350;    0.000
270.412;  840.850;  158.350;    0.000
270.478;  790.850;  143.350;    0.000
270.545;  834.850;  150.350;    0.000
270.611;  861.850;  156.350;    0.000
270.678;  798.850;  121.350;    0.000
270.744;  814.850;  161.350;    0.000
270.811;  831.850;  173.350;    0.000
270.877;  815.850;  115.350;    0.000
270.944;  863.850;  114.350;    0.000
271.010;  855.850;  122.350;    0.000
271.077;  789.850;  142.350;    0.000
271.143;  790.850;  152.350;    0.000
271.210;  816.850;  135.350;    0.000
271.276;  808.850;  107.350;    0.000
271.342;  864.850;  173.350;    0.000
271.409;  805.850;  171.350;    0.000
271.475;  835.850;  136.350;    0.000
271.542;  780.850;  121.350;    0.000
271.608;  788.850;  133.350;    0.000
271.675;  808.850;  136.350;    0.000
271.741;  797.850;  151.350;    0.000
271.807;  776.850;  130.350;    0.000
271.874;  832.850;  168.350;    0.000
271.940;  884.850;  156.350;    0.000
272.007;  846.850;  122.350;    0.000
272.073;  829.850;  121.350;    0.000
272.139;  816.850;  137.350;    0.000
272.206;  828.850;  152.350;    0.000
272.272;  882.850;  162.350;    0.000
272.338;  853.850;  197.350;    0.000
272.405;  837.850;  144.350;    0.000
272.471;  828.850;  160.350;    0.000
272.537;  854.850;  142.350;    0.000
272.604;  869.850;  141.350;    0.000
272.670;  855.850;  182.350;    0.000
272.736;  853.850;  126.350;    0.000
272.802;  870.850;  146.350;    0.000
272.869;  845.850;  163.350;    0.000
272.935;  823.850;  132.350;    0.000
273.001;  868.850;  119.350;    0.000
273.068;  837.850;  137.350;    0.000
273.134;  855.850;  155.350;    0.000
273.200;  873.850;  165.350;    0.000
273.266;  812.850;  156.350;    0.000
273.333;  796.850;  143.350;    0.000
273.399;  805.850;  128.350;    0.000
273.465;  886.850;  167.350;    0.000
273.531;  841.850;  122.350;    0.000
273.597;  924.850;  182.350;    0.000
273.664;  946.850;  177.350;    0.000
273.730;  843.850;  124.350;    0.000
273.796;  849.850;  143.350;    0.000
273.862;  897.850;  155.350;    0.000
273.928;  902.850;  137.350;    0.000
273.995;  891.850;  188.350;    0.000
274.061;  936.850;  154.350;    0.000
274.127;  879.850;  161.350;    0.000
274.193;  867.850;   95.350;    0.000
274.259;  871.850;  128.350;    0.000
274.325;  890.850;  146.350;    0.000
274.391;  874.850;  113.350;    0.000
274.457;  926.850;  150.350;    0.000
274.524;  900.850;  165.350;    0.000
274.590;  908.850;  140.350;    0.000
274.656;  913.850;  165.350;    0.000
274.722;  885.850;  118.350;    0.000
274.788;  871.850;  143.350;    0.000
274.854;  940.850;  150.350;    0.000
274.920;  878.850;   88.350;    0.000
274.986; 1001.850;  178.350;    0.000
275.052;  965.850;  145.350;    0.000
275.118;  856.850;  105.350;    0.000
275.184;  966.850;  129.350;    0.000
275.250; 1009.850;  138.350;    0.000
275.316;  915.850;  173.350;    0.000
275.382;  925.850;  106.350;    0.000
275.448; 1010.850;  160.350;    0.000
275.514;  989.850;  162.350;    0.000
275.580; 1029.850;  135.350;    0.000
275.646; 1036.850;  120.350;    0.000
275.712;  955.850;  157.350;    0.000
275.778; 1029.850;  128.350;    0.000
275.844; 1033.850;  117.350;    0.000
275.910; 1037.850;  121.350;    0.000
275.976; 1058.850;  172.350;    0.000
276.042; 1018.850;  114.350;    0.000
276.108; 1103.850;  200.350;    0.000
276.174; 1149.850;  132.350;    0.000
276.240; 1071.850;  128.350;    0.000
276.306; 1069.850;  124.350;    0.000
276.372; 1215.850;  133.350;    0.000
276.437; 1214.850;  146.350;    0.000
276.503; 1265.850;  136.350;    0.000
276.569; 1218.850;  162.350;    0.000
276.635; 1215.850;  128.350;    0.000
276.701; 1248.850;  148.350;    0.000
276.767; 1227.850;  155.350;    0.000
276.833; 1247.850;  128.350;    0.000
276.899; 1339.850;  145.350;    0.000
276.964; 1354.850;  124.350;    0.000
277.030; 1432.850;  130.350;    0.000
277.096; 1422.850;  139.350;    0.000
277.162; 1434.850;  164.350;    0.000
277.228; 1556.850;  108.350;    0.000
277.293; 1537.850;  138.350;    0.000
277.359; 1610.850;  123.350;    0.000
277.425; 1747.850;  183.350;    0.000
277.491; 1795.850;  144.350;    0.000
277.557; 2134.850;  130.350;    0.000
277.622; 2891.850;  151.350;    0.000
277.688; 2861.850;  169.350;    0.000
277.754; 2950.850;  199.350;    0.000
277.820; 3266.850;  170.350;    0.000
277.885; 3717.850;  173.350;    0.000
277.951; 4796.850;  187.350;    0.000
278.017; 4129.850;  152.350;    0.000
278.083; 3461.850;  137.350;    0.000
278.148; 3505.850;  147.350;    0.000
278.214; 3501.850;  162.350;    0.000
278.280; 3680.850;  171.350;    0.000
278.345; 3303.850;  174.350;    0.000
278.411; 2989.850;  152.350;    0.000
278.477; 3147.850;  173.350;    0.000
278.542; 3309.850;  161.350;    0.000
278.608; 3616.850;  155.350;    0.000
278.674; 3980.850;  169.350;    0.000
278.739; 4363.850;  142.350;    0.000
278.805; 4872.850;  164.350;    0.000
278.871; 5699.850;  160.350;    0.000
278.936; 7054.850;  121.350;    0.000
279.002;10100.850;  166.350;    0.000
279.067;13376.850;  199.350;    0.000
279.133;13294.850;  150.350;    0.000
279.199;12444.850;  154.350;    0.000
279.264;13029.850;  154.350;    0.000
279.330;15236.850;  159.350;    0.000
279.395;20174.850;  143.350;    0.000
279.461;25231.850;  173.350;    0.000
279.527;28100.850;  163.350;    0.000
279.592;26477.850;  167.350;    0.000
279.658;22688.850;  189.350;    0.000
279.723;21477.850;  153.350;    0.000
279.789;21906.850;  174.350;    0.000
279.854;19700.850;  129.350;    0.000
279.920;16415.850;  165.350;    0.000
279.985;15074.850;  152.350;    0.000
280.051;15109.850;  164.350;    0.000
280.116;18223.850;  187.350;    0.000
280.182;23862.850;  160.350;    0.000
280.247;26952.850;  124.350;    0.000
280.313;23423.850;  154.350;    0.000
280.378;16873.850;  152.350;    0.000
280.444;12272.850;  165.350;    0.000
280.509; 9815.850;  164.350;    0.000
280.574; 8232.850;  160.350;    0.000
280.640; 7164.850;  167.350;    0.000
280.705; 6277.850;  190.350;    0.000
280.771; 5678.850;  154.350;    0.000
280.836; 5158.850;  158.350;    0.000
280.902; 4810.850;  124.350;    0.000
280.967; 4468.850;  179.350;    0.000
281.032; 4283.850;  187.350;    0.000
281.098; 3979.850;  155.350;    0.000
281.163; 3741.850;  133.350;    0.000
281.229; 3663.850;  170.350;    0.000
281.294; 3336.850;  175.350;    0.000
281.359; 3274.850;  163.350;    0.000
281.425; 3152.850;  161.350;    0.000
281.490; 2945.850;  162.350;    0.000
281.555; 2736.850;  137.350;    0.000
281.621; 2804.850;  163.350;    0.000
281.686; 2733.850;  155.350;    0.000
281.751; 2712.850;  158.350;    0.000
281.816; 2503.850;  139.350;    0.000
281.882; 2416.850;  150.350;    0.000
281.947; 2400.850;  165.350;    0.000
282.012; 2309.850;  171.350;    0.000
282.078; 2236.850;  177.350;    0.000
282.143; 2166.850;  149.350;    0.000
282.208; 2206.850;  181.350;    0.000
282.273; 2214.850;  166.350;    0.000
282.339; 2103.850;  165.350;    0.000
282.404; 2006.850;  166.350;    0.000
282.469; 2025.850;  150.350;    0.000
282.534; 1965.850;  176.350;    0.000
282.600; 1909.850;  117.350;    0.000
282.665; 1984.850;  134.350;    0.000
282.730; 1863.850;  155.350;    0.000
282.795; 1903.850;  193.350;    0.000
282.860; 1851.850;  160.350;    0.000
282.926; 1817.850;  174.350;    0.000
282.991; 1758.850;  161.350;    0.000
283.056; 1720.850;  157.350;    0.000
283.121; 1756.850;  178.350;    0.000
283.186; 1756.850;  152.350;    0.000
283.251; 1719.850;  167.350;    0.000
283.316; 1785.850;  186.350;    0.000
283.382; 1736.850;  148.350;    0.000
283.447; 1702.850;  191.350;    0.000
283.512; 1664.850;  132.350;    0.000
283.577; 1694.850;  179.350;    0.000
283.642; 1659.850;  185.350;    0.000
283.707; 1634.850;  136.350;    0.000
283.772; 1609.850;  119.350;    0.000
283.837; 1520.850;  136.350;    0.000
283.902; 1559.850;  135.350;    0.000
283.967; 1590.850;  146.350;    0.000
284.032; 1707.850;  140.350;    0.000
284.097; 1689.850;  199.350;    0.000
284.163; 1602.850;  144.350;    0.000
284.228; 1622.850;  183.350;    0.000
284.293; 1599.850;  141.350;    0.000
284.358; 1662.850;  146.350;    0.000
284.423; 1621.850;  127.350;    0.000
284.488; 1711.850;  186.350;    0.000
284.553; 1797.850;  155.350;    0.000
284.618; 1750.850;  118.350;    0.000
284.683; 1751.850;  145.350;    0.000
284.748; 1977.850;  139.350;    0.000
284.812; 2048.850;  147.350;    0.000
284.877; 2249.850;  123.350;    0.000
284.942; 2605.850;  153.350;    0.000
285.007; 3222.850;  168.350;    0.000
285.072; 4621.850;  181.350;    0.000
285.137; 7334.850;  147.350;    0.000
285.202; 9627.850;  175.350;    0.000
285.267; 8375.850;  182.350;    0.000
285.332; 5469.850;  136.350;    0.000
285.397; 4059.850;  138.350;    0.000
285.462; 3103.850;  151.350;    0.000
285.527; 2746.850;  159.350;    0.000
285.591; 2424.850;  177.350;    0.000
285.656; 2237.850;  144.350;    0.000
285.721; 1998.850;  125.350;    0.000
285.786; 2000.850;  169.350;    0.000
285.851; 1887.850;  175.350;    0.000
285.916; 1736.850;  164.350;    0.000
285.981; 1719.850;  134.350;    0.000
286.045; 1715.850;  154.350;    0.000
286.110; 1652.850;  136.350;    0.000
286.175; 1612.850;  155.350;    0.000
286.240; 1622.850;  138.350;    0.000
286.305; 1570.850;  213.350;    0.000
286.369; 1528.850;  221.350;    0.000
286.434; 1618.850;  172.350;    0.000
286.499; 1476.850;  161.350;    0.000
286.564; 1547.850;  189.350;    0.000
286.628; 1429.850;  144.350;    0.000
286.693; 1510.850;  176.350;    0.000
286.758; 1427.850;  168.350;    0.000
286.823; 1512.850;  142.350;    0.000
286.887; 1412.850;  134.350;    0.000
286.952; 1383.850;  180.350;    0.000
287.017; 1415.850;  204.350;    0.000
287.082; 1414.850;  120.350;    0.000
287.146; 1440.850;  173.350;    0.000
287.211; 1372.850;  167.350;    0.000
287.276; 1426.850;  164.350;    0.000
287.340; 1406.850;  138.350;    0.000
287.405; 1351.850;  172.350;    0.000
287.470; 1360.850;  142.350;    0.000
287.534; 1440.850;  155.350;    0.000
287.599; 1447.850;  166.350;    0.000
287.663; 1337.850;  171.350;    0.000
287.728; 1382.850;  190.350;    0.000
287.793; 1500.850;  197.350;    0.000
287.857; 1380.850;  165.350;    0.000
287.922; 1398.850;  147.350;    0.000
287.987; 1391.850;  167.350;    0.000
288.051; 1427.850;  151.350;    0.000
288.116; 1354.850;  154.350;    0.000
288.180; 1384.850;  186.350;    0.000
288.245; 1401.850;  161.350;    0.000
288.309; 1402.850;  177.350;    0.000
288.374; 1392.850;  151.350;    0.000
288.439; 1383.850;  169.350;    0.000
288.503; 1334.850;  133.350;    0.000
288.568; 1423.850;  206.350;    0.000
288.632; 1311.850;  192.350;    0.000
288.697; 1340.850;  183.350;    0.000
288.761; 1374.850;  148.350;    0.000
288.826; 1323.850;  136.350;    0.000
288.890; 1286.850;  185.350;    0.000
288.955; 1290.850;  150.350;    0.000
289.019; 1300.850;  165.350;    0.000
289.084; 1237.850;  150.350;    0.000
289.148; 1350.850;  146.350;    0.000
289.212; 1363.850;  172.350;    0.000
289.277; 1305.850;  177.350;    0.000
289.341; 1272.850;  190.350;    0.000
289.406; 1247.850;  117.350;    0.000
289.470; 1283.850;  173.350;    0.000
289.535; 1372.850;  170.350;    0.000
289.599; 1251.850;  154.350;    0.000
289.663; 1278.850;  173.350;    0.000
289.728; 1328.850;  176.350;    0.000
289.792; 1276.850;  138.350;    0.000
289.857; 1298.850;  203.350;    0.000
289.921; 1304.850;  143.350;    0.000
289.985; 1223.850;  150.350;    0.000
290.050; 1284.850;  170.350;    0.000
290.114; 1190.850;  125.350;    0.000
290.178; 1345.850;  161.350;    0.000
290.243; 1252.850;  119.350;    0.000
290.307; 1402.850;  169.350;    0.000
290.371; 1312.850;  169.350;    0.000
290.436; 1323.850;  170.350;    0.000
290.500; 1303.850;  144.350;    0.000
290.564; 1312.850;  179.350;    0.000
290.629; 1339.850;  166.350;    0.000
290.693; 1320.850;  156.350;    0.000
290.757; 1342.850;  147.350;    0.000
290.821; 1276.850;  170.350;    0.000
290.886; 1302.850;  167.350;    0.000
290.950; 1332.850;  187.350;    0.000
291.014; 1300.850;  164.350;    0.000
291.078; 1313.850;  115.350;    0.000
291.143; 1292.850;  149.350;    0.000
291.207; 1355.850;  163.350;    0.000
291.271; 1320.850;  177.350;    0.000
291.335; 1344.850;  148.350;    0.000
291.399; 1319.850;  155.350;    0.000
291.464; 1478.850;  114.350;    0.000
291.528; 1490.850;  153.350;    0.000
291.592; 1434.850;  156.350;    0.000
291.656; 1416.850;  170.350;    0.000
291.720; 1400.850;  159.350;    0.000
291.784; 1489.850;  159.350;    0.000
291.849; 1435.850;  154.350;    0.000
291.913; 1393.850;  118.350;    0.000
291.977; 1372.850;  157.350;    0.000
292.041; 1352.850;  163.350;    0.000
292.105; 1395.850;  135.350;    0.000
292.169; 1398.850;  155.350;    0.000
292.233; 1399.850;  163.350;    0.000
292.297; 1382.850;  144.350;    0.000
292.361; 1402.850;  143.350;    0.000
292.425; 1520.850;  177.350;    0.000
292.490; 1459.850;  159.350;    0.000
292.554; 1556.850;  137.350;    0.000
292.618; 1683.850;  144.350;    0.000
292.682; 1717.850;  169.350;    0.000
292.746; 1924.850;  166.350;    0.000
292.810; 2552.850;  147.350;    0.000
292.874; 3074.850;  160.350;    0.000
292.938; 3082.850;  174.350;    0.000
293.002; 2869.850;  148.350;    0.000
293.066; 2602.850;  115.350;    0.000
293.130; 2454.850;  133.350;    0.000
293.194; 2215.850;  148.350;    0.000
293.258; 2267.850;  167.350;    0.000
293.322; 2233.850;  166.350;    0.000
293.386; 2321.850;  193.350;    0.000
293.450; 2407.850;  142.350;    0.000
293.514; 2658.850;  170.350;    0.000
293.577; 3374.850;  153.350;    0.000
293.641; 4415.850;  171.350;    0.000
293.705; 4849.850;  168.350;    0.000
293.769; 4336.850;  155.350;    0.000
293.833; 3807.850;  161.350;    0.000
293.897; 3437.850;  124.350;    0.000
293.961; 3018.850;  165.350;    0.000
294.025; 2843.850;  118.350;    0.000
294.089; 2614.850;  125.350;    0.000
294.152; 2404.850;  160.350;    0.000
294.216; 2207.850;  160.350;    0.000
294.280; 2239.850;  158.350;    0.000
294.344; 2098.850;  119.350;    0.000
294.408; 1981.850;  168.350;    0.000
294.472; 1816.850;  156.350;    0.000
294.536; 1832.850;  192.350;    0.000
294.599; 1806.850;  171.350;    0.000
294.663; 1669.850;  139.350;    0.000
294.727; 1795.850;  136.350;    0.000
294.791; 1690.850;  118.350;    0.000
294.855; 1688.850;  118.350;    0.000
294.918; 1587.850;  127.350;    0.000
294.982; 1635.850;  167.350;    0.000
295.046; 1528.850;  178.350;    0.000
295.110; 1515.850;  157.350;    0.000
295.173; 1494.850;  101.350;    0.000
295.237; 1520.850;  145.350;    0.000
295.301; 1456.850;  135.350;    0.000
295.364; 1526.850;  185.350;    0.000
295.428; 1420.850;  112.350;    0.000
295.492; 1375.850;  142.350;    0.000
295.556; 1426.850;  170.350;    0.000
295.619; 1412.850;  193.350;    0.000
295.683; 1333.850;  144.350;    0.000
295.747; 1366.850;  152.350;    0.000
295.810; 1342.850;  139.350;    0.000
295.874; 1299.850;  157.350;    0.000
295.938; 1374.850;  128.350;    0.000
296.001; 1351.850;  164.350;    0.000
296.065; 1333.850;  184.350;    0.000
296.128; 1283.850;  127.350;    0.000
296.192; 1312.850;  166.350;    0.000
296.256; 1285.850;  154.350;    0.000
296.319; 1304.850;  128.350;    0.000
296.383; 1241.850;  146.350;    0.000
296.447; 1308.850;  155.350;    0.000
296.510; 1280.850;  177.350;    0.000
296.574; 1293.850;  169.350;    0.000
296.637; 1296.850;  140.350;    0.000
296.701; 1303.850;  181.350;    0.000
296.764; 1268.850;  131.350;    0.000
296.828; 1276.850;  194.350;    0.000
296.891; 1227.850;  146.350;    0.000
296.955; 1220.850;  160.350;    0.000
297.018; 1220.850;  174.350;    0.000
297.082; 1242.850;  153.350;    0.000
297.145; 1196.850;  133.350;    0.000
297.209; 1250.850;  149.350;    0.000
297.272; 1254.850;  150.350;    0.000
297.336; 1296.850;  119.350;    0.000
297.399; 1165.850;  160.350;    0.000
297.463; 1198.850;  158.350;    0.000
297.526; 1249.850;  160.350;    0.000
297.590; 1143.850;  173.350;    0.000
297.653; 1236.850;  121.350;    0.000
297.717; 1203.850;  168.350;    0.000
297.780; 1165.850;  131.350;    0.000
297.843; 1209.850;  154.350;    0.000
297.907; 1200.850;  126.350;    0.000
297.970; 1184.850;  180.350;    0.000
298.034; 1280.850;  140.350;    0.000
298.097; 1223.850;  207.350;    0.000
298.160; 1205.850;  177.350;    0.000
298.224; 1084.850;  165.350;    0.000
298.287; 1184.850;  160.350;    0.000
298.350; 1192.850;  176.350;    0.000
298.414; 1132.850;  155.350;    0.000
298.477; 1097.850;  132.350;    0.000
298.540; 1192.850;  162.350;    0.000
298.604; 1162.850;  180.350;    0.000
298.667; 1196.850;  208.350;    0.000
298.730; 1144.850;  177.350;    0.000
298.794; 1123.850;  126.350;    0.000
298.857; 1120.850;  171.350;    0.000
298.920; 1057.850;  124.350;    0.000
298.984; 1130.850;  146.350;    0.000
299.047; 1090.850;  140.350;    0.000
299.110; 1070.850;  159.350;    0.000
299.173; 1138.850;  177.350;    0.000
299.237; 1185.850;  196.350;    0.000
299.300; 1059.850;  121.350;    0.000
299.363; 1065.850;  172.350;    0.000
299.426; 1049.850;  117.350;    0.000
299.489; 1003.850;  138.350;    0.000
299.553; 1081.850;  198.350;    0.000
299.616; 1100.850;  158.350;    0.000
299.679; 1147.850;  148.350;    0.000
299.742; 1065.850;  138.350;    0.000
299.805; 1056.850;  157.350;    0.000
299.868; 1073.850;  183.350;    0.000
299.932; 1112.850;  137.350;    0.000
299.995; 1030.850;  152.350;    0.000
300.058; 1109.850;  171.350;    0.000
300.121; 1076.850;  172.350;    0.000
300.184; 1069.850;  161.350;    0.000
300.247; 1112.850;  156.350;    0.000
300.310; 1001.850;  154.350;    0.000
300.374; 1077.850;  147.350;    0.000
300.437; 1138.850;  144.350;    0.000
300.500; 1047.850;  152.350;    0.000
300.563; 1100.850;  160.350;    0.000
300.626; 1059.850;  167.350;    0.000
300.689; 1033.850;  193.350;    0.000
300.752; 1011.850;  134.350;    0.000
300.815; 1108.850;  194.350;    0.000
300.878; 1128.850;  156.350;    0.000
300.941; 1096.850;  177.350;    0.000
301.004; 1037.850;  160.350;    0.000
301.067; 1100.850;  153.350;    0.000
301.130; 1036.850;  167.350;    0.000
301.193; 1032.850;  156.350;    0.000
301.256; 1098.850;  176.350;    0.000
301.319; 1029.850;  172.350;    0.000
301.382; 1114.850;  150.350;    0.000
301.445; 1056.850;  183.350;    0.000
301.508; 1032.850;  118.350;    0.000
301.571; 1031.850;  142.350;    0.000
301.634; 1097.850;  164.350;    0.000
301.697;  973.850;  169.350;    0.000
301.760; 1076.850;  197.350;    0.000
301.823; 1018.850;  155.350;    0.000
301.885; 1074.850;  165.350;    0.000
301.948; 1061.850;  168.350;    0.000
302.011; 1089.850;  172.350;    0.000
302.074; 1070.850;  182.350;    0.000
302.137; 1019.850;  161.350;    0.000
302.200; 1051.850;  174.350;    0.000
302.263; 1025.850;  158.350;    0.000
302.326;  987.850;  168.350;    0.000
302.388; 1029.850;  165.350;    0.000
302.451; 1028.850;  158.350;    0.000
302.514;  984.850;  181.350;    0.000
302.577; 1093.850;  147.350;    0.000
302.640; 1058.850;  178.350;    0.000
302.703; 1041.850;  164.350;    0.000
302.765; 1050.850;  149.350;    0.000
302.828; 1038.850;  192.350;    0.000
302.891; 1097.850;  201.350;    0.000
302.954; 1009.850;  135.350;    0.000
303.016; 1081.850;  180.350;    0.000
303.079; 1073.850;  192.350;    0.000
303.142; 1103.850;  176.350;    0.000
303.205; 1023.850;  176.350;    0.000
303.267; 1027.850;  163.350;    0.000
303.330; 1037.850;  162.350;    0.000
303.393; 1063.850;  164.350;    0.000
303.456; 1052.850;  180.350;    0.000
303.518; 1098.850;  162.350;    0.000
303.581; 1082.850;  137.350;    0.000
303.644; 1035.850;  135.350;    0.000
303.706; 1072.850;  170.350;    0.000
303.769; 1086.850;  216.350;    0.000
303.832; 1077.850;  143.350;    0.000
303.894; 1047.850;  162.350;    0.000
303.957; 1048.850;  149.350;    0.000
304.020; 1058.850;  111.350;    0.000
304.082; 1097.850;  158.350;    0.000
304.145; 1063.850;  149.350;    0.000
304.207; 1044.850;  169.350;    0.000
304.270; 1012.850;  170.350;    0.000
304.333; 1123.850;  185.350;    0.000
304.395; 1031.850;  179.350;    0.000
304.458; 1064.850;  174.350;    0.000
304.520; 1082.850;  160.350;    0.000
304.583; 1086.850;  175.350;    0.000
304.646; 1042.850;  160.350;    0.000
304.708; 1074.850;  173.350;    0.000
304.771; 1020.850;  115.350;    0.000
304.833; 1059.850;  172.350;    0.000
304.896; 1067.850;  187.350;    0.000
304.958; 1033.850;  142.350;    0.000
305.021; 1039.850;  164.350;    0.000
305.083; 1062.850;  139.350;    0.000
305.146; 1048.850;  162.350;    0.000
305.208; 1090.850;  135.350;    0.000
305.271; 1067.850;  159.350;    0.000
305.333; 1114.850;  210.350;    0.000
305.396; 1107.850;  151.350;    0.000
305.458; 1050.850;  195.350;    0.000
305.520; 1031.850;  179.350;    0.000
305.583; 1078.850;  157.350;    0.000
305.645; 1053.850;  187.350;    0.000
305.708; 1128.850;  159.350;    0.000
305.770; 1067.850;  189.350;    0.000
305.833; 1044.850;  147.350;    0.000
305.895; 1053.850;  154.350;    0.000
305.957; 1109.850;  143.350;    0.000
306.020; 1018.850;  133.350;    0.000
306.082; 1080.850;  146.350;    0.000
306.144; 1110.850;  171.350;    0.000
306.207; 1061.850;  151.350;    0.000
306.269; 1089.850;  169.350;    0.000
306.331; 1057.850;  162.350;    0.000
306.394; 1068.850;  171.350;    0.000
306.456; 1045.850;  155.350;    0.000
306.518; 1109.850;  183.350;    0.000
306.581; 1069.850;  180.350;    0.000
306.643; 1057.850;  199.350;    0.000
306.705; 1038.850;  163.350;    0.000
306.768; 1109.850;  183.350;    0.000
306.830; 1117.850;  183.350;    0.000
306.892; 1145.850;  190.350;    0.000
306.954; 1141.850;  161.350;    0.000
307.017; 1107.850;  151.350;    0.000
307.079; 1079.850;  147.350;    0.000
307.141; 1137.850;  179.350;    0.000
307.203; 1109.850;  143.350;    0.000
307.266; 1125.850;  142.350;    0.000
307.328; 1218.850;  161.350;    0.000
307.390; 1134.850;  189.350;    0.000
307.452; 1137.850;  155.350;    0.000
307.514; 1167.850;  211.350;    0.000
307.577; 1187.850;  201.350;    0.000
307.639; 1181.850;  192.350;    0.000
307.701; 1143.850;  162.350;    0.000
307.763; 1161.850;  155.350;    0.000
307.825; 1180.850;  193.350;    0.000
307.887; 1204.850;  214.350;    0.000
307.949; 1165.850;  208.350;    0.000
308.012; 1168.850;  175.350;    0.000
308.074; 1199.850;  155.350;    0.000
308.136; 1212.850;  172.350;    0.000
308.198; 1212.850;  171.350;    0.000
308.260; 1143.850;  182.350;    0.000
308.322; 1172.850;  177.350;    0.000
308.384; 1206.850;  207.350;    0.000
308.446; 1198.850;  170.350;    0.000
308.508; 1192.850;  177.350;    0.000
308.570; 1198.850;  195.350;    0.000
308.632; 1250.850;  190.350;    0.000
308.694; 1231.850;  161.350;    0.000
308.756; 1291.850;  173.350;    0.000
308.818; 1276.850;  190.350;    0.000
308.880; 1269.850;  197.350;    0.000
308.942; 1237.850;  223.350;    0.000
309.004; 1272.850;  176.350;    0.000
309.066; 1260.850;  182.350;    0.000
309.128; 1298.850;  185.350;    0.000
309.190; 1329.850;  166.350;    0.000
309.252; 1355.850;  191.350;    0.000
309.314; 1420.850;  208.350;    0.000
309.376; 1404.850;  205.350;    0.000
309.438; 1387.850;  166.350;    0.000
309.500; 1357.850;  195.350;    0.000
309.562; 1336.850;  163.350;    0.000
309.624; 1432.850;  162.350;    0.000
309.686; 1428.850;  194.350;    0.000
309.747; 1434.850;  179.350;    0.000
309.809; 1413.850;  211.350;    0.000
309.871; 1392.850;  191.350;    0.000
309.933; 1244.850;  151.350;    0.000
309.995; 1260.850;  179.350;    0.000
310.057; 1279.850;  175.350;    0.000
310.119; 1281.850;  161.350;    0.000
310.180; 1242.850;  167.350;    0.000
310.242; 1246.850;  171.350;    0.000
310.304; 1322.850;  209.350;    0.000
310.366; 1288.850;  229.350;    0.000
310.428; 1189.850;  132.350;    0.000
310.489; 1187.850;  165.350;    0.000
310.551; 1225.850;  193.350;    0.000
310.613; 1211.850;  182.350;    0.000
310.675; 1278.850;  186.350;    0.000
310.737; 1201.850;  192.350;    0.000
310.798; 1220.850;  194.350;    0.000
310.860; 1269.850;  220.350;    0.000
310.922; 1220.850;  161.350;    0.000
310.983; 1195.850;  203.350;    0.000
311.045; 1281.850;  198.350;    0.000
311.107; 1262.850;  179.350;    0.000
311.169; 1213.850;  154.350;    0.000
311.230; 1216.850;  134.350;    0.000
311.292; 1270.850;  215.350;    0.000
311.354; 1217.850;  171.350;    0.000
311.415; 1283.850;  195.350;    0.000
311.477; 1201.850;  185.350;    0.000
311.539; 1198.850;  183.350;    0.000
311.600; 1273.850;  183.350;    0.000
311.662; 1179.850;  207.350;    0.000
311.724; 1270.850;  193.350;    0.000
311.785; 1271.850;  180.350;    0.000
311.847; 1169.850;  155.350;    0.000
311.908; 1181.850;  179.350;    0.000
311.970; 1218.850;  193.350;    0.000
312.032; 1197.850;  188.350;    0.000
312.093; 1252.850;  166.350;    0.000
312.155; 1219.850;  147.350;    0.000
312.216; 1143.850;  177.350;    0.000
312.278; 1209.850;  162.350;    0.000
312.339; 1215.850;  158.350;    0.000
312.401; 1228.850;  181.350;    0.000
312.462; 1182.850;  153.350;    0.000
312.524; 1170.850;  186.350;    0.000
312.585; 1217.850;  191.350;    0.000
312.647; 1196.850;  131.350;    0.000
312.708; 1192.850;  170.350;    0.000
312.770; 1279.850;  194.350;    0.000
312.831; 1191.850;  161.350;    0.000
312.893; 1207.850;  179.350;    0.000
312.954; 1298.850;  183.350;    0.000
313.016; 1234.850;  189.350;    0.000
313.077; 1196.850;  169.350;    0.000
313.139; 1282.850;  148.350;    0.000
313.200; 1294.850;  155.350;    0.000
313.261; 1227.850;  213.350;    0.000
313.323; 1237.850;  162.350;    0.000
313.384; 1260.850;  160.350;    0.000
313.446; 1205.850;  202.350;    0.000
313.507; 1261.850;  149.350;    0.000
313.568; 1250.850;  194.350;    0.000
313.630; 1193.850;  163.350;    0.000
313.691; 1176.850;  158.350;    0.000
313.752; 1263.850;  179.350;    0.000
313.814; 1167.850;  180.350;    0.000
313.875; 1245.850;  191.350;    0.000
313.936; 1201.850;  169.350;    0.000
313.998; 1206.850;  165.350;    0.000
314.059; 1266.850;  211.350;    0.000
314.120; 1182.850;  190.350;    0.000
314.182; 1235.850;  185.350;    0.000
314.243; 1255.850;  186.350;    0.000
314.304; 1237.850;  178.350;    0.000
314.365; 1225.850;  187.350;    0.000
314.427; 1259.850;  145.350;    0.000
314.488; 1300.850;  184.350;    0.000
314.549; 1288.850;  181.350;    0.000
314.610; 1243.850;  151.350;    0.000
314.672; 1207.850;  153.350;    0.000
314.733; 1230.850;  148.350;    0.000
314.794; 1250.850;  156.350;    0.000
314.855; 1276.850;  196.350;    0.000
314.917; 1190.850;  157.350;    0.000
314.978; 1216.850;  174.350;    0.000
315.039; 1253.850;  168.350;    0.000
315.100; 1197.850;  154.350;    0.000
315.161; 1222.850;  176.350;    0.000
315.222; 1261.850;  198.350;    0.000
315.283; 1178.850;  169.350;    0.000
315.345; 1233.850;  162.350;    0.000
315.406; 1227.850;  199.350;    0.000
315.467; 1163.850;  180.350;    0.000
315.528; 1241.850;  179.350;    0.000
315.589; 1165.850;  166.350;    0.000
315.650; 1239.850;  179.350;    0.000
315.711; 1174.850;  177.350;    0.000
315.772; 1236.850;  180.350;    0.000
315.833; 1221.850;  157.350;    0.000
315.894; 1241.850;  133.350;    0.000
315.955; 1260.850;  205.350;    0.000
316.016; 1207.850;  190.350;    0.000
316.078; 1234.850;  174.350;    0.000
316.139; 1213.850;  208.350;    0.000
316.200; 1187.850;  166.350;    0.000
316.261; 1184.850;  186.350;    0.000
316.322; 1282.850;  185.350;    0.000
316.383; 1189.850;  179.350;    0.000
316.444; 1239.850;  172.350;    0.000
316.504; 1270.850;  181.350;    0.000
316.565; 1204.850;  197.350;    0.000
316.626; 1167.850;  196.350;    0.000
316.687; 1203.850;  173.350;    0.000
316.748; 1234.850;  178.350;    0.000
316.809; 1241.850;  178.350;    0.000
316.870; 1232.850;  134.350;    0.000
316.931; 1342.850;  166.350;    0.000
316.992; 1252.850;  200.350;    0.000
317.053; 1215.850;  169.350;    0.000
317.114; 1189.850;  185.350;    0.000
317.175; 1322.850;  213.350;    0.000
317.235; 1279.850;  199.350;    0.000
317.296; 1260.850;  190.350;    0.000
317.357; 1210.850;  152.350;    0.000
317.418; 1255.850;  192.350;    0.000
317.479; 1301.850;  170.350;    0.000
317.540; 1228.850;  179.350;    0.000
317.601; 1230.850;  155.350;    0.000
317.661; 1211.850;  154.350;    0.000
317.722; 1294.850;  190.350;    0.000
317.783; 1183.850;  149.350;    0.000
317.844; 1264.850;  207.350;    0.000
317.904; 1293.850;  153.350;    0.000
317.965; 1224.850;  179.350;    0.000
318.026; 1245.850;  235.350;    0.000
318.087; 1230.850;  184.350;    0.000
318.148; 1254.850;  201.350;    0.000
318.208; 1271.850;  220.350;    0.000
318.269; 1224.850;  175.350;    0.000
318.330; 1261.850;  185.350;    0.000
318.390; 1251.850;  180.350;    0.000
318.451; 1147.850;  164.350;    0.000
318.512; 1218.850;  150.350;    0.000
318.572; 1236.850;  205.350;    0.000
318.633; 1229.850;  224.350;    0.000
318.694; 1264.850;  202.350;    0.000
318.754; 1232.850;  196.350;    0.000
318.815; 1253.850;  187.350;    0.000
318.876; 1234.850;  200.350;    0.000
318.936; 1273.850;  232.350;    0.000
318.997; 1218.850;  211.350;    0.000
319.058; 1270.850;  194.350;    0.000
319.118; 1269.850;  197.350;    0.000
319.179; 1267.850;  162.350;    0.000
319.239; 1239.850;  188.350;    0.000
319.300; 1247.850;  205.350;    0.000
319.361; 1333.850;  179.350;    0.000
319.421; 1263.850;  182.350;    0.000
319.482; 1246.850;  189.350;    0.000
319.542; 1210.850;  180.350;    0.000
319.603; 1154.850;  204.350;    0.000
319.663; 1243.850;  195.350;    0.000
319.724; 1148.850;  135.350;    0.000
319.784; 1175.850;  184.350;    0.000
319.845; 1227.850;  160.350;    0.000
319.905; 1231.850;  206.350;    0.000
319.966; 1250.850;  203.350;    0.000
320.026; 1314.850;  203.350;    0.000
320.087; 1224.850;  206.350;    0.000
320.147; 1204.850;  180.350;    0.000
320.208; 1146.850;  189.350;    0.000
320.268; 1285.850;  179.350;    0.000
320.329; 1195.850;  215.350;    0.000
320.389; 1224.850;  193.350;    0.000
320.449; 1280.850;  210.350;    0.000
320.510; 1233.850;  206.350;    0.000
320.570; 1261.850;  221.350;    0.000
320.631; 1302.850;  203.350;    0.000
320.691; 1218.850;  190.350;    0.000
320.751; 1168.850;  205.350;    0.000
320.812; 1229.850;  191.350;    0.000
320.872; 1215.850;  216.350;    0.000
320.932; 1353.850;  209.350;    0.000
320.993; 1237.850;  189.350;    0.000
321.053; 1306.850;  228.350;    0.000
321.113; 1241.850;  163.350;    0.000
321.174; 1304.850;  204.350;    0.000
321.234; 1223.850;  214.350;    0.000
321.294; 1253.850;  184.350;    0.000
321.355; 1245.850;  216.350;    0.000
321.415; 1231.850;  187.350;    0.000
321.475; 1246.850;  216.350;    0.000
321.535; 1296.850;  189.350;    0.000
321.596; 1201.850;  186.350;    0.000
321.656; 1231.850;  204.350;    0.000
321.716; 1266.850;  183.350;    0.000
321.776; 1229.850;  194.350;    0.000
321.837; 1246.850;  190.350;    0.000
321.897; 1257.850;  219.350;    0.000
321.957; 1266.850;  222.350;    0.000
322.017; 1239.850;  183.350;    0.000
322.077; 1269.850;  239.350;    0.000
322.138; 1239.850;  219.350;    0.000
322.198; 1217.850;  185.350;    0.000
322.258; 1245.850;  231.350;    0.000
322.318; 1228.850;  197.350;    0.000
322.378; 1269.850;  179.350;    0.000
322.438; 1248.850;  217.350;    0.000
322.499; 1285.850;  238.350;    0.000
322.559; 1269.850;  197.350;    0.000
322.619; 1188.850;  204.350;    0.000
322.679; 1205.850;  199.350;    0.000
322.739; 1264.850;  194.350;    0.000
322.799; 1227.850;  203.350;    0.000
322.859; 1245.850;  234.350;    0.000
322.919; 1278.850;  194.350;    0.000
322.979; 1269.850;  219.350;    0.000
323.039; 1258.850;  193.350;    0.000
323.099; 1236.850;  207.350;    0.000
323.159; 1273.850;  213.350;    0.000
323.219; 1263.850;  171.350;    0.000
323.279; 1303.850;  215.350;    0.000
323.339; 1237.850;  170.350;    0.000
323.399; 1304.850;  195.350;    0.000
323.459; 1301.850;  234.350;    0.000
323.519; 1302.850;  201.350;    0.000
323.579; 1264.850;  167.350;    0.000
323.639; 1299.850;  209.350;    0.000
323.699; 1284.850;  217.350;    0.000
323.759; 1265.850;  213.350;    0.000
323.819; 1217.850;  216.350;    0.000
323.879; 1260.850;  193.350;    0.000
323.939; 1300.850;  182.350;    0.000
323.999; 1304.850;  206.350;    0.000
324.059; 1269.850;  196.350;    0.000
324.119; 1271.850;  240.350;    0.000
324.178; 1196.850;  186.350;    0.000
324.238; 1210.850;  179.350;    0.000
324.298; 1230.850;  195.350;    0.000
324.358; 1251.850;  208.350;    0.000
324.418; 1278.850;  190.350;    0.000
324.478; 1256.850;  197.350;    0.000
324.538; 1297.850;  157.350;    0.000
324.597; 1255.850;  219.350;    0.000
324.657; 1268.850;  176.350;    0.000
324.717; 1291.850;  179.350;    0.000
324.777; 1170.850;  190.350;    0.000
324.837; 1199.850;  172.350;    0.000
324.896; 1212.850;  199.350;    0.000
324.956; 1270.850;  216.350;    0.000
325.016; 1278.850;  191.350;    0.000
325.076; 1277.850;  185.350;    0.000
325.135; 1234.850;  174.350;    0.000
325.195; 1260.850;  175.350;    0.000
325.255; 1213.850;  144.350;    0.000
325.315; 1261.850;  201.350;    0.000
325.374; 1289.850;  198.350;    0.000
325.434; 1191.850;  181.350;    0.000
325.494; 1304.850;  183.350;    0.000
325.553; 1247.850;  172.350;    0.000
325.613; 1365.850;  200.350;    0.000
325.673; 1231.850;  177.350;    0.000
325.732; 1256.850;  174.350;    0.000
325.792; 1238.850;  181.350;    0.000
325.852; 1250.850;  214.350;    0.000
325.911; 1233.850;  230.350;    0.000
325.971; 1280.850;  198.350;    0.000
326.031; 1286.850;  201.350;    0.000
326.090; 1185.850;  214.350;    0.000
326.150; 1207.850;  163.350;    0.000
326.209; 1195.850;  207.350;    0.000
326.269; 1248.850;  201.350;    0.000
326.328; 1297.850;  208.350;    0.000
326.388; 1257.850;  169.350;    0.000
326.448; 1324.850;  229.350;    0.000
326.507; 1262.850;  243.350;    0.000
326.567; 1168.850;  162.350;    0.000
326.626; 1207.850;  200.350;    0.000
326.686; 1233.850;  166.350;    0.000
326.745; 1322.850;  178.350;    0.000
326.805; 1205.850;  185.350;    0.000
326.864; 1258.850;  209.350;    0.000
326.924; 1270.850;  234.350;    0.000
326.983; 1207.850;  197.350;    0.000
327.043; 1263.850;  217.350;    0.000
327.102; 1243.850;  174.350;    0.000
327.161; 1205.850;  172.350;    0.000
327.221; 1257.850;  183.350;    0.000
327.280; 1186.850;  200.350;    0.000
327.340; 1288.850;  200.350;    0.000
327.399; 1300.850;  219.350;    0.000
327.459; 1195.850;  246.350;    0.000
327.518; 1241.850;  217.350;    0.000
327.577; 1293.850;  212.350;    0.000
327.637; 1286.850;  188.350;    0.000
327.696; 1290.850;  201.350;    0.000
327.755; 1272.850;  199.350;    0.000
327.815; 1263.850;  224.350;    0.000
327.874; 1285.850;  236.350;    0.000
327.933; 1283.850;  182.350;    0.000
327.993; 1275.850;  206.350;    0.000
328.052; 1270.850;  191.350;    0.000
328.111; 1286.850;  222.350;    0.000
328.171; 1251.850;  200.350;    0.000
328.230; 1256.850;  203.350;    0.000
328.289; 1198.850;  219.350;    0.000
328.349; 1241.850;  231.350;    0.000
328.408; 1265.850;  223.350;    0.000
328.467; 1282.850;  226.350;    0.000
328.526; 1250.850;  197.350;    0.000
328.586; 1213.850;  221.350;    0.000
328.645; 1233.850;  199.350;    0.000
328.704; 1245.850;  227.350;    0.000
328.763; 1237.850;  201.350;    0.000
328.822; 1245.850;  230.350;    0.000
328.882; 1261.850;  244.350;    0.000
328.941; 1317.850;  221.350;    0.000
329.000; 1251.850;  207.350;    0.000
329.059; 1253.850;  208.350;    0.000
329.118; 1293.850;  203.350;    0.000
329.177; 1243.850;  198.350;    0.000
329.237; 1299.850;  218.350;    0.000
329.296; 1260.850;  213.350;    0.000
329.355; 1243.850;  208.350;    0.000
329.414; 1349.850;  231.350;    0.000
329.473; 1256.850;  221.350;    0.000
329.532; 1342.850;  243.350;    0.000
329.591; 1308.850;  210.350;    0.000
329.650; 1270.850;  232.350;    0.000
329.709; 1429.850;  211.350;    0.000
329.768; 1396.850;  194.350;    0.000
329.827; 1383.850;  237.350;    0.000
329.886; 1388.850;  213.350;    0.000
329.945; 1447.850;  190.350;    0.000
330.004; 1471.850;  233.350;    0.000
330.063; 1396.850;  191.350;    0.000
330.122; 1548.850;  234.350;    0.000
330.181; 1692.850;  220.350;    0.000
330.240; 1716.850;  191.350;    0.000
330.299; 1554.850;  210.350;    0.000
330.358; 1400.850;  191.350;    0.000
330.417; 1364.850;  225.350;    0.000
330.476; 1368.850;  226.350;    0.000
330.535; 1294.850;  217.350;    0.000
330.594; 1277.850;  205.350;    0.000
330.653; 1236.850;  193.350;    0.000
330.712; 1290.850;  206.350;    0.000
330.771; 1340.850;  175.350;    0.000
330.830; 1257.850;  204.350;    0.000
330.889; 1309.850;  198.350;    0.000
330.948; 1266.850;  198.350;    0.000
331.006; 1223.850;  207.350;    0.000
331.065; 1228.850;  203.350;    0.000
331.124; 1337.850;  210.350;    0.000
331.183; 1221.850;  165.350;    0.000
331.242; 1155.850;  195.350;    0.000
331.301; 1184.850;  191.350;    0.000
331.359; 1240.850;  205.350;    0.000
331.418; 1195.850;  183.350;    0.000
331.477; 1263.850;  198.350;    0.000
331.536; 1172.850;  211.350;    0.000
331.595; 1146.850;  191.350;    0.000
331.653; 1192.850;  232.350;    0.000
331.712; 1184.850;  225.350;    0.000
331.771; 1190.850;  199.350;    0.000
331.830; 1202.850;  189.350;    0.000
331.888; 1257.850;  219.350;    0.000
331.947; 1280.850;  188.350;    0.000
332.006; 1220.850;  180.350;    0.000
332.065; 1225.850;  177.350;    0.000
332.123; 1265.850;  214.350;    0.000
332.182; 1299.850;  223.350;    0.000
332.241; 1250.850;  202.350;    0.000
332.299; 1170.850;  180.350;    0.000
332.358; 1173.850;  206.350;    0.000
332.417; 1199.850;  195.350;    0.000
332.475; 1206.850;  221.350;    0.000
332.534; 1239.850;  207.350;    0.000
332.592; 1157.850;  190.350;    0.000
332.651; 1229.850;  203.350;    0.000
332.710; 1284.850;  219.350;    0.000
332.768; 1211.850;  210.350;    0.000
332.827; 1220.850;  173.350;    0.000
332.885; 1281.850;  239.350;    0.000
332.944; 1183.850;  145.350;    0.000
333.003; 1284.850;  197.350;    0.000
333.061; 1268.850;  179.350;    0.000
333.120; 1258.850;  198.350;    0.000
333.178; 1321.850;  185.350;    0.000
333.237; 1230.850;  204.350;    0.000
333.295; 1358.850;  266.350;    0.000
333.354; 1240.850;  181.350;    0.000
333.412; 1329.850;  189.350;    0.000
333.471; 1339.850;  216.350;    0.000
333.529; 1347.850;  220.350;    0.000
333.588; 1391.850;  193.350;    0.000
333.646; 1406.850;  186.350;    0.000
333.705; 1381.850;  210.350;    0.000
333.763; 1456.850;  222.350;    0.000
333.822; 1386.850;  222.350;    0.000
333.880; 1326.850;  202.350;    0.000
333.938; 1375.850;  205.350;    0.000
333.997; 1355.850;  199.350;    0.000
334.055; 1310.850;  199.350;    0.000
334.114; 1309.850;  237.350;    0.000
334.172; 1257.850;  155.350;    0.000
334.230; 1272.850;  208.350;    0.000
334.289; 1304.850;  191.350;    0.000
334.347; 1293.850;  211.350;    0.000
334.405; 1337.850;  212.350;    0.000
334.464; 1341.850;  179.350;    0.000
334.522; 1334.850;  160.350;    0.000
334.580; 1284.850;  195.350;    0.000
334.639; 1353.850;  191.350;    0.000
334.697; 1263.850;  194.350;    0.000
334.755; 1317.850;  185.350;    0.000
334.814; 1283.850;  214.350;    0.000
334.872; 1294.850;  179.350;    0.000
334.930; 1325.850;  169.350;    0.000
334.988; 1330.850;  201.350;    0.000
335.047; 1343.850;  188.350;    0.000
335.105; 1320.850;  175.350;    0.000
335.163; 1315.850;  191.350;    0.000
335.221; 1319.850;  196.350;    0.000
335.280; 1337.850;  182.350;    0.000
335.338; 1388.850;  202.350;    0.000
335.396; 1366.850;  219.350;    0.000
335.454; 1270.850;  187.350;    0.000
335.512; 1350.850;  236.350;    0.000
335.570; 1289.850;  209.350;    0.000
335.629; 1400.850;  247.350;    0.000
335.687; 1421.850;  219.350;    0.000
335.745; 1389.850;  203.350;    0.000
335.803; 1439.850;  220.350;    0.000
335.861; 1389.850;  208.350;    0.000
335.919; 1420.850;  223.350;    0.000
335.977; 1337.850;  201.350;    0.000
336.035; 1333.850;  193.350;    0.000
336.094; 1302.850;  178.350;    0.000
336.152; 1353.850;  182.350;    0.000
336.210; 1372.850;  199.350;    0.000
336.268; 1393.850;  216.350;    0.000
336.326; 1341.850;  216.350;    0.000
336.384; 1353.850;  201.350;    0.000
336.442; 1301.850;  197.350;    0.000
336.500; 1368.850;  203.350;    0.000
336.558; 1345.850;  198.350;    0.000
336.616; 1419.850;  210.350;    0.000
336.674; 1345.850;  192.350;    0.000
336.732; 1355.850;  182.350;    0.000
336.790; 1302.850;  189.350;    0.000
336.848; 1391.850;  233.350;    0.000
336.906; 1378.850;  235.350;    0.000
336.964; 1387.850;  208.350;    0.000
337.022; 1396.850;  249.350;    0.000
337.080; 1403.850;  204.350;    0.000
337.138; 1372.850;  176.350;    0.000
337.195; 1317.850;  207.350;    0.000
337.253; 1410.850;  214.350;    0.000
337.311; 1340.850;  210.350;    0.000
337.369; 1326.850;  222.350;    0.000
337.427; 1296.850;  236.350;    0.000
337.485; 1281.850;  241.350;    0.000
337.543; 1331.850;  217.350;    0.000
337.601; 1332.850;  221.350;    0.000
337.658; 1297.850;  205.350;    0.000
337.716; 1280.850;  210.350;    0.000
337.774; 1309.850;  196.350;    0.000
337.832; 1284.850;  200.350;    0.000
337.890; 1222.850;  192.350;    0.000
337.947; 1233.850;  192.350;    0.000
338.005; 1238.850;  211.350;    0.000
338.063; 1253.850;  176.350;    0.000
338.121; 1250.850;  222.350;    0.000
338.178; 1233.850;  198.350;    0.000
338.236; 1341.850;  210.350;    0.000
338.294; 1331.850;  211.350;    0.000
338.352; 1281.850;  212.350;    0.000
338.409; 1291.850;  199.350;    0.000
338.467; 1281.850;  205.350;    0.000
338.525; 1285.850;  217.350;    0.000
338.583; 1308.850;  197.350;    0.000
338.640; 1247.850;  226.350;    0.000
338.698; 1178.850;  201.350;    0.000
338.756; 1277.850;  192.350;    0.000
338.813; 1345.850;  220.350;    0.000
338.871; 1336.850;  258.350;    0.000
338.928; 1300.850;  223.350;    0.000
338.986; 1439.850;  200.350;    0.000
339.044; 1341.850;  206.350;    0.000
339.101; 1293.850;  250.350;    0.000
339.159; 1242.850;  245.350;    0.000
339.216; 1348.850;  227.350;    0.000
339.274; 1330.850;  260.350;    0.000
339.332; 1339.850;  223.350;    0.000
339.389; 1311.850;  233.350;    0.000
339.447; 1327.850;  206.350;    0.000
339.504; 1288.850;  229.350;    0.000
339.562; 1349.850;  194.350;    0.000
339.619; 1348.850;  245.350;    0.000
339.677; 1326.850;  238.350;    0.000
339.734; 1302.850;  197.350;    0.000
339.792; 1264.850;  210.350;    0.000
339.849; 1311.850;  201.350;    0.000
339.907; 1354.850;  252.350;    0.000
339.964; 1275.850;  191.350;    0.000
340.022; 1341.850;  246.350;    0.000
340.079; 1362.850;  213.350;    0.000
340.137; 1354.850;  240.350;    0.000
340.194; 1313.850;  208.350;    0.000
340.252; 1294.850;  215.350;    0.000
340.309; 1325.850;  203.350;    0.000
340.366; 1353.850;  194.350;    0.000
340.424; 1321.850;  226.350;    0.000
340.481; 1253.850;  234.350;    0.000
340.538; 1327.850;  205.350;    0.000
340.596; 1297.850;  197.350;    0.000
340.653; 1343.850;  233.350;    0.000
340.711; 1385.850;  273.350;    0.000
340.768; 1391.850;  237.350;    0.000
340.825; 1314.850;  224.350;    0.000
340.883; 1343.850;  240.350;    0.000
340.940; 1334.850;  216.350;    0.000
340.997; 1319.850;  228.350;    0.000
341.054; 1316.850;  200.350;    0.000
341.112; 1373.850;  220.350;    0.000
341.169; 1388.850;  226.350;    0.000
341.226; 1347.850;  206.350;    0.000
341.284; 1386.850;  204.350;    0.000
341.341; 1404.850;  214.350;    0.000
341.398; 1341.850;  160.350;    0.000
341.455; 1388.850;  209.350;    0.000
341.512; 1404.850;  233.350;    0.000
341.570; 1351.850;  240.350;    0.000
341.627; 1348.850;  209.350;    0.000
341.684; 1367.850;  178.350;    0.000
341.741; 1404.850;  254.350;    0.000
341.798; 1362.850;  232.350;    0.000
341.856; 1336.850;  196.350;    0.000
341.913; 1346.850;  244.350;    0.000
341.970; 1342.850;  203.350;    0.000
342.027; 1326.850;  235.350;    0.000
342.084; 1369.850;  214.350;    0.000
342.141; 1358.850;  194.350;    0.000
342.198; 1401.850;  194.350;    0.000
342.255; 1341.850;  219.350;    0.000
342.313; 1435.850;  195.350;    0.000
342.370; 1343.850;  207.350;    0.000
342.427; 1351.850;  217.350;    0.000
342.484; 1403.850;  213.350;    0.000
342.541; 1307.850;  215.350;    0.000
342.598; 1332.850;  247.350;    0.000
342.655; 1238.850;  205.350;    0.000
342.712; 1274.850;  226.350;    0.000
342.769; 1300.850;  212.350;    0.000
342.826; 1310.850;  203.350;    0.000
342.883; 1276.850;  207.350;    0.000
342.940; 1223.850;  204.350;    0.000
342.997; 1315.850;  237.350;    0.000
343.054; 1266.850;  210.350;    0.000
343.111; 1259.850;  209.350;    0.000
343.168; 1270.850;  201.350;    0.000
343.225; 1328.850;  208.350;    0.000
343.282; 1346.850;  216.350;    0.000
343.339; 1347.850;  237.350;    0.000
343.395; 1376.850;  218.350;    0.000
343.452; 1295.850;  234.350;    0.000
343.509; 1344.850;  214.350;    0.000
343.566; 1345.850;  222.350;    0.000
343.623; 1314.850;  226.350;    0.000
343.680; 1334.850;  245.350;    0.000
343.737; 1292.850;  209.350;    0.000
343.794; 1400.850;  227.350;    0.000
343.850; 1411.850;  197.350;    0.000
343.907; 1381.850;  211.350;    0.000
343.964; 1393.850;  190.350;    0.000
344.021; 1404.850;  252.350;    0.000
344.078; 1392.850;  261.350;    0.000
344.134; 1394.850;  206.350;    0.000
344.191; 1379.850;  231.350;    0.000
344.248; 1465.850;  225.350;    0.000
344.305; 1426.850;  210.350;    0.000
344.361; 1400.850;  194.350;    0.000
344.418; 1425.850;  219.350;    0.000
344.475; 1418.850;  245.350;    0.000
344.532; 1337.850;  238.350;    0.000
344.588; 1357.850;  235.350;    0.000
344.645; 1428.850;  229.350;    0.000
344.702; 1405.850;  145.350;    0.000
344.758; 1371.850;  240.350;    0.000
344.815; 1393.850;  215.350;    0.000
344.872; 1333.850;  203.350;    0.000
344.928; 1470.850;  208.350;    0.000
344.985; 1373.850;  216.350;    0.000
345.042; 1482.850;  234.350;    0.000
345.098; 1405.850;  183.350;    0.000
345.155; 1417.850;  241.350;    0.000
345.212; 1349.850;  222.350;    0.000
345.268; 1343.850;  234.350;    0.000
345.325; 1325.850;  181.350;    0.000
345.381; 1395.850;  251.350;    0.000
345.438; 1411.850;  256.350;    0.000
345.495; 1465.850;  247.350;    0.000
345.551; 1496.850;  231.350;    0.000
345.608; 1331.850;  206.350;    0.000
345.664; 1416.850;  201.350;    0.000
345.721; 1368.850;  216.350;    0.000
345.777; 1337.850;  195.350;    0.000
345.834; 1328.850;  195.350;    0.000
345.890; 1326.850;  227.350;    0.000
345.947; 1376.850;  240.350;    0.000
346.003; 1470.850;  248.350;    0.000
346.060; 1349.850;  213.350;    0.000
346.116; 1420.850;  225.350;    0.000
346.173; 1333.850;  199.350;    0.000
346.229; 1328.850;  264.350;    0.000
346.285; 1351.850;  246.350;    0.000
346.342; 1367.850;  240.350;    0.000
346.398; 1400.850;  222.350;    0.000
346.455; 1411.850;  231.350;    0.000
346.511; 1546.850;  214.350;    0.000
346.567; 1504.850;  231.350;    0.000
346.624; 1534.850;  222.350;    0.000
346.680; 1468.850;  197.350;    0.000
346.737; 1432.850;  225.350;    0.000
346.793; 1411.850;  255.350;    0.000
346.849; 1452.850;  245.350;    0.000
346.906; 1485.850;  221.350;    0.000
346.962; 1488.850;  260.350;    0.000
347.018; 1486.850;  238.350;    0.000
347.074; 1536.850;  257.350;    0.000
347.131; 1422.850;  200.350;    0.000
347.187; 1493.850;  232.350;    0.000
347.243; 1490.850;  240.350;    0.000
347.300; 1455.850;  249.350;    0.000
347.356; 1520.850;  250.350;    0.000
347.412; 1363.850;  252.350;    0.000
347.468; 1441.850;  254.350;    0.000
347.524; 1395.850;  280.350;    0.000
347.581; 1398.850;  228.350;    0.000
347.637; 1448.850;  261.350;    0.000
347.693; 1428.850;  238.350;    0.000
347.749; 1421.850;  261.350;    0.000
347.805; 1368.850;  238.350;    0.000
347.862; 1345.850;  246.350;    0.000
347.918; 1358.850;  256.350;    0.000
347.974; 1372.850;  277.350;    0.000
348.030; 1349.850;  242.350;    0.000
348.086; 1336.850;  223.350;    0.000
348.142; 1377.850;  215.350;    0.000
348.198; 1375.850;  272.350;    0.000
348.254; 1374.850;  292.350;    0.000
348.311; 1385.850;  235.350;    0.000
348.367; 1370.850;  263.350;    0.000
348.423; 1335.850;  193.350;    0.000
348.479; 1346.850;  266.350;    0.000
348.535; 1393.850;  238.350;    0.000
348.591; 1405.850;  237.350;    0.000
348.647; 1369.850;  239.350;    0.000
348.703; 1410.850;  240.350;    0.000
348.759; 1339.850;  253.350;    0.000
348.815; 1365.850;  255.350;    0.000
348.871; 1361.850;  256.350;    0.000
348.927; 1347.850;  261.350;    0.000
348.983; 1323.850;  258.350;    0.000
349.039; 1384.850;  204.350;    0.000
349.095; 1373.850;  215.350;    0.000
349.151; 1307.850;  230.350;    0.000
349.207; 1336.850;  216.350;    0.000
349.263; 1416.850;  235.350;    0.000
349.319; 1342.850;  244.350;    0.000
349.374; 1401.850;  213.350;    0.000
349.430; 1410.850;  241.350;    0.000
349.486; 1478.850;  248.350;    0.000
349.542; 1408.850;  259.350;    0.000
349.598; 1421.850;  208.350;    0.000
349.654; 1513.850;  242.350;    0.000
349.710; 1443.850;  246.350;    0.000
349.766; 1383.850;  226.350;    0.000
349.821; 1390.850;  227.350;    0.000
349.877; 1419.850;  226.350;    0.000
349.933; 1459.850;  249.350;    0.000
349.989; 1438.850;  263.350;    0.000
350.045; 1376.850;  267.350;    0.000
350.100; 1395.850;  219.350;    0.000
350.156; 1392.850;  207.350;    0.000
350.212; 1370.850;  230.350;    0.000
350.268; 1341.850;  223.350;    0.000
350.323; 1406.850;  217.350;    0.000
350.379; 1336.850;  227.350;    0.000
350.435; 1364.850;  219.350;    0.000
350.491; 1397.850;  195.350;    0.000
350.546; 1353.850;  229.350;    0.000
350.602; 1405.850;  222.350;    0.000
350.658; 1370.850;  225.350;    0.000
350.713; 1308.850;  231.350;    0.000
350.769; 1325.850;  193.350;    0.000
350.825; 1375.850;  182.350;    0.000
350.880; 1399.850;  193.350;    0.000
350.936; 1419.850;  222.350;    0.000
350.992; 1334.850;  217.350;    0.000
351.047; 1387.850;  226.350;    0.000
351.103; 1316.850;  187.350;    0.000
351.158; 1372.850;  212.350;    0.000
351.214; 1376.850;  207.350;    0.000
351.270; 1295.850;  194.350;    0.000
351.325; 1332.850;  213.350;    0.000
351.381; 1358.850;  223.350;    0.000
351.436; 1418.850;  222.350;    0.000
351.492; 1510.850;  219.350;    0.000
351.547; 1454.850;  205.350;    0.000
351.603; 1446.850;  218.350;    0.000
351.658; 1469.850;  199.350;    0.000
351.714; 1447.850;  201.350;    0.000
351.769; 1477.850;  209.350;    0.000
351.825; 1457.850;  226.350;    0.000
351.880; 1435.850;  189.350;    0.000
351.936; 1405.850;  201.350;    0.000
351.991; 1444.850;  220.350;    0.000
352.047; 1461.850;  232.350;    0.000
352.102; 1399.850;  185.350;    0.000
352.158; 1434.850;  228.350;    0.000
352.213; 1373.850;  204.350;    0.000
352.268; 1432.850;  220.350;    0.000
352.324; 1311.850;  206.350;    0.000
352.379; 1418.850;  182.350;    0.000
352.434; 1427.850;  214.350;    0.000
352.490; 1319.850;  250.350;    0.000
352.545; 1516.850;  290.350;    0.000
352.601; 1430.850;  247.350;    0.000
352.656; 1405.850;  203.350;    0.000
352.711; 1434.850;  197.350;    0.000
352.767; 1372.850;  169.350;    0.000
352.822; 1392.850;  191.350;    0.000
352.877; 1327.850;  235.350;    0.000
352.932; 1393.850;  231.350;    0.000
352.988; 1375.850;  224.350;    0.000
353.043; 1424.850;  226.350;    0.000
353.098; 1396.850;  227.350;    0.000
353.153; 1428.850;  239.350;    0.000
353.209; 1349.850;  217.350;    0.000
353.264; 1346.850;  198.350;    0.000
353.319; 1326.850;  247.350;    0.000
353.374; 1338.850;  199.350;    0.000
353.430; 1408.850;  247.350;    0.000
353.485; 1355.850;  242.350;    0.000
353.540; 1373.850;  237.350;    0.000
353.595; 1331.850;  233.350;    0.000
353.650; 1367.850;  221.350;    0.000
353.705; 1356.850;  259.350;    0.000
353.761; 1354.850;  223.350;    0.000
353.816; 1345.850;  234.350;    0.000
353.871; 1330.850;  226.350;    0.000
353.926; 1294.850;  232.350;    0.000
353.981; 1414.850;  245.350;    0.000
354.036; 1393.850;  247.350;    0.000
354.091; 1353.850;  233.350;    0.000
354.146; 1337.850;  253.350;    0.000
354.201; 1343.850;  236.350;    0.000
354.256; 1427.850;  210.350;    0.000
354.311; 1441.850;  279.350;    0.000
354.367; 1387.850;  208.350;    0.000
354.422; 1333.850;  228.350;    0.000
354.477; 1406.850;  202.350;    0.000
354.532; 1430.850;  215.350;    0.000
354.587; 1391.850;  249.350;    0.000
354.642; 1402.850;  206.350;    0.000
354.697; 1413.850;  226.350;    0.000
354.751; 1451.850;  241.350;    0.000
354.806; 1363.850;  249.350;    0.000
354.861; 1436.850;  216.350;    0.000
354.916; 1417.850;  249.350;    0.000
354.971; 1393.850;  217.350;    0.000
355.026; 1378.850;  236.350;    0.000
355.081; 1322.850;  242.350;    0.000
355.136; 1336.850;  216.350;    0.000
355.191; 1339.850;  216.350;    0.000
355.246; 1347.850;  258.350;    0.000
355.301; 1395.850;  250.350;    0.000
355.355; 1327.850;  251.350;    0.000
355.410; 1366.850;  216.350;    0.000
355.465; 1354.850;  224.350;    0.000
355.520; 1384.850;  221.350;    0.000
355.575; 1360.850;  255.350;    0.000
355.630; 1394.850;  225.350;    0.000
355.684; 1347.850;  210.350;    0.000
355.739; 1333.850;  232.350;    0.000
355.794; 1370.850;  202.350;    0.000
355.849; 1396.850;  211.350;    0.000
355.904; 1435.850;  226.350;    0.000
355.958; 1312.850;  191.350;    0.000
356.013; 1369.850;  208.350;    0.000
356.068; 1301.850;  229.350;    0.000
356.123; 1398.850;  243.350;    0.000
356.177; 1426.850;  227.350;    0.000
356.232; 1378.850;  243.350;    0.000
356.287; 1407.850;  216.350;    0.000
356.341; 1373.850;  242.350;    0.000
356.396; 1345.850;  175.350;    0.000
356.451; 1381.850;  271.350;    0.000
356.505; 1395.850;  225.350;    0.000
356.560; 1352.850;  260.350;    0.000
356.615; 1373.850;  213.350;    0.000
356.669; 1361.850;  213.350;    0.000
356.724; 1371.850;  221.350;    0.000
356.778; 1414.850;  232.350;    0.000
356.833; 1364.850;  178.350;    0.000
356.888; 1383.850;  236.350;    0.000
356.942; 1377.850;  224.350;    0.000
356.997; 1432.850;  228.350;    0.000
357.051; 1391.850;  226.350;    0.000
357.106; 1362.850;  185.350;    0.000
357.160; 1294.850;  202.350;    0.000
357.215; 1353.850;  232.350;    0.000
357.269; 1378.850;  224.350;    0.000
357.324; 1378.850;  219.350;    0.000
357.378; 1339.850;  196.350;    0.000
357.433; 1327.850;  241.350;    0.000
357.487; 1393.850;  244.350;    0.000
357.542; 1363.850;  210.350;    0.000
357.596; 1427.850;  231.350;    0.000
357.651; 1422.850;  248.350;    0.000
357.705; 1362.850;  232.350;    0.000
357.760; 1337.850;  224.350;    0.000
357.814; 1360.850;  221.350;    0.000
357.868; 1282.850;  207.350;    0.000
357.923; 1327.850;  234.350;    0.000
357.977; 1295.850;  218.350;    0.000
358.032; 1401.850;  244.350;    0.000
358.086; 1416.850;  246.350;    0.000
358.140; 1311.850;  235.350;    0.000
358.195; 1344.850;  237.350;    0.000
358.249; 1308.850;  233.350;    0.000
358.303; 1319.850;  254.350;    0.000
358.358; 1410.850;  217.350;    0.000
358.412; 1330.850;  245.350;    0.000
358.466; 1296.850;  230.350;    0.000
358.521; 1288.850;  214.350;    0.000
358.575; 1386.850;  243.350;    0.000
358.629; 1361.850;  230.350;    0.000
358.683; 1247.850;  232.350;    0.000
358.738; 1312.850;  249.350;    0.000
358.792; 1324.850;  249.350;    0.000
358.846; 1319.850;  271.350;    0.000
358.900; 1305.850;  265.350;    0.000
358.954; 1302.850;  236.350;    0.000
359.009; 1402.850;  254.350;    0.000
359.063; 1380.850;  216.350;    0.000
359.117; 1358.850;  245.350;    0.000
359.171; 1347.850;  252.350;    0.000
359.225; 1331.850;  240.350;    0.000
359.280; 1359.850;  239.350;    0.000
359.334; 1352.850;  234.350;    0.000
359.388; 1421.850;  258.350;    0.000
359.442; 1300.850;  220.350;    0.000
359.496; 1304.850;  206.350;    0.000
359.550; 1318.850;  279.350;    0.000
359.604; 1394.850;  263.350;    0.000
359.658; 1339.850;  251.350;    0.000
359.712; 1354.850;  244.350;    0.000
359.766; 1304.850;  217.350;    0.000
359.820; 1389.850;  235.350;    0.000
359.875; 1323.850;  249.350;    0.000
359.929; 1366.850;  269.350;    0.000
359.983; 1305.850;  240.350;    0.000
360.037; 1292.850;  252.350;    0.000
360.091; 1333.850;  271.350;    0.000
360.145; 1270.850;  222.350;    0.000
360.199; 1369.850;  302.350;    0.000
360.253; 1349.850;  234.350;    0.000
360.306; 1316.850;  258.350;    0.000
360.360; 1305.850;  249.350;    0.000
360.414; 1367.850;  231.350;    0.000
360.468; 1313.850;  261.350;    0.000
360.522; 1343.850;  277.350;    0.000
360.576; 1362.850;  273.350;    0.000
360.630; 1351.850;  264.350;    0.000
360.684; 1348.850;  223.350;    0.000
360.738; 1307.850;  266.350;    0.000
360.792; 1334.850;  252.350;    0.000
360.846; 1375.850;  234.350;    0.000
360.899; 1376.850;  296.350;    0.000
360.953; 1302.850;  273.350;    0.000
361.007; 1302.850;  251.350;    0.000
361.061; 1325.850;  250.350;    0.000
361.115; 1358.850;  267.350;    0.000
361.168; 1316.850;  308.350;    0.000
361.222; 1403.850;  246.350;    0.000
361.276; 1347.850;  261.350;    0.000
361.330; 1323.850;  233.350;    0.000
361.384; 1341.850;  269.350;    0.000
361.437; 1276.850;  270.350;    0.000
361.491; 1394.850;  263.350;    0.000
361.545; 1292.850;  288.350;    0.000
361.599; 1270.850;  270.350;    0.000
361.652; 1349.850;  256.350;    0.000
361.706; 1294.850;  263.350;    0.000
361.760; 1285.850;  237.350;    0.000
361.813; 1342.850;  278.350;    0.000
361.867; 1319.850;  317.350;    0.000
361.921; 1301.850;  260.350;    0.000
361.974; 1381.850;  239.350;    0.000
362.028; 1351.850;  266.350;    0.000
362.082; 1259.850;  269.350;    0.000
362.135; 1328.850;  262.350;    0.000
362.189; 1281.850;  258.350;    0.000
362.242; 1309.850;  273.350;    0.000
362.296; 1340.850;  261.350;    0.000
362.350; 1322.850;  272.350;    0.000
362.403; 1262.850;  291.350;    0.000
362.457; 1337.850;  253.350;    0.000
362.510; 1323.850;  266.350;    0.000
362.564; 1266.850;  260.350;    0.000
362.617; 1259.850;  280.350;    0.000
362.671; 1313.850;  281.350;    0.000
362.724; 1293.850;  234.350;    0.000
362.778; 1278.850;  311.350;    0.000
362.831; 1351.850;  276.350;    0.000
362.885; 1322.850;  288.350;    0.000
362.938; 1243.850;  284.350;    0.000
362.992;  291.850;  245.350;    0.000
363.045;  305.850;  277.350;    0.000
363.099;  284.850;  246.350;    0.000
363.152;  271.850;  290.350;    0.000
363.205;  252.850;  256.350;    0.000
363.259;  262.850;  238.350;    0.000
363.312;  289.850;  290.350;    0.000
363.366;  298.850;  287.350;    0.000
363.419;  278.850;  279.350;    0.000
363.472;  288.850;  304.350;    0.000
363.526;  303.850;  305.350;    0.000
363.579;  295.850;  281.350;    0.000
363.632;  285.850;  279.350;    0.000
363.686;  293.850;  277.350;    0.000
363.739;  236.850;  268.350;    0.000
363.792;  278.850;  274.350;    0.000

